246 246 246 246 246 247 247 247 246 246 246 246 246 246 246 246 246 246 247 247 247 247 247 247 247 249 249 249 249 249 249 249 250 250 249 249 249 250 245 246 246 246 246 246 246 246 246 246 246 247 247 247 247 247 247 247 247 247 247 247 247 249 249 249 249 249 249 249 249 250 250 250 249 249 249 250 250 250 246 246 246 246 246 246 246 246 246 246 246 247 247 247 247 247 247 247 247 247 247 247 247 247 248 249 249 249 249 249 249 249 249 250 250 250 250 250 250 249 249 249 250 250 250 250 250 250 251 251 245 245 245 246 246 246 246 246 246 246 246 246 246 247 247 247 247 247 247 247 247 247 247 247 247 247 248 248 248 248 248 249 249 249 249 249 249 249 249 249 249 249 250 250 250 250 250 250 250 249 249 249 250 250 250 250 250 250 250 250 250 250 251 251 251 251 251 251 251 251 245 246 246 246 246 246 246 246 246 246 246 246 247 247 247 247 247 247 247 247 247 247 247 247 247 248 248 248 248 248 248 248 248 248 248 249 249 249 249 249 249 249 249 249 249 249 250 250 250 250 250 250 250 250 250 249 250 250 250 250 250 250 250 250 250 250 250 250 251 251 251 251 251 251 251 251 251 251 251 251 246 246 246 246 246 246 246 246 246 246 247 247 247 247 247 247 247 247 247 247 247 247 247 248 248 248 248 248 248 248 248 248 248 248 248 249 249 249 249 249 249 249 249 249 249 249 249 249 250 250 250 250 250 250 250 250 250 250 250 250 250 250 250 250 250 250 250 250 250 251 251 251 251 251 251 251 251 251 251 251 251 252 252 252 252 252 246 246 246 246 246 246 246 247 247 247 247 247 247 247 247 247 247 247 247 247 248 248 248 248 248 248 248 248 248 248 248 248 248 249 249 249 249 249 249 249 249 249 249 249 249 250 250 250 250 250 250 250 250 250 250 250 250 250 250 250 250 250 250 250 250 250 251 251 251 251 251 251 251 251 251 251 251 251 251 252 252 252 252 252 252 252 252 246 246 246 246 246 246 246 246 246 247 247 247 247 247 247 247 247 247 247 247 247 248 248 248 248 248 248 248 248 248 248 248 248 249 249 249 249 249 249 249 249 249 249 249 249 250 250 250 250 250 250 250 250 250 250 250 250 251 251 250 250 250 250 250 250 250 251 251 251 251 251 251 251 251 251 251 251 251 251 252 252 252 252 252 252 252 252 252 252 252 252 253 246 246 246 246 246 246 246 246 246 246 247 247 247 247 247 247 247 247 247 247 247 248 248 248 248 248 248 248 248 248 248 248 248 248 249 249 249 249 249 249 249 249 249 249 249 249 250 250 250 250 250 250 250 250 250 250 250 250 251 251 251 250 250 250 250 250 250 251 251 251 251 251 251 251 251 251 251 251 251 252 252 252 252 252 252 252 252 252 252 252 252 252 253 246 246 246 246 246 246 246 246 246 246 246 247 247 247 247 247 247 247 247 247 247 247 248 248 248 248 248 248 248 248 248 248 248 248 248 249 249 249 249 249 249 249 249 249 249 249 250 250 250 250 250 250 250 250 250 250 250 250 250 250 251 251 251 251 250 250 250 250 251 251 251 251 251 251 251 251 251 251 251 251 251 252 252 252 252 252 252 252 252 252 252 252 252 253 253 253 253 253 246 246 246 246 246 246 246 246 246 246 247 247 247 247 247 247 247 247 247 247 247 248 248 248 248 248 248 248 248 248 248 248 248 249 249 249 249 249 249 249 249 249 249 249 249 250 250 250 250 250 250 250 250 250 250 250 250 250 251 251 251 251 251 251 250 250 251 251 251 251 251 251 251 251 251 251 251 251 252 252 252 252 252 252 252 252 252 252 252 252 252 253 253 253 253 253 253 253 253 253 246 246 246 246 246 246 246 246 246 246 247 247 247 247 247 247 247 247 247 247 248 248 248 248 248 248 248 248 248 248 248 248 249 249 249 249 249 249 249 249 249 249 249 249 249 250 250 250 250 250 250 250 250 250 250 250 250 251 251 251 251 251 251 251 251 251 251 251 251 251 251 251 251 251 251 251 251 251 252 252 252 252 252 252 252 252 252 252 252 252 252 253 253 253 253 253 253 253 253 253 253 253 246 246 246 246 246 246 246 246 246 246 247 247 247 247 247 247 247 247 247 247 248 248 248 248 248 248 248 248 248 248 248 248 249 249 249 249 249 249 249 249 249 249 249 249 250 250 250 250 250 250 250 250 250 250 250 250 250 251 251 251 251 251 251 251 251 251 251 251 251 251 251 251 251 251 251 251 251 252 252 252 252 252 252 252 252 252 252 252 252 252 253 253 253 253 253 253 253 253 253 253 253 253 254 246 246 246 246 246 246 246 246 246 246 247 247 247 247 247 247 247 247 247 247 247 248 248 248 248 248 248 248 248 248 248 248 248 249 249 249 249 249 249 249 249 249 249 249 250 250 250 250 250 250 250 250 250 250 250 250 250 251 251 251 251 251 251 251 251 251 251 251 251 251 251 251 251 251 251 251 251 251 252 252 252 252 252 252 252 252 252 252 252 252 253 253 253 253 253 253 253 253 253 253 253 253 254 254 254 254 254 246 246 246 246 246 246 246 246 246 246 247 247 247 247 247 247 247 247 247 247 248 248 248 248 248 248 248 248 248 248 248 248 249 249 249 249 249 249 249 249 249 249 249 249 250 250 250 250 250 250 250 250 250 250 250 250 251 251 251 251 251 251 251 251 251 251 251 251 252 251 251 251 251 251 251 251 251 252 252 252 252 252 252 252 252 252 252 252 252 253 253 253 253 253 253 253 253 253 253 253 253 254 254 254 254 254 254 254 254 245 245 245 246 246 246 246 246 246 246 246 246 246 247 247 247 247 247 247 247 247 247 247 248 248 248 248 248 248 248 248 248 248 248 248 249 249 249 249 249 249 249 249 249 249 249 250 250 250 250 250 250 250 250 250 250 250 250 250 251 251 251 251 251 251 251 251 251 251 251 251 252 252 251 251 251 251 251 251 251 252 252 252 252 252 252 252 252 252 252 252 253 253 253 253 253 253 253 253 253 253 253 253 253 254 254 254 254 254 254 254 254 254 254 243 243 243 245 245 245 245 245 245 246 246 246 246 246 246 246 246 246 246 246 246 247 247 247 247 247 247 247 247 247 247 247 248 248 248 248 248 248 248 248 248 248 249 249 249 249 249 249 249 249 249 249 249 249 250 250 250 250 250 250 250 250 250 250 250 250 251 251 251 251 251 251 251 251 251 251 251 251 252 252 252 252 251 251 251 251 251 252 252 252 252 252 252 252 252 252 252 252 252 253 253 253 253 253 253 253 253 253 253 253 253 254 254 254 254 254 254 254 254 254 254 254 254 243 243 243 243 243 243 245 245 245 245 245 245 245 245 246 246 246 246 246 246 246 246 246 246 246 246 247 247 247 247 247 247 247 247 247 247 247 248 248 248 248 248 248 248 248 248 248 249 249 249 249 249 249 249 249 249 249 249 249 250 250 250 250 250 250 250 250 250 250 250 250 251 251 251 251 251 251 251 251 251 251 251 251 252 252 252 252 252 251 251 251 251 252 252 252 252 252 252 252 252 252 252 252 253 253 253 253 253 253 253 253 253 253 253 253 253 254 254 254 254 254 254 254 254 254 254 254 255 255 243 243 243 243 243 243 243 245 245 245 245 245 245 245 245 245 245 246 246 246 246 246 246 246 246 246 246 246 247 247 247 247 247 247 247 247 247 247 247 247 248 248 248 248 248 248 248 248 248 248 249 249 249 249 249 249 249 249 249 249 249 250 250 250 250 250 250 250 250 250 250 250 250 251 251 251 251 251 251 251 251 251 251 251 251 251 252 252 252 252 252 252 251 251 252 252 252 252 252 252 252 252 252 252 252 253 253 253 253 253 253 253 253 253 253 253 253 253 254 254 254 254 254 254 254 254 254 254 254 255 255 255 255 255 243 243 243 243 243 243 243 243 245 245 245 245 245 245 245 245 245 245 246 246 246 246 246 246 246 246 246 246 246 247 247 247 247 247 247 247 247 247 247 247 247 248 248 248 248 248 248 248 248 248 248 249 249 249 249 249 249 249 249 249 249 249 250 250 250 250 250 250 250 250 250 250 250 250 251 251 251 251 251 251 251 251 251 251 251 251 251 252 252 252 252 252 252 252 252 252 252 252 252 252 252 252 252 252 252 253 253 253 253 253 253 253 253 253 253 253 253 253 254 254 254 254 254 254 254 254 254 254 254 254 255 255 255 255 255 255 255 243 243 243 243 243 243 243 243 243 243 245 245 245 245 245 245 245 245 246 246 246 246 246 246 246 246 246 246 246 247 247 247 247 247 247 247 247 247 247 247 248 248 248 248 248 248 248 248 248 248 248 249 249 249 249 249 249 249 249 249 249 249 250 250 250 250 250 250 250 250 250 250 250 251 251 251 251 251 251 251 251 251 251 251 251 251 252 252 252 252 252 252 252 252 252 252 252 252 252 252 252 252 252 252 252 253 253 253 253 253 253 253 253 253 253 253 254 254 254 254 254 254 254 254 254 254 254 254 254 255 255 255 255 255 255 255 255 243 243 243 243 243 243 243 243 243 243 244 244 244 244 244 244 244 245 245 245 245 245 245 245 245 245 246 246 246 246 246 246 246 246 246 246 246 247 247 247 247 247 247 247 247 247 247 247 248 248 248 248 248 248 248 248 248 248 248 249 249 249 249 249 249 249 249 249 249 249 250 250 250 250 250 250 250 250 250 250 250 251 251 251 251 251 251 251 251 251 251 251 251 252 252 252 252 252 252 252 252 252 252 252 252 252 252 252 252 252 252 252 252 253 253 253 253 253 253 253 253 253 253 253 254 254 254 254 254 254 254 254 254 254 254 254 255 255 255 255 255 255 255 255 255 255 255 243 243 243 243 243 243 243 243 244 244 244 244 244 244 244 244 244 244 244 244 244 245 245 245 245 245 245 245 245 245 245 246 246 246 246 246 246 246 246 246 246 246 246 247 247 247 247 247 247 247 247 247 247 247 248 248 248 248 248 248 248 248 248 248 249 249 249 249 249 249 249 249 249 249 249 250 250 250 250 250 250 250 250 250 250 250 250 251 251 251 251 251 251 251 251 251 251 251 252 252 252 252 252 252 252 252 252 252 252 252 252 252 252 252 252 252 252 252 253 253 253 253 253 253 253 253 253 253 253 254 254 254 254 254 254 254 254 254 254 254 254 254 255 255 255 255 255 255 255 255 255 255 255 255 256 243 243 243 243 243 243 243 244 244 244 244 244 244 244 244 244 244 244 244 244 245 245 245 245 245 245 245 245 245 245 246 246 246 246 246 246 246 246 246 246 246 247 247 247 247 247 247 247 247 247 247 247 247 248 248 248 248 248 248 248 248 248 248 249 249 249 249 249 249 249 249 249 249 249 250 250 250 250 250 250 250 250 250 250 250 251 251 251 251 251 251 251 251 251 251 251 251 252 252 252 252 252 252 252 252 252 252 252 252 252 253 252 252 252 252 252 252 253 253 253 253 253 253 253 253 253 253 253 254 254 254 254 254 254 254 254 254 254 254 254 255 255 255 255 255 255 255 255 255 255 255 255 256 256 256 256 256 243 243 243 243 243 243 244 244 244 244 244 244 244 244 244 244 244 244 244 245 245 245 245 245 245 245 245 245 245 246 246 246 246 246 246 246 246 246 246 246 247 247 247 247 247 247 247 247 247 247 247 247 248 248 248 248 248 248 248 248 248 248 249 249 249 249 249 249 249 249 249 249 249 250 250 250 250 250 250 250 250 250 250 250 251 251 251 251 251 251 251 251 251 251 251 252 252 252 252 252 252 252 252 252 252 252 252 252 253 253 253 252 252 252 252 253 253 253 253 253 253 253 253 253 253 253 254 254 254 254 254 254 254 254 254 254 254 254 255 255 255 255 255 255 255 255 255 255 255 255 256 256 256 256 256 256 256 256 256 242 243 243 243 243 243 243 243 243 243 243 243 244 244 244 244 244 244 244 244 244 244 244 244 244 245 245 245 245 245 245 245 245 245 245 245 246 246 246 246 246 246 246 246 246 246 247 247 247 247 247 247 247 247 247 247 247 247 248 248 248 248 248 248 248 248 248 248 249 249 249 249 249 249 249 249 249 249 249 250 250 250 250 250 250 250 250 250 250 250 251 251 251 251 251 251 251 251 251 251 251 252 252 252 252 252 252 252 252 252 252 252 252 253 253 253 253 253 252 252 252 252 253 253 253 253 253 253 253 253 253 253 254 254 254 254 254 254 254 254 254 254 254 255 255 255 255 255 255 255 255 255 255 255 255 255 256 256 256 256 256 256 256 256 256 256 256 256 257 257 257 257 257 257 242 242 243 243 243 243 243 243 243 243 243 243 243 244 244 244 244 244 244 244 244 244 244 244 244 244 245 245 245 245 245 245 245 245 245 245 245 246 246 246 246 246 246 246 246 246 246 247 247 247 247 247 247 247 247 247 247 247 248 248 248 248 248 248 248 248 248 248 248 248 249 249 249 249 249 249 249 249 249 250 250 250 250 250 250 250 250 250 250 250 250 251 251 251 251 251 251 251 251 251 251 251 252 252 252 252 252 252 252 252 252 252 252 253 253 253 253 253 253 253 252 252 252 253 253 253 253 253 253 253 253 253 253 254 254 254 254 254 254 254 254 254 254 254 255 255 255 255 255 255 255 255 255 255 255 255 256 256 256 256 256 256 256 256 256 256 256 256 257 257 257 257 257 257 257 258 258 258 242 243 243 243 243 243 243 243 243 243 243 243 244 244 244 244 244 244 244 244 244 244 244 244 244 244 245 245 245 245 245 245 245 245 245 245 246 246 246 246 246 246 246 246 246 246 247 247 247 247 247 247 247 247 247 247 247 248 248 248 248 248 248 248 248 248 248 248 249 249 249 249 249 249 249 249 249 249 250 250 250 250 250 250 250 250 250 250 250 250 251 251 251 251 251 251 251 251 251 251 252 252 252 252 252 252 252 252 252 252 252 252 253 253 253 253 253 253 253 253 253 253 253 253 253 253 253 253 253 253 253 254 254 254 254 254 254 254 254 254 254 254 254 255 255 255 255 255 255 255 255 255 255 255 256 256 256 256 256 256 256 256 256 256 256 256 257 257 257 257 257 257 257 258 258 258 258 258 242 243 243 243 243 243 243 243 243 243 243 244 244 244 244 244 244 244 244 244 244 244 244 244 244 245 245 245 245 245 245 245 245 245 246 246 246 246 246 246 246 246 246 246 246 247 247 247 247 247 247 247 247 247 247 247 248 248 248 248 248 248 248 248 248 248 248 249 249 249 249 249 249 249 249 249 249 250 250 250 250 250 250 250 250 250 250 250 250 251 251 251 251 251 251 251 251 251 251 252 252 252 252 252 252 252 252 252 252 252 252 253 253 253 253 253 253 253 253 253 253 253 253 253 253 253 253 253 253 254 254 254 254 254 254 254 254 254 254 254 254 255 255 255 255 255 255 255 255 255 255 255 255 256 256 256 256 256 256 256 256 256 256 256 256 257 257 257 257 257 257 257 258 258 258 258 258 258 258 241 241 242 242 242 242 242 243 243 243 243 243 243 243 243 243 243 244 244 244 244 244 244 244 244 244 244 244 244 244 245 245 245 245 245 245 245 245 245 246 246 246 246 246 246 246 246 246 246 246 247 247 247 247 247 247 247 247 247 247 247 248 248 248 248 248 248 248 248 248 248 248 249 249 249 249 249 249 249 249 249 249 250 250 250 250 250 250 250 250 250 250 250 251 251 251 251 251 251 251 251 251 251 252 252 252 252 252 252 252 252 252 252 252 252 253 253 253 253 253 253 253 253 253 253 253 253 253 253 253 253 253 253 253 254 254 254 254 254 254 254 254 254 254 254 254 255 255 255 255 255 255 255 255 255 255 255 255 256 256 256 256 256 256 256 256 256 256 256 257 257 257 257 257 257 257 258 258 258 258 258 258 258 258 258 241 241 241 241 242 242 242 242 242 242 242 242 242 243 243 243 243 243 243 243 243 243 243 243 244 244 244 244 244 244 244 244 244 244 244 244 244 245 245 245 245 245 245 245 245 245 246 246 246 246 246 246 246 246 246 246 246 247 247 247 247 247 247 247 247 247 247 247 248 248 248 248 248 248 248 248 248 248 248 249 249 249 249 249 249 249 249 249 249 250 250 250 250 250 250 250 250 250 250 250 251 251 251 251 251 251 251 251 251 251 251 252 252 252 252 252 252 252 252 252 252 253 253 253 253 253 253 253 253 253 253 253 253 253 253 253 253 253 253 253 254 254 254 254 254 254 254 254 254 254 254 254 255 255 255 255 255 255 255 255 255 255 255 255 256 256 256 256 256 256 256 256 256 256 256 256 257 257 257 257 257 257 257 257 258 258 258 258 258 258 258 258 258 258 241 241 241 241 241 241 242 242 242 242 242 242 242 242 242 242 243 243 243 243 243 243 243 243 243 244 244 244 244 244 244 244 244 244 244 244 244 244 244 245 245 245 245 245 245 245 245 245 246 246 246 246 246 246 246 246 246 246 246 247 247 247 247 247 247 247 247 247 247 247 248 248 248 248 248 248 248 248 248 248 248 249 249 249 249 249 249 249 249 249 249 250 250 250 250 250 250 250 250 250 250 250 251 251 251 251 251 251 251 251 251 251 251 252 252 252 252 252 252 252 252 252 252 253 253 253 253 253 253 253 253 253 253 253 253 254 254 253 253 253 253 253 254 254 254 254 254 254 254 254 254 254 254 254 255 255 255 255 255 255 255 255 255 255 255 255 256 256 256 256 256 256 256 256 256 256 256 257 257 257 257 257 257 257 257 257 257 258 258 258 258 258 258 258 258 258 259 241 241 241 241 241 241 241 241 241 242 242 242 242 242 242 242 242 242 242 243 243 243 243 243 243 243 243 243 243 244 244 244 244 244 244 244 244 244 244 244 244 244 245 245 245 245 245 245 245 245 245 246 246 246 246 246 246 246 246 246 246 246 247 247 247 247 247 247 247 247 247 247 247 248 248 248 248 248 248 248 248 248 248 248 249 249 249 249 249 249 249 249 249 249 250 250 250 250 250 250 250 250 250 250 250 251 251 251 251 251 251 251 251 251 251 251 252 252 252 252 252 252 252 252 252 252 252 253 253 253 253 253 253 253 253 253 253 253 254 254 254 253 253 253 253 254 254 254 254 254 254 254 254 254 254 254 255 255 255 255 255 255 255 255 255 255 255 255 256 256 256 256 256 256 256 256 256 256 256 257 257 257 257 257 257 257 257 257 257 257 257 258 258 258 258 258 258 258 259 259 259 259 259 259 259 241 241 241 241 241 241 241 241 242 242 242 242 242 242 242 242 242 242 243 243 243 243 243 243 243 243 243 243 244 244 244 244 244 244 244 244 244 244 244 245 245 245 245 245 245 245 245 245 245 245 245 246 246 246 246 246 246 246 246 246 246 246 247 247 247 247 247 247 247 247 247 247 248 248 248 248 248 248 248 248 248 248 248 249 249 249 249 249 249 249 249 249 249 249 250 250 250 250 250 250 250 250 250 250 251 251 251 251 251 251 251 251 251 251 251 252 252 252 252 252 252 252 252 252 252 253 253 253 253 253 253 253 253 253 253 253 253 254 254 254 254 253 253 253 254 254 254 254 254 254 254 254 254 254 254 255 255 255 255 255 255 255 255 255 255 255 255 256 256 256 256 256 256 256 256 256 256 256 257 257 257 257 257 257 257 257 257 257 257 257 258 258 258 258 258 258 258 259 259 259 259 259 259 259 259 259 260 260 241 241 241 241 241 241 241 242 242 242 242 242 242 242 242 242 242 243 243 243 243 243 243 243 243 243 243 244 244 244 244 244 244 244 244 244 244 244 245 245 245 245 245 245 245 245 245 245 245 245 246 246 246 246 246 246 246 246 246 246 246 247 247 247 247 247 247 247 247 247 247 248 248 248 248 248 248 248 248 248 248 248 249 249 249 249 249 249 249 249 249 249 249 250 250 250 250 250 250 250 250 250 251 251 251 251 251 251 251 251 251 251 251 251 252 252 252 252 252 252 252 252 252 252 253 253 253 253 253 253 253 253 253 253 253 254 254 254 254 254 254 253 254 254 254 254 254 254 254 254 254 254 254 255 255 255 255 255 255 255 255 255 255 255 255 256 256 256 256 256 256 256 256 256 256 256 257 257 257 257 257 257 257 257 257 257 257 257 258 258 258 258 258 258 258 259 259 259 259 259 259 259 259 259 259 259 259 260 260 260 241 241 241 241 241 241 242 242 242 242 242 242 242 242 242 242 243 243 243 243 243 243 243 243 243 243 244 244 244 244 244 244 244 244 244 244 244 245 245 245 245 245 245 245 245 245 245 245 245 246 246 246 246 246 246 246 246 246 247 247 247 247 247 247 247 247 247 247 247 248 248 248 248 248 248 248 248 248 248 248 249 249 249 249 249 249 249 249 249 249 250 250 250 250 250 250 250 250 250 250 251 251 251 251 251 251 251 251 251 251 251 252 252 252 252 252 252 252 252 252 252 252 253 253 253 253 253 253 253 253 253 253 253 254 254 254 254 254 254 254 254 254 254 254 254 254 254 254 254 254 255 255 255 255 255 255 255 255 255 255 255 255 256 256 256 256 256 256 256 256 256 256 256 256 257 257 257 257 257 257 257 257 257 257 257 258 258 258 258 258 258 258 258 259 259 259 259 259 259 259 259 259 259 259 260 260 260 260 260 241 241 241 241 241 242 242 242 242 242 242 242 242 242 242 243 243 243 243 243 243 243 243 243 243 244 244 244 244 244 244 244 244 244 244 245 245 245 245 245 245 245 245 245 245 245 245 245 246 246 246 246 246 246 246 246 246 246 247 247 247 247 247 247 247 247 247 247 248 248 248 248 248 248 248 248 248 248 248 249 249 249 249 249 249 249 249 249 249 249 250 250 250 250 250 250 250 250 250 251 251 251 251 251 251 251 251 251 251 251 252 252 252 252 252 252 252 252 252 252 252 253 253 253 253 253 253 253 253 253 253 253 254 254 254 254 254 254 254 254 254 254 254 254 254 254 254 254 254 255 255 255 255 255 255 255 255 255 255 255 255 256 256 256 256 256 256 256 256 256 256 256 257 257 257 257 257 257 257 257 257 257 257 257 258 258 258 258 258 258 258 259 259 259 259 259 259 259 259 259 259 259 259 260 260 260 260 260 260 260 241 241 241 242 242 242 242 242 242 242 242 242 243 243 243 243 243 243 243 243 243 243 244 244 244 244 244 244 244 244 244 244 244 245 245 245 245 245 245 245 245 245 245 245 245 246 246 246 246 246 246 246 246 246 246 247 247 247 247 247 247 247 247 247 247 248 248 248 248 248 248 248 248 248 248 248 249 249 249 249 249 249 249 249 249 249 249 250 250 250 250 250 250 250 250 250 251 251 251 251 251 251 251 251 251 251 251 252 252 252 252 252 252 252 252 252 252 252 253 253 253 253 253 253 253 253 253 253 253 254 254 254 254 254 254 254 254 254 254 254 254 254 254 254 254 255 255 255 255 255 255 255 255 255 255 255 255 256 256 256 256 256 256 256 256 256 256 256 256 257 257 257 257 257 257 257 257 257 257 257 258 258 258 258 258 258 258 258 259 259 259 259 259 259 259 259 259 259 259 260 260 260 260 260 260 260 260 260 260 260 260 261 241 241 242 242 242 242 242 242 242 242 242 243 243 243 243 243 243 243 243 243 243 244 244 244 244 244 244 244 244 244 244 245 245 245 245 245 245 245 245 245 245 245 245 246 246 246 246 246 246 246 246 246 246 247 247 247 247 247 247 247 247 247 247 248 248 248 248 248 248 248 248 248 248 248 248 249 249 249 249 249 249 249 249 249 249 250 250 250 250 250 250 250 250 250 250 251 251 251 251 251 251 251 251 251 251 252 252 252 252 252 252 252 252 252 252 252 253 253 253 253 253 253 253 253 253 253 254 254 254 254 254 254 254 254 254 254 254 254 254 254 254 254 254 255 255 255 255 255 255 255 255 255 255 255 255 256 256 256 256 256 256 256 256 256 256 256 257 257 257 257 257 257 257 257 257 257 257 257 258 258 258 258 258 258 258 258 258 259 259 259 259 259 259 259 259 259 259 260 260 260 260 260 260 260 260 260 260 260 261 261 261 261 241 242 242 242 242 242 242 242 242 242 243 243 243 243 243 243 243 243 243 243 244 244 244 244 244 244 244 244 244 244 245 245 245 245 245 245 245 245 245 245 245 245 245 246 246 246 246 246 246 246 246 246 247 247 247 247 247 247 247 247 247 247 248 248 248 248 248 248 248 248 248 248 248 248 249 249 249 249 249 249 249 249 249 249 250 250 250 250 250 250 250 250 250 250 251 251 251 251 251 251 251 251 251 251 252 252 252 252 252 252 252 252 252 252 252 253 253 253 253 253 253 253 253 253 253 254 254 254 254 254 254 254 254 254 254 254 254 254 254 254 254 254 255 255 255 255 255 255 255 255 255 255 255 255 256 256 256 256 256 256 256 256 256 256 256 257 257 257 257 257 257 257 257 257 257 257 257 258 258 258 258 258 258 258 258 258 258 259 259 259 259 259 259 259 259 259 260 260 260 260 260 260 260 260 260 260 260 261 261 261 261 261 261 242 242 242 242 242 242 242 242 242 243 243 243 243 243 243 243 243 243 243 244 244 244 244 244 244 244 244 244 244 244 245 245 245 245 245 245 245 245 245 245 245 246 246 246 246 246 246 246 246 246 246 247 247 247 247 247 247 247 247 247 247 247 248 248 248 248 248 248 248 248 248 248 249 249 249 249 249 249 249 249 249 249 249 250 250 250 250 250 250 250 250 250 250 251 251 251 251 251 251 251 251 251 251 252 252 252 252 252 252 252 252 252 252 252 253 253 253 253 253 253 253 253 253 253 254 254 254 254 254 254 254 254 254 254 254 255 255 254 254 254 254 255 255 255 255 255 255 255 255 255 255 255 256 256 256 256 256 256 256 256 256 256 256 256 257 257 257 257 257 257 257 257 257 257 257 257 258 258 258 258 258 258 258 258 258 258 259 259 259 259 259 259 259 259 260 260 260 260 260 260 260 260 260 260 260 261 261 261 261 261 261 261 261 261 261 244 244 244 244 244 244 244 245 245 245 245 245 245 245 245 246 246 246 246 246 246 246 246 247 247 247 247 247 247 247 247 247 248 248 248 248 248 246 246 246 247 247 247 247 247 247 247 247 247 247 248 248 248 248 248 248 248 248 248 248 249 249 249 249 249 249 249 249 249 250 250 250 250 250 250 250 250 250 250 250 251 251 251 251 251 251 251 250 250 250 250 250 250 250 250 251 251 251 251 251 251 251 251 251 251 252 252 252 252 252 252 252 252 252 252 252 252 253 253 253 253 253 253 253 253 253 253 254 254 254 254 254 254 254 254 254 254 254 254 254 254 254 254 255 255 255 255 255 255 255 255 255 255 255 256 256 256 256 256 256 256 256 256 256 256 256 257 257 257 257 257 257 257 257 257 257 257 258 258 258 258 258 258 258 258 258 258 258 258 259 259 259 259 259 259 259 259 259 259 259 259 260 260 260 260 260 260 260 260 260 260 260 260 261 261 261 244 244 244 244 244 244 244 245 245 245 245 245 245 245 245 245 246 246 246 246 246 246 246 246 247 247 247 247 247 247 247 247 247 248 248 248 248 248 246 246 247 247 247 247 247 247 247 247 247 247 248 248 248 248 248 248 248 248 248 248 249 249 249 249 249 249 249 249 249 249 250 250 250 250 250 250 250 250 250 250 250 251 251 251 251 251 251 251 250 250 250 250 250 250 250 250 251 251 251 251 251 251 251 251 251 252 252 252 252 252 252 252 252 252 252 252 252 253 253 253 253 253 253 253 253 253 254 254 254 254 254 254 254 254 254 254 254 254 254 254 254 254 254 255 255 255 255 255 255 255 255 255 255 255 256 256 256 256 256 256 256 256 256 256 256 257 257 257 257 257 257 257 257 257 257 257 257 258 258 258 258 258 258 258 258 258 258 258 258 259 259 259 259 259 259 259 259 259 259 259 259 260 260 260 260 260 260 260 260 260 260 260 261 261 261 261 261 244 244 244 244 244 244 244 245 245 245 245 245 245 245 245 245 246 246 246 246 246 246 246 246 247 247 247 247 247 247 247 247 247 248 248 248 248 248 246 246 247 247 247 247 247 247 247 247 247 247 248 248 248 248 248 248 248 248 248 249 249 249 249 249 249 249 249 249 249 250 250 250 250 250 250 250 250 250 250 250 251 251 251 251 251 251 251 251 250 250 250 250 250 250 251 251 251 251 251 251 251 251 251 251 252 252 252 252 252 252 252 252 252 252 252 253 253 253 253 253 253 253 253 253 253 254 254 254 254 254 254 254 254 254 254 254 255 255 254 254 254 254 255 255 255 255 255 255 255 255 255 255 255 256 256 256 256 256 256 256 256 256 256 256 257 257 257 257 257 257 257 257 257 257 257 258 258 258 258 258 258 258 258 258 258 258 259 259 259 259 259 259 259 259 259 259 259 259 259 260 260 260 260 260 260 260 260 260 260 260 260 261 261 261 261 261 244 244 244 244 244 244 245 245 245 245 245 245 245 245 245 245 246 246 246 246 246 246 246 246 247 247 247 247 247 247 247 247 247 248 248 248 248 248 246 247 247 247 247 247 247 247 247 247 247 247 248 248 248 248 248 248 248 248 249 249 249 249 249 249 249 249 249 249 250 250 250 250 250 250 250 250 250 250 251 251 251 251 251 251 251 251 251 251 250 250 250 250 250 251 251 251 251 251 251 251 251 251 251 252 252 252 252 252 252 252 252 252 252 252 253 253 253 253 253 253 253 253 253 253 254 254 254 254 254 254 254 254 254 254 254 255 255 255 254 254 255 255 255 255 255 255 255 255 255 255 255 256 256 256 256 256 256 256 256 256 256 256 257 257 257 257 257 257 257 257 257 257 257 257 258 258 258 258 258 258 258 258 258 258 258 259 259 259 259 259 259 259 259 259 259 259 259 259 260 260 260 260 260 260 260 260 260 260 260 261 261 261 261 261 261 261 261 244 244 244 244 244 244 245 245 245 245 245 245 245 245 245 246 246 246 246 246 246 246 246 246 247 247 247 247 247 247 247 247 247 248 248 248 248 248 247 247 247 247 247 247 247 247 247 247 247 248 248 248 248 248 248 248 248 248 249 249 249 249 249 249 249 249 249 249 250 250 250 250 250 250 250 250 250 250 251 251 251 251 251 251 251 251 251 251 250 250 250 250 251 251 251 251 251 251 251 251 251 251 252 252 252 252 252 252 252 252 252 252 252 253 253 253 253 253 253 253 253 253 253 254 254 254 254 254 254 254 254 254 254 254 255 255 255 255 255 255 255 255 255 255 255 255 255 255 255 256 256 256 256 256 256 256 256 256 256 256 256 257 257 257 257 257 257 257 257 257 257 257 258 258 258 258 258 258 258 258 258 258 258 259 259 259 259 259 259 259 259 259 259 259 259 259 260 260 260 260 260 260 260 260 260 260 260 260 261 261 261 261 261 261 261 261 261 262 244 244 244 244 244 245 245 245 245 245 245 245 245 245 246 246 246 246 246 246 246 246 246 247 247 247 247 247 247 247 247 247 248 248 248 248 248 247 247 247 247 247 247 247 247 247 247 248 248 248 248 248 248 248 248 248 249 249 249 249 249 249 249 249 249 249 250 250 250 250 250 250 250 250 250 250 251 251 251 251 251 251 251 251 251 251 251 250 250 250 250 251 251 251 251 251 251 251 251 251 252 252 252 252 252 252 252 252 252 252 252 253 253 253 253 253 253 253 253 253 253 254 254 254 254 254 254 254 254 254 254 254 255 255 255 255 255 255 255 255 255 255 255 255 255 255 255 256 256 256 256 256 256 256 256 256 256 256 256 257 257 257 257 257 257 257 257 257 257 257 258 258 258 258 258 258 258 258 258 258 258 259 259 259 259 259 259 259 259 259 259 259 259 259 260 260 260 260 260 260 260 260 260 260 260 261 261 261 261 261 261 261 261 261 261 261 261 262 262 244 244 245 245 245 245 245 245 245 245 245 246 246 246 246 246 246 246 246 247 247 247 247 247 247 247 247 247 248 248 248 248 248 248 247 247 247 247 247 247 247 247 247 248 248 248 248 248 248 248 248 248 248 249 249 249 249 249 249 249 249 249 249 250 250 250 250 250 250 250 250 250 251 251 251 251 251 251 251 251 251 251 251 251 250 250 250 251 251 251 251 251 251 251 251 251 252 252 252 252 252 252 252 252 252 252 252 253 253 253 253 253 253 253 253 253 253 253 254 254 254 254 254 254 254 254 254 255 255 255 255 255 255 255 255 255 255 255 255 255 255 255 255 256 256 256 256 256 256 256 256 256 256 256 256 257 257 257 257 257 257 257 257 257 257 258 258 258 258 258 258 258 258 258 258 258 258 259 259 259 259 259 259 259 259 259 259 259 259 260 260 260 260 260 260 260 260 260 260 260 260 261 261 261 261 261 261 261 261 261 261 261 262 262 262 262 262 263 263 263 244 245 245 245 245 245 245 245 245 245 246 246 246 246 246 246 246 246 247 247 247 247 247 247 247 247 247 248 248 248 248 248 248 247 247 247 247 247 247 247 247 248 248 248 248 248 248 248 248 248 248 248 249 249 249 249 249 249 249 249 249 250 250 250 250 250 250 250 250 250 250 251 251 251 251 251 251 251 251 251 251 251 252 250 250 251 251 251 251 251 251 251 251 251 252 252 252 252 252 252 252 252 252 252 252 253 253 253 253 253 253 253 253 253 253 254 254 254 254 254 254 254 254 254 254 255 255 255 255 255 255 255 255 255 255 255 255 255 255 255 256 256 256 256 256 256 256 256 256 256 256 256 256 257 257 257 257 257 257 257 257 257 257 258 258 258 258 258 258 258 258 258 258 258 259 259 259 259 259 259 259 259 259 259 259 259 259 260 260 260 260 260 260 260 260 260 260 260 261 261 261 261 261 261 261 261 261 261 261 261 262 262 262 262 262 262 263 263 263 263 263 263 244 245 245 245 245 245 245 245 245 245 246 246 246 246 246 246 246 246 247 247 247 247 247 247 247 247 247 248 248 248 248 248 248 247 247 247 247 247 247 247 247 248 248 248 248 248 248 248 248 248 248 248 249 249 249 249 249 249 249 249 250 250 250 250 250 250 250 250 250 250 251 251 251 251 251 251 251 251 251 251 252 252 252 250 250 251 251 251 251 251 251 251 251 252 252 252 252 252 252 252 252 252 252 253 253 253 253 253 253 253 253 253 253 253 254 254 254 254 254 254 254 254 254 254 255 255 255 255 255 255 255 255 255 255 255 255 255 255 255 256 256 256 256 256 256 256 256 256 256 256 256 257 257 257 257 257 257 257 257 257 257 258 258 258 258 258 258 258 258 258 258 258 258 259 259 259 259 259 259 259 259 259 259 259 259 260 260 260 260 260 260 260 260 260 260 260 260 261 261 261 261 261 261 261 261 261 261 261 262 262 262 262 262 262 262 262 263 263 263 263 263 244 245 245 245 245 245 245 245 245 246 246 246 246 246 246 246 246 246 247 247 247 247 247 247 247 247 247 248 248 248 248 248 248 247 247 247 247 247 247 247 248 248 248 248 248 248 248 248 248 248 248 249 249 249 249 249 249 249 249 249 250 250 250 250 250 250 250 250 250 251 251 251 251 251 251 251 251 251 251 251 252 252 252 250 251 251 251 251 251 251 251 251 252 252 252 252 252 252 252 252 252 252 253 253 253 253 253 253 253 253 253 253 254 254 254 254 254 254 254 254 254 254 254 255 255 255 255 255 255 255 255 255 255 255 255 255 255 255 256 256 256 256 256 256 256 256 256 256 256 257 257 257 257 257 257 257 257 257 257 257 258 258 258 258 258 258 258 258 258 258 258 259 259 259 259 259 259 259 259 259 259 259 259 259 260 260 260 260 260 260 260 260 260 260 260 261 261 261 261 261 261 261 261 261 261 261 261 262 262 262 262 262 262 262 262 262 262 263 263 263 263 263 263 263 263 263 263 264 245 245 245 245 245 245 245 245 246 246 246 246 246 246 246 246 246 247 247 247 247 247 247 247 247 248 248 248 248 248 248 248 247 247 247 247 247 247 247 248 248 248 248 248 248 248 248 248 248 248 249 249 249 249 249 249 249 249 249 250 250 250 250 250 250 250 250 250 251 251 251 251 251 251 251 251 251 251 252 252 252 252 251 251 251 251 251 251 251 251 252 252 252 252 252 252 252 252 252 252 253 253 253 253 253 253 253 253 253 253 253 254 254 254 254 254 254 254 254 254 254 255 255 255 255 255 255 255 255 255 255 255 255 255 255 255 256 256 256 256 256 256 256 256 256 256 256 257 257 257 257 257 257 257 257 257 257 257 258 258 258 258 258 258 258 258 258 258 258 259 259 259 259 259 259 259 259 259 259 259 260 260 260 260 260 260 260 260 260 260 260 260 260 261 261 261 261 261 261 261 261 261 261 261 262 262 262 262 262 262 262 262 262 262 262 262 263 263 263 263 263 263 263 263 263 263 263 264 264 245 245 245 245 245 245 245 246 246 246 246 246 246 246 246 246 247 247 247 247 247 247 247 247 247 248 248 248 248 248 248 248 247 247 247 247 247 247 248 248 248 248 248 248 248 248 248 248 249 249 249 249 249 249 249 249 249 249 250 250 250 250 250 250 250 250 250 251 251 251 251 251 251 251 251 251 251 251 252 252 252 252 251 251 251 251 251 251 251 252 252 252 252 252 252 252 252 252 252 253 253 253 253 253 253 253 253 253 253 254 254 254 254 254 254 254 254 254 254 254 255 255 255 255 255 255 255 255 255 255 256 256 255 255 255 256 256 256 256 256 256 256 256 256 256 256 257 257 257 257 257 257 257 257 257 257 257 258 258 258 258 258 258 258 258 258 258 258 259 259 259 259 259 259 259 259 259 259 259 260 260 260 260 260 260 260 260 260 260 260 260 260 261 261 261 261 261 261 261 261 261 261 261 262 262 262 262 262 262 262 262 262 262 262 263 263 263 263 263 263 263 263 263 263 263 263 264 264 245 245 245 245 245 245 245 245 246 246 246 246 246 246 246 246 247 247 247 247 247 247 247 247 247 248 248 248 248 248 248 248 247 247 247 247 247 247 248 248 248 248 248 248 248 248 248 248 249 249 249 249 249 249 249 249 249 249 250 250 250 250 250 250 250 250 251 251 251 251 251 251 251 251 251 251 252 252 252 252 252 252 251 251 251 251 251 251 251 252 252 252 252 252 252 252 252 252 253 253 253 253 253 253 253 253 253 253 254 254 254 254 254 254 254 254 254 254 255 255 255 255 255 255 255 255 255 255 255 256 256 256 255 256 256 256 256 256 256 256 256 256 256 256 257 257 257 257 257 257 257 257 257 257 257 258 258 258 258 258 258 258 258 258 258 258 259 259 259 259 259 259 259 259 259 259 259 260 260 260 260 260 260 260 260 260 260 260 260 260 261 261 261 261 261 261 261 261 261 261 261 261 262 262 262 262 262 262 262 262 262 262 262 263 263 263 263 263 263 263 263 263 263 263 263 264 264 264 245 245 245 245 245 245 245 246 246 246 246 246 246 246 246 246 247 247 247 247 247 247 247 247 247 248 248 248 248 248 248 248 247 247 247 247 247 248 248 248 248 248 248 248 248 248 248 249 249 249 249 249 249 249 249 249 249 249 250 250 250 250 250 250 250 250 251 251 251 251 251 251 251 251 251 251 252 252 252 252 252 252 251 251 251 251 251 251 251 252 252 252 252 252 252 252 252 253 253 253 253 253 253 253 253 253 253 254 254 254 254 254 254 254 254 254 254 255 255 255 255 255 255 255 255 255 255 255 256 256 256 256 256 256 256 256 256 256 256 256 256 256 256 257 257 257 257 257 257 257 257 257 257 257 258 258 258 258 258 258 258 258 258 258 258 259 259 259 259 259 259 259 259 259 259 259 260 260 260 260 260 260 260 260 260 260 260 260 260 261 261 261 261 261 261 261 261 261 261 261 262 262 262 262 262 262 262 262 262 262 262 262 263 263 263 263 263 263 263 263 263 263 263 264 264 264 264 264 245 245 245 245 245 245 246 246 246 246 246 246 246 246 246 247 247 247 247 247 247 247 247 248 248 248 248 248 248 248 248 247 247 247 247 247 248 248 248 248 248 248 248 248 248 249 249 249 249 249 249 249 249 249 249 249 249 250 250 250 250 250 250 250 251 251 251 251 251 251 251 251 251 251 252 252 252 252 252 252 252 251 251 251 251 251 251 252 252 252 252 252 252 252 252 252 253 253 253 253 253 253 253 253 253 254 254 254 254 254 254 254 254 254 254 254 255 255 255 255 255 255 255 255 255 255 256 256 256 256 256 256 256 256 256 256 256 256 256 256 256 257 257 257 257 257 257 257 257 257 257 257 258 258 258 258 258 258 258 258 258 258 258 259 259 259 259 259 259 259 259 259 259 259 260 260 260 260 260 260 260 260 260 260 260 260 261 261 261 261 261 261 261 261 261 261 261 261 262 262 262 262 262 262 262 262 262 262 262 263 263 263 263 263 263 263 263 263 263 263 263 264 264 264 264 264 264 245 245 245 245 245 245 246 246 246 246 246 246 246 246 246 247 247 247 247 247 247 247 247 248 248 248 248 248 248 248 248 247 247 247 247 248 248 248 248 248 248 248 248 248 248 249 249 249 249 249 249 249 249 249 249 250 250 250 250 250 250 250 250 250 251 251 251 251 251 251 251 251 251 252 252 252 252 252 252 252 252 251 251 251 252 252 252 252 252 252 252 252 252 252 252 253 253 253 253 253 253 253 253 253 254 254 254 254 254 254 254 254 254 254 254 255 255 255 255 255 255 255 255 255 255 256 256 256 256 256 256 256 256 256 256 256 256 256 256 256 257 257 257 257 257 257 257 257 257 257 257 258 258 258 258 258 258 258 258 258 258 259 259 259 259 259 259 259 259 259 259 259 260 260 260 260 260 260 260 260 260 260 260 260 260 261 261 261 261 261 261 261 261 261 261 261 262 262 262 262 262 262 262 262 262 262 262 262 263 263 263 263 263 263 263 263 263 263 263 264 264 264 264 264 264 264 264 245 245 245 245 245 246 246 246 246 246 246 246 246 247 247 247 247 247 247 247 247 247 248 248 248 248 248 248 248 248 247 247 247 247 248 248 248 248 248 248 248 248 248 249 249 249 249 249 249 249 249 249 249 250 250 250 250 250 250 250 250 250 251 251 251 251 251 251 251 251 251 251 252 252 252 252 252 252 252 252 251 251 252 252 252 252 252 252 252 252 252 252 252 252 253 253 253 253 253 253 253 253 254 254 254 254 254 254 254 254 254 254 254 255 255 255 255 255 255 255 255 255 255 256 256 256 256 256 256 256 256 256 256 256 256 256 256 256 257 257 257 257 257 257 257 257 257 257 257 258 258 258 258 258 258 258 258 258 258 259 259 259 259 259 259 259 259 259 259 259 260 260 260 260 260 260 260 260 260 260 260 260 260 261 261 261 261 261 261 261 261 261 261 261 262 262 262 262 262 262 262 262 262 262 262 263 263 263 263 263 263 263 263 263 263 263 263 264 264 264 264 264 264 264 264 264 245 245 245 246 246 246 246 246 246 246 246 246 247 247 247 247 247 247 247 247 248 248 248 248 248 248 248 248 247 247 247 247 248 248 248 248 248 248 248 248 248 249 249 249 249 249 249 249 249 249 250 250 250 250 250 250 250 250 250 250 251 251 251 251 251 251 251 251 251 252 252 252 252 252 252 252 252 252 251 252 252 252 252 252 252 252 252 252 252 252 253 253 253 253 253 253 253 253 253 254 254 254 254 254 254 254 254 254 254 254 255 255 255 255 255 255 255 255 255 255 256 256 256 256 256 256 256 256 256 256 256 256 256 256 257 257 257 257 257 257 257 257 257 257 257 258 258 258 258 258 258 258 258 258 258 258 259 259 259 259 259 259 259 259 259 259 259 260 260 260 260 260 260 260 260 260 260 260 260 261 261 261 261 261 261 261 261 261 261 261 262 262 262 262 262 262 262 262 262 262 262 262 263 263 263 263 263 263 263 263 263 263 263 264 264 264 264 264 264 264 264 264 264 264 246 246 246 246 246 246 246 246 247 247 247 247 247 247 247 247 247 248 248 248 248 248 248 248 248 247 247 247 248 248 248 248 248 248 248 248 248 248 249 249 249 249 249 249 249 249 249 250 250 250 250 250 250 250 250 250 250 251 251 251 251 251 251 251 251 251 252 252 252 252 252 252 252 252 252 251 252 252 252 252 252 252 252 252 252 252 253 253 253 253 253 253 253 253 253 254 254 254 254 254 254 254 254 254 254 255 255 255 255 255 255 255 255 255 255 256 256 256 256 256 256 256 256 256 256 256 256 256 256 256 257 257 257 257 257 257 257 257 257 257 258 258 258 258 258 258 258 258 258 258 258 259 259 259 259 259 259 259 259 259 259 259 260 260 260 260 260 260 260 260 260 260 260 260 261 261 261 261 261 261 261 261 261 261 261 261 262 262 262 262 262 262 262 262 262 262 262 262 263 263 263 263 263 263 263 263 263 263 263 264 264 264 264 264 264 264 264 264 264 264 265 246 246 246 246 246 246 246 247 247 247 247 247 247 247 247 247 248 248 248 248 248 248 248 248 247 247 247 248 248 248 248 248 248 248 248 248 249 249 249 249 249 249 249 249 249 250 250 250 250 250 250 250 250 250 250 250 251 251 251 251 251 251 251 251 252 252 252 252 252 252 252 252 252 253 252 252 252 252 252 252 252 252 252 252 253 253 253 253 253 253 253 253 253 254 254 254 254 254 254 254 254 254 254 255 255 255 255 255 255 255 255 255 255 256 256 256 256 256 256 256 256 256 256 256 256 256 256 256 257 257 257 257 257 257 257 257 257 257 257 258 258 258 258 258 258 258 258 258 258 259 259 259 259 259 259 259 259 259 259 259 260 260 260 260 260 260 260 260 260 260 260 261 261 261 261 261 261 261 261 261 261 261 261 261 262 262 262 262 262 262 262 262 262 262 262 263 263 263 263 263 263 263 263 263 263 263 263 264 264 264 264 264 264 264 264 264 264 264 265 265 246 246 246 246 246 246 246 247 247 247 247 247 247 247 247 247 248 248 248 248 248 248 248 248 247 247 248 248 248 248 248 248 248 248 248 248 249 249 249 249 249 249 249 249 249 250 250 250 250 250 250 250 250 250 250 251 251 251 251 251 251 251 251 251 252 252 252 252 252 252 252 252 252 253 252 252 252 252 252 252 252 252 252 253 253 253 253 253 253 253 253 253 253 254 254 254 254 254 254 254 254 254 255 255 255 255 255 255 255 255 255 255 255 256 256 256 256 256 256 256 256 256 256 257 256 256 256 257 257 257 257 257 257 257 257 257 257 258 258 258 258 258 258 258 258 258 258 258 259 259 259 259 259 259 259 259 259 259 259 260 260 260 260 260 260 260 260 260 260 260 261 261 261 261 261 261 261 261 261 261 261 261 261 262 262 262 262 262 262 262 262 262 262 262 263 263 263 263 263 263 263 263 263 263 263 264 264 264 264 264 264 264 264 264 264 264 265 265 265 265 246 246 246 246 246 246 246 246 247 247 247 247 247 247 247 247 248 248 248 248 248 248 248 248 248 247 247 248 248 248 248 248 248 248 248 248 249 249 249 249 249 249 249 249 249 249 250 250 250 250 250 250 250 250 250 251 251 251 251 251 251 251 251 251 251 252 252 252 252 252 252 252 252 253 253 252 252 252 252 252 252 252 252 253 253 253 253 253 253 253 253 253 253 254 254 254 254 254 254 254 254 254 255 255 255 255 255 255 255 255 255 255 255 256 256 256 256 256 256 256 256 256 257 257 257 256 257 257 257 257 257 257 257 257 257 257 257 258 258 258 258 258 258 258 258 258 258 258 259 259 259 259 259 259 259 259 259 259 259 260 260 260 260 260 260 260 260 260 260 260 261 261 261 261 261 261 261 261 261 261 261 261 262 262 262 262 262 262 262 262 262 262 262 262 263 263 263 263 263 263 263 263 263 263 264 264 264 264 264 264 264 264 264 264 264 265 265 265 265 265 265 245 246 246 246 246 246 246 246 246 246 247 247 247 247 247 247 247 247 248 248 248 248 248 248 248 248 248 247 248 248 248 248 248 248 248 248 248 248 249 249 249 249 249 249 249 249 249 250 250 250 250 250 250 250 250 250 251 251 251 251 251 251 251 251 251 251 252 252 252 252 252 252 252 252 253 253 253 252 252 252 252 252 252 252 253 253 253 253 253 253 253 253 253 253 254 254 254 254 254 254 254 254 254 255 255 255 255 255 255 255 255 255 255 255 256 256 256 256 256 256 256 256 256 257 257 257 257 257 257 257 257 257 257 257 257 257 257 257 258 258 258 258 258 258 258 258 258 258 258 259 259 259 259 259 259 259 259 259 259 260 260 260 260 260 260 260 260 260 260 260 261 261 261 261 261 261 261 261 261 261 261 261 261 262 262 262 262 262 262 262 262 262 262 262 263 263 263 263 263 263 263 263 263 263 263 264 264 264 264 264 264 264 264 264 264 264 265 265 265 265 265 265 245 245 246 246 246 246 246 246 246 246 246 247 247 247 247 247 247 247 247 248 248 248 248 248 248 248 248 248 247 248 248 248 248 248 248 248 248 248 249 249 249 249 249 249 249 249 249 249 250 250 250 250 250 250 250 250 250 251 251 251 251 251 251 251 251 251 251 252 252 252 252 252 252 252 252 253 253 253 252 252 252 252 252 252 253 253 253 253 253 253 253 253 253 253 254 254 254 254 254 254 254 254 254 254 255 255 255 255 255 255 255 255 255 255 256 256 256 256 256 256 256 256 256 256 257 257 257 257 257 257 257 257 257 257 257 257 257 257 257 258 258 258 258 258 258 258 258 258 258 259 259 259 259 259 259 259 259 259 259 260 260 260 260 260 260 260 260 260 260 260 261 261 261 261 261 261 261 261 261 261 261 261 261 262 262 262 262 262 262 262 262 262 262 262 263 263 263 263 263 263 263 263 263 263 264 264 264 264 264 264 264 264 264 264 264 264 265 265 265 265 265 265 245 245 246 246 246 246 246 246 246 246 246 247 247 247 247 247 247 247 247 248 248 248 248 248 248 248 248 248 247 248 248 248 248 248 248 248 248 248 249 249 249 249 249 249 249 249 249 250 250 250 250 250 250 250 250 250 251 251 251 251 251 251 251 251 251 251 252 252 252 252 252 252 252 252 252 253 253 253 252 252 252 252 252 252 253 253 253 253 253 253 253 253 253 254 254 254 254 254 254 254 254 254 254 255 255 255 255 255 255 255 255 255 255 256 256 256 256 256 256 256 256 256 256 257 257 257 257 257 257 257 257 257 257 257 257 257 257 258 258 258 258 258 258 258 258 258 258 258 259 259 259 259 259 259 259 259 259 259 260 260 260 260 260 260 260 260 260 260 260 261 261 261 261 261 261 261 261 261 261 261 261 262 262 262 262 262 262 262 262 262 262 262 262 263 263 263 263 263 263 263 263 263 263 263 264 264 264 264 264 264 264 264 264 264 265 265 265 265 265 265 265 265 245 245 245 245 245 246 246 246 246 246 246 246 246 246 247 247 247 247 247 247 247 247 247 248 248 248 248 248 248 248 248 248 248 248 248 248 248 248 248 248 248 249 249 249 249 249 249 249 249 249 250 250 250 250 250 250 250 250 250 251 251 251 251 251 251 251 251 251 252 252 252 252 252 252 252 252 252 252 253 253 253 252 252 252 252 252 253 253 253 253 253 253 253 253 253 254 254 254 254 254 254 254 254 254 254 255 255 255 255 255 255 255 255 255 255 256 256 256 256 256 256 256 256 256 256 257 257 257 257 257 257 257 257 257 257 257 257 257 257 258 258 258 258 258 258 258 258 258 258 258 259 259 259 259 259 259 259 259 259 259 260 260 260 260 260 260 260 260 260 260 260 261 261 261 261 261 261 261 261 261 261 261 261 262 262 262 262 262 262 262 262 262 262 262 263 263 263 263 263 263 263 263 263 263 263 264 264 264 264 264 264 264 264 264 264 264 264 265 265 265 265 265 265 265 245 245 245 245 245 246 246 246 246 246 246 246 246 246 247 247 247 247 247 247 247 247 247 248 248 248 248 248 248 248 248 247 248 248 248 248 248 248 248 248 249 249 249 249 249 249 249 249 249 250 250 250 250 250 250 250 250 250 251 251 251 251 251 251 251 251 251 251 252 252 252 252 252 252 252 252 252 253 253 253 253 252 252 252 252 252 253 253 253 253 253 253 253 253 253 254 254 254 254 254 254 254 254 254 255 255 255 255 255 255 255 255 255 255 256 256 256 256 256 256 256 256 256 256 257 257 257 257 257 257 257 257 257 257 257 257 257 258 258 258 258 258 258 258 258 258 258 258 259 259 259 259 259 259 259 259 259 259 259 260 260 260 260 260 260 260 260 260 260 260 261 261 261 261 261 261 261 261 261 261 261 261 262 262 262 262 262 262 262 262 262 262 262 263 263 263 263 263 263 263 263 263 263 263 264 264 264 264 264 264 264 264 264 264 264 265 265 265 265 265 265 265 265 245 245 245 245 245 246 246 246 246 246 246 246 246 246 247 247 247 247 247 247 247 247 248 248 248 248 248 248 248 248 248 248 248 248 248 248 248 248 248 248 249 249 249 249 249 249 249 249 249 250 250 250 250 250 250 250 250 250 251 251 251 251 251 251 251 251 251 252 252 252 252 252 252 252 252 252 252 253 253 253 253 252 252 252 252 253 253 253 253 253 253 253 253 253 254 254 254 254 254 254 254 254 254 255 255 255 255 255 255 255 255 255 255 256 256 256 256 256 256 256 256 256 256 257 257 257 257 257 257 257 257 257 257 257 257 257 258 258 258 258 258 258 258 258 258 258 258 259 259 259 259 259 259 259 259 259 259 260 260 260 260 260 260 260 260 260 260 260 261 261 261 261 261 261 261 261 261 261 261 262 262 262 262 262 262 262 262 262 262 262 262 262 263 263 263 263 263 263 263 263 263 263 263 264 264 264 264 264 264 264 264 264 264 264 265 265 265 265 265 265 265 265 265 245 245 245 245 246 246 246 246 246 246 246 246 246 247 247 247 247 247 247 247 247 248 248 248 248 248 248 248 248 248 248 248 248 248 248 248 248 248 248 249 249 249 249 249 249 249 249 249 250 250 250 250 250 250 250 250 250 251 251 251 251 251 251 251 251 251 252 252 252 252 252 252 252 252 252 253 253 253 253 253 252 252 252 253 253 253 253 253 253 253 253 253 254 254 254 254 254 254 254 254 254 255 255 255 255 255 255 255 255 255 255 256 256 256 256 256 256 256 256 256 256 257 257 257 257 257 257 257 257 257 257 257 257 257 258 258 258 258 258 258 258 258 258 258 258 259 259 259 259 259 259 259 259 259 259 260 260 260 260 260 260 260 260 260 260 260 261 261 261 261 261 261 261 261 261 261 261 262 262 262 262 262 262 262 262 262 262 262 262 263 263 263 263 263 263 263 263 263 263 263 263 264 264 264 264 264 264 264 264 264 264 264 265 265 265 265 265 265 265 265 265 265 245 245 245 245 245 245 245 246 246 246 246 246 246 246 246 247 247 247 247 247 247 247 247 248 248 248 248 248 248 248 248 248 248 248 248 248 248 248 248 248 249 249 249 249 249 249 249 249 249 250 250 250 250 250 250 250 250 250 251 251 251 251 251 251 251 251 251 252 252 252 252 252 252 252 252 252 253 253 253 253 253 253 252 252 252 253 253 253 253 253 253 253 253 253 254 254 254 254 254 254 254 254 255 255 255 255 255 255 255 255 255 255 256 256 256 256 256 256 256 256 256 256 257 257 257 257 257 257 257 257 257 257 257 257 257 258 258 258 258 258 258 258 258 258 258 258 259 259 259 259 259 259 259 259 259 259 260 260 260 260 260 260 260 260 260 260 260 261 261 261 261 261 261 261 261 261 261 261 262 262 262 262 262 262 262 262 262 262 262 262 263 263 263 263 263 263 263 263 263 263 263 264 264 264 264 264 264 264 264 264 264 264 265 265 265 265 265 265 265 265 265 265 265 266 266 245 245 245 245 245 245 245 246 246 246 246 246 246 246 246 246 247 247 247 247 247 247 247 247 248 248 248 248 248 248 248 248 248 248 248 248 248 248 248 248 248 249 249 249 249 249 249 249 249 249 250 250 250 250 250 250 250 250 250 251 251 251 251 251 251 251 251 251 252 252 252 252 252 252 252 252 252 253 253 253 253 253 253 252 253 253 253 253 253 253 253 253 253 253 254 254 254 254 254 254 254 254 254 255 255 255 255 255 255 255 255 255 256 256 256 256 256 256 256 256 256 256 257 257 257 257 257 257 257 257 257 257 258 257 257 258 258 258 258 258 258 258 258 258 258 258 259 259 259 259 259 259 259 259 259 259 260 260 260 260 260 260 260 260 260 260 260 261 261 261 261 261 261 261 261 261 261 261 262 262 262 262 262 262 262 262 262 262 262 262 263 263 263 263 263 263 263 263 263 263 263 264 264 264 264 264 264 264 264 264 264 264 265 265 265 265 265 265 265 265 265 265 265 266 266 266 266 266 266 245 245 245 245 245 245 245 246 246 246 246 246 246 246 246 246 247 247 247 247 247 247 247 247 248 248 248 248 248 248 248 248 248 248 248 248 248 248 248 248 248 249 249 249 249 249 249 249 249 249 250 250 250 250 250 250 250 250 250 251 251 251 251 251 251 251 251 252 252 252 252 252 252 252 252 252 253 253 253 253 253 253 253 252 253 253 253 253 253 253 253 253 253 254 254 254 254 254 254 254 254 254 255 255 255 255 255 255 255 255 255 256 256 256 256 256 256 256 256 256 256 257 257 257 257 257 257 257 257 257 257 258 258 257 258 258 258 258 258 258 258 258 258 258 258 259 259 259 259 259 259 259 259 259 259 260 260 260 260 260 260 260 260 260 260 260 261 261 261 261 261 261 261 261 261 261 262 262 262 262 262 262 262 262 262 262 262 262 262 263 263 263 263 263 263 263 263 263 263 263 264 264 264 264 264 264 264 264 264 264 264 265 265 265 265 265 265 265 265 265 265 265 266 266 266 266 266 266 266 266 245 245 245 245 245 245 245 246 246 246 246 246 246 246 246 246 247 247 247 247 247 247 247 247 248 248 248 248 248 248 248 248 248 248 248 248 248 248 248 248 249 249 249 249 249 249 249 249 249 250 250 250 250 250 250 250 250 250 251 251 251 251 251 251 251 251 251 252 252 252 252 252 252 252 252 252 253 253 253 253 253 253 253 253 253 253 253 253 253 253 253 253 254 254 254 254 254 254 254 254 254 255 255 255 255 255 255 255 255 255 256 256 256 256 256 256 256 256 256 256 257 257 257 257 257 257 257 257 257 257 258 258 258 258 258 258 258 258 258 258 258 258 258 258 259 259 259 259 259 259 259 259 259 259 260 260 260 260 260 260 260 260 260 260 260 261 261 261 261 261 261 261 261 261 261 262 262 262 262 262 262 262 262 262 262 262 262 262 263 263 263 263 263 263 263 263 263 263 263 264 264 264 264 264 264 264 264 264 264 264 265 265 265 265 265 265 265 265 265 265 265 266 266 266 266 266 266 266 266 266 266 245 245 245 245 246 246 246 246 246 246 246 247 247 247 247 247 247 247 247 248 248 248 248 248 248 248 248 249 248 248 248 248 248 248 248 249 249 249 249 249 249 249 249 249 250 250 250 250 250 250 250 250 250 251 251 251 251 251 251 251 251 251 252 252 252 252 252 252 252 252 253 253 253 253 253 253 253 253 253 253 253 253 253 253 253 253 254 254 254 254 254 254 254 254 254 255 255 255 255 255 255 255 255 255 256 256 256 256 256 256 256 256 256 256 257 257 257 257 257 257 257 257 257 257 258 258 258 258 258 258 258 258 258 258 258 258 258 259 259 259 259 259 259 259 259 259 259 259 260 260 260 260 260 260 260 260 260 260 261 261 261 261 261 261 261 261 261 261 261 262 262 262 262 262 262 262 262 262 262 262 262 263 263 263 263 263 263 263 263 263 263 263 264 264 264 264 264 264 264 264 264 264 264 265 265 265 265 265 265 265 265 265 265 265 266 266 266 266 266 266 266 266 266 266 266 267 267 245 245 245 245 246 246 246 246 246 247 247 247 247 247 247 247 248 248 248 248 248 248 248 248 249 248 248 248 248 248 248 248 249 249 249 249 249 249 249 249 249 250 250 250 250 250 250 250 250 250 251 251 251 251 251 251 251 251 252 252 252 252 252 252 252 252 252 253 253 253 253 253 253 253 253 253 253 253 253 253 253 253 253 254 254 254 254 254 254 254 254 254 255 255 255 255 255 255 255 255 255 256 256 256 256 256 256 256 256 256 257 257 257 257 257 257 257 257 257 257 258 258 258 258 258 258 258 258 258 258 258 258 258 259 259 259 259 259 259 259 259 259 259 259 260 260 260 260 260 260 260 260 260 260 261 261 261 261 261 261 261 261 261 261 261 262 262 262 262 262 262 262 262 262 262 262 262 263 263 263 263 263 263 263 263 263 263 263 264 264 264 264 264 264 264 264 264 264 264 265 265 265 265 265 265 265 265 265 265 265 266 266 266 266 266 266 266 266 266 266 266 267 267 267 245 245 245 245 246 246 246 247 247 247 247 247 247 248 248 248 248 248 248 248 249 248 248 248 248 248 248 248 249 249 249 249 249 249 249 249 250 250 250 250 250 250 250 250 250 251 251 251 251 251 251 251 251 251 252 252 252 252 252 252 252 252 252 253 253 253 253 253 253 253 253 253 253 253 253 253 253 253 254 254 254 254 254 254 254 254 254 255 255 255 255 255 255 255 255 255 256 256 256 256 256 256 256 256 256 257 257 257 257 257 257 257 257 257 257 258 258 258 258 258 258 258 258 258 258 258 258 258 259 259 259 259 259 259 259 259 259 259 259 260 260 260 260 260 260 260 260 260 260 261 261 261 261 261 261 261 261 261 261 261 262 262 262 262 262 262 262 262 262 262 262 262 263 263 263 263 263 263 263 263 263 263 263 264 264 264 264 264 264 264 264 264 264 264 265 265 265 265 265 265 265 265 265 265 265 266 266 266 266 266 266 266 266 266 266 267 267 267 267 267 267 247 247 247 248 248 248 248 248 248 248 249 248 248 248 248 248 248 249 249 249 249 249 249 249 249 249 250 250 250 250 250 250 250 250 250 251 251 251 251 251 251 251 251 251 252 252 252 252 252 252 252 252 253 253 253 253 253 253 253 253 253 253 253 253 253 253 253 254 254 254 254 254 254 254 254 254 255 255 255 255 255 255 255 255 255 256 256 256 256 256 256 256 256 256 257 257 257 257 257 257 257 257 257 257 258 258 258 258 258 258 258 258 258 258 258 258 258 259 259 259 259 259 259 259 259 259 259 259 260 260 260 260 260 260 260 260 260 260 261 261 261 261 261 261 261 261 261 261 261 262 262 262 262 262 262 262 262 262 262 262 263 263 263 263 263 263 263 263 263 263 263 263 264 264 264 264 264 264 264 264 264 264 264 265 265 265 265 265 265 265 265 265 265 265 266 266 266 266 266 266 266 266 266 266 266 267 267 267 267 267 247 248 248 248 248 248 248 248 248 248 248 248 248 248 248 249 249 249 249 249 249 249 249 249 250 250 250 250 250 250 250 250 250 251 251 251 251 251 251 251 251 252 252 252 252 252 252 252 252 252 253 253 253 253 253 253 253 253 254 253 253 253 253 253 253 254 254 254 254 254 254 254 254 255 255 255 255 255 255 255 255 255 256 256 256 256 256 256 256 256 256 257 257 257 257 257 257 257 257 257 257 258 258 258 258 258 258 258 258 258 258 258 258 258 258 259 259 259 259 259 259 259 259 259 259 260 260 260 260 260 260 260 260 260 260 261 261 261 261 261 261 261 261 261 261 261 262 262 262 262 262 262 262 262 262 262 262 263 263 263 263 263 263 263 263 263 263 263 263 264 264 264 264 264 264 264 264 264 264 264 265 265 265 265 265 265 265 265 265 265 266 266 266 266 266 266 266 266 266 266 266 267 267 267 267 267 267 248 248 248 248 248 248 248 248 248 248 248 248 248 248 249 249 249 249 249 249 249 249 249 250 250 250 250 250 250 250 250 251 251 251 251 251 251 251 251 251 252 252 252 252 252 252 252 252 253 253 253 253 253 253 253 253 253 254 253 253 253 253 253 254 254 254 254 254 254 254 254 254 255 255 255 255 255 255 255 255 255 256 256 256 256 256 256 256 256 256 257 257 257 257 257 257 257 257 257 258 258 258 258 258 258 258 258 258 258 258 258 258 258 259 259 259 259 259 259 259 259 259 259 260 260 260 260 260 260 260 260 260 260 261 261 261 261 261 261 261 261 261 261 261 262 262 262 262 262 262 262 262 262 262 263 263 263 263 263 263 263 263 263 263 263 263 263 264 264 264 264 264 264 264 264 264 264 265 265 265 265 265 265 265 265 265 265 265 266 266 266 266 266 266 266 266 266 266 266 267 267 267 267 267 248 248 248 248 248 248 248 248 248 248 248 248 248 248 249 249 249 249 249 249 249 249 250 250 250 250 250 250 250 250 250 251 251 251 251 251 251 251 251 251 252 252 252 252 252 252 252 252 253 253 253 253 253 253 253 253 254 254 253 253 253 253 254 254 254 254 254 254 254 254 254 255 255 255 255 255 255 255 255 255 256 256 256 256 256 256 256 256 256 257 257 257 257 257 257 257 257 257 258 258 258 258 258 258 258 258 258 258 258 258 258 259 259 259 259 259 259 259 259 259 259 259 260 260 260 260 260 260 260 260 260 260 261 261 261 261 261 261 261 261 261 261 261 262 262 262 262 262 262 262 262 262 262 263 263 263 263 263 263 263 263 263 263 263 263 263 264 264 264 264 264 264 264 264 264 264 265 265 265 265 265 265 265 265 265 265 265 266 266 266 266 266 266 266 266 266 266 266 267 267 267 267 248 248 248 248 248 248 248 248 248 248 248 248 248 248 249 249 249 249 249 249 249 249 250 250 250 250 250 250 250 250 250 251 251 251 251 251 251 251 251 252 252 252 252 252 252 252 252 252 253 253 253 253 253 253 253 253 254 254 253 253 253 253 254 254 254 254 254 254 254 254 255 255 255 255 255 255 255 255 255 256 256 256 256 256 256 256 256 256 257 257 257 257 257 257 257 257 257 258 258 258 258 258 258 258 258 258 258 259 258 258 259 259 259 259 259 259 259 259 259 259 259 260 260 260 260 260 260 260 260 260 260 261 261 261 261 261 261 261 261 261 261 262 262 262 262 262 262 262 262 262 262 262 263 263 263 263 263 263 263 263 263 263 263 263 264 264 264 264 264 264 264 264 264 264 264 265 265 265 265 265 265 265 265 265 265 265 266 266 266 266 266 266 266 266 266 266 266 267 267 267 267 246 246 246 246 246 247 247 247 248 248 248 248 248 248 248 248 248 248 248 248 248 249 249 249 249 249 249 249 249 249 250 250 250 250 250 250 250 250 251 251 251 251 251 251 251 251 251 252 252 252 252 252 252 252 252 253 253 253 253 253 253 253 253 253 254 254 253 253 253 254 254 254 254 254 254 254 254 254 255 255 255 255 255 255 255 255 256 256 256 256 256 256 256 256 256 257 257 257 257 257 257 257 257 257 258 258 258 258 258 258 258 258 258 258 259 259 258 259 259 259 259 259 259 259 259 259 259 259 260 260 260 260 260 260 260 260 260 260 261 261 261 261 261 261 261 261 261 261 261 262 262 262 262 262 262 262 262 262 262 263 263 263 263 263 263 263 263 263 263 263 263 264 264 264 264 264 264 264 264 264 264 264 265 265 265 265 265 265 265 265 265 265 265 266 266 266 266 266 266 266 266 266 266 267 267 267 267 267 267 246 246 246 246 246 247 247 247 247 247 247 247 247 248 248 248 248 248 248 248 248 248 248 248 248 248 249 249 249 249 249 249 249 249 249 250 250 250 250 250 250 250 250 251 251 251 251 251 251 251 251 251 252 252 252 252 252 252 252 252 253 253 253 253 253 253 253 253 254 254 254 253 253 253 254 254 254 254 254 254 254 254 255 255 255 255 255 255 255 255 255 256 256 256 256 256 256 256 256 257 257 257 257 257 257 257 257 257 257 258 258 258 258 258 258 258 258 258 259 259 259 259 259 259 259 259 259 259 259 259 259 259 260 260 260 260 260 260 260 260 260 260 261 261 261 261 261 261 261 261 261 261 261 262 262 262 262 262 262 262 262 262 262 263 263 263 263 263 263 263 263 263 263 263 263 264 264 264 264 264 264 264 264 264 264 264 265 265 265 265 265 265 265 265 265 265 265 266 266 266 266 266 266 266 266 266 266 267 267 267 267 267 267 267 267 267 267 267 268 268 268 246 246 246 246 246 247 247 247 247 247 247 247 247 248 248 248 248 248 248 248 248 248 248 248 248 248 249 249 249 249 249 249 249 249 249 250 250 250 250 250 250 250 250 251 251 251 251 251 251 251 251 252 252 252 252 252 252 252 252 252 253 253 253 253 253 253 253 253 254 254 254 253 253 254 254 254 254 254 254 254 254 254 255 255 255 255 255 255 255 255 256 256 256 256 256 256 256 256 256 257 257 257 257 257 257 257 257 257 258 258 258 258 258 258 258 258 258 259 259 259 259 259 259 259 259 259 259 259 259 259 259 260 260 260 260 260 260 260 260 260 260 261 261 261 261 261 261 261 261 261 261 261 262 262 262 262 262 262 262 262 262 262 263 263 263 263 263 263 263 263 263 263 263 263 264 264 264 264 264 264 264 264 264 264 264 265 265 265 265 265 265 265 265 265 265 265 266 266 266 266 266 266 266 266 266 266 267 267 267 267 267 267 267 267 267 267 267 268 268 268 268 268 268 246 246 246 246 246 247 247 247 247 247 247 247 247 248 248 248 248 248 248 248 248 248 248 248 248 248 249 249 249 249 249 249 249 249 250 250 250 250 250 250 250 250 250 251 251 251 251 251 251 251 251 252 252 252 252 252 252 252 252 253 253 253 253 253 253 253 253 253 254 254 254 253 253 254 254 254 254 254 254 254 254 255 255 255 255 255 255 255 255 256 256 256 256 256 256 256 256 256 257 257 257 257 257 257 257 257 257 258 258 258 258 258 258 258 258 258 258 259 259 259 259 259 259 259 259 259 259 259 259 259 260 260 260 260 260 260 260 260 260 260 261 261 261 261 261 261 261 261 261 261 261 262 262 262 262 262 262 262 262 262 262 263 263 263 263 263 263 263 263 263 263 263 263 264 264 264 264 264 264 264 264 264 264 264 265 265 265 265 265 265 265 265 265 265 266 266 266 266 266 266 266 266 266 266 266 267 267 267 267 267 267 267 267 267 267 267 268 268 268 268 268 268 268 268 269 246 246 246 246 246 246 247 247 247 247 247 247 247 247 248 248 248 248 248 248 248 248 248 248 248 248 248 249 249 249 249 249 249 249 249 250 250 250 250 250 250 250 250 251 251 251 251 251 251 251 251 251 252 252 252 252 252 252 252 252 253 253 253 253 253 253 253 253 254 254 254 254 253 254 254 254 254 254 254 254 254 255 255 255 255 255 255 255 255 255 256 256 256 256 256 256 256 256 257 257 257 257 257 257 257 257 257 258 258 258 258 258 258 258 258 258 258 259 259 259 259 259 259 259 259 259 259 259 259 259 260 260 260 260 260 260 260 260 260 260 261 261 261 261 261 261 261 261 261 261 261 262 262 262 262 262 262 262 262 262 262 263 263 263 263 263 263 263 263 263 263 263 263 264 264 264 264 264 264 264 264 264 264 264 265 265 265 265 265 265 265 265 265 265 266 266 266 266 266 266 266 266 266 266 266 267 267 267 267 267 267 267 267 267 267 268 268 268 268 268 268 268 268 268 269 269 269 246 246 246 246 246 247 247 247 247 247 247 247 247 248 248 248 248 248 248 248 248 248 248 248 248 248 249 249 249 249 249 249 249 249 250 250 250 250 250 250 250 250 251 251 251 251 251 251 251 251 251 252 252 252 252 252 252 252 252 253 253 253 253 253 253 253 253 254 254 254 254 253 254 254 254 254 254 254 254 254 255 255 255 255 255 255 255 255 256 256 256 256 256 256 256 256 256 257 257 257 257 257 257 257 257 257 258 258 258 258 258 258 258 258 258 259 259 259 259 259 259 259 259 259 259 259 259 259 260 260 260 260 260 260 260 260 260 260 261 261 261 261 261 261 261 261 261 261 261 262 262 262 262 262 262 262 262 262 262 263 263 263 263 263 263 263 263 263 263 263 264 264 264 264 264 264 264 264 264 264 264 264 265 265 265 265 265 265 265 265 265 265 266 266 266 266 266 266 266 266 266 266 266 267 267 267 267 267 267 267 267 267 267 268 268 268 268 268 268 268 268 268 269 269 269 269 269 246 246 246 246 247 247 247 247 247 247 247 247 248 248 248 248 248 248 248 248 248 248 248 248 248 249 249 249 249 249 249 249 249 250 250 250 250 250 250 250 250 251 251 251 251 251 251 251 251 252 252 252 252 252 252 252 252 253 253 253 253 253 253 253 253 253 254 254 254 254 254 254 254 254 254 254 254 254 255 255 255 255 255 255 255 255 255 256 256 256 256 256 256 256 256 257 257 257 257 257 257 257 257 257 258 258 258 258 258 258 258 258 258 259 259 259 259 259 259 259 259 259 259 259 259 259 260 260 260 260 260 260 260 260 260 260 261 261 261 261 261 261 261 261 261 261 261 262 262 262 262 262 262 262 262 262 262 262 263 263 263 263 263 263 263 263 263 263 264 264 264 264 264 264 264 264 264 264 264 264 265 265 265 265 265 265 265 265 265 265 266 266 266 266 266 266 266 266 266 266 266 267 267 267 267 267 267 267 267 267 267 268 268 268 268 268 268 268 268 268 269 269 269 269 269 246 246 247 247 247 247 247 247 247 247 248 248 248 248 248 248 248 248 248 248 248 248 248 249 249 249 249 249 249 249 249 250 250 250 250 250 250 250 250 251 251 251 251 251 251 251 251 252 252 252 252 252 252 252 252 253 253 253 253 253 253 253 253 254 254 254 254 254 254 254 254 254 254 254 254 254 255 255 255 255 255 255 255 255 256 256 256 256 256 256 256 256 257 257 257 257 257 257 257 257 257 258 258 258 258 258 258 258 258 258 259 259 259 259 259 259 259 259 259 259 259 259 259 260 260 260 260 260 260 260 260 260 260 261 261 261 261 261 261 261 261 261 261 261 262 262 262 262 262 262 262 262 262 262 262 263 263 263 263 263 263 263 263 263 263 264 264 264 264 264 264 264 264 264 264 264 264 265 265 265 265 265 265 265 265 265 265 266 266 266 266 266 266 266 266 266 266 266 267 267 267 267 267 267 267 267 267 267 268 268 268 268 268 268 268 268 268 268 269 269 269 269 246 246 247 247 247 247 247 247 247 247 248 248 248 248 248 248 248 248 248 248 248 248 249 249 249 249 249 249 249 249 250 250 250 250 250 250 250 250 251 251 251 251 251 251 251 251 252 252 252 252 252 252 252 252 253 253 253 253 253 253 253 253 254 254 254 254 254 254 254 254 254 254 254 254 255 255 255 255 255 255 255 255 256 256 256 256 256 256 256 256 256 257 257 257 257 257 257 257 257 258 258 258 258 258 258 258 258 258 258 259 259 259 259 259 259 259 259 259 259 259 259 260 260 260 260 260 260 260 260 260 260 260 261 261 261 261 261 261 261 261 261 261 262 262 262 262 262 262 262 262 262 262 262 263 263 263 263 263 263 263 263 263 263 264 264 264 264 264 264 264 264 264 264 264 265 265 265 265 265 265 265 265 265 265 265 266 266 266 266 266 266 266 266 266 266 266 267 267 267 267 267 267 267 267 267 267 268 268 268 268 268 268 268 268 268 268 269 269 269 269 269 269 269 269 246 247 247 247 247 247 247 247 247 248 248 248 248 248 248 248 248 248 249 249 249 249 249 249 249 249 249 250 250 250 250 250 250 250 251 251 251 251 251 251 251 251 252 252 252 252 252 252 252 252 253 253 253 253 253 253 253 253 254 254 254 254 254 254 254 254 254 254 254 254 255 255 255 255 255 255 255 255 256 256 256 256 256 256 256 256 257 257 257 257 257 257 257 257 258 258 258 258 258 258 258 258 258 259 259 259 259 259 259 259 259 259 259 260 260 260 259 260 260 260 260 260 260 260 260 260 260 261 261 261 261 261 261 261 261 261 261 261 262 262 262 262 262 262 262 262 262 262 262 263 263 263 263 263 263 263 263 263 263 264 264 264 264 264 264 264 264 264 264 264 264 265 265 265 265 265 265 265 265 265 265 265 266 266 266 266 266 266 266 266 266 266 266 267 267 267 267 267 267 267 267 267 267 268 268 268 268 268 268 268 268 268 268 268 269 269 269 269 269 269 269 269 269 269 270 270 270 246 246 247 247 247 247 247 247 247 247 248 248 248 248 248 248 248 248 248 249 249 249 249 249 249 249 249 249 250 250 250 250 250 250 250 251 251 251 251 251 251 251 251 252 252 252 252 252 252 252 252 253 253 253 253 253 253 253 253 254 254 254 254 254 254 254 254 254 254 254 254 255 255 255 255 255 255 255 256 256 256 256 256 256 256 256 257 257 257 257 257 257 257 257 258 258 258 258 258 258 258 258 258 258 259 259 259 259 259 259 259 259 259 260 260 260 260 260 260 260 260 260 260 260 260 260 260 261 261 261 261 261 261 261 261 261 261 261 262 262 262 262 262 262 262 262 262 262 262 263 263 263 263 263 263 263 263 263 263 264 264 264 264 264 264 264 264 264 264 264 264 265 265 265 265 265 265 265 265 265 265 265 266 266 266 266 266 266 266 266 266 266 266 267 267 267 267 267 267 267 267 267 267 268 268 268 268 268 268 268 268 268 268 268 269 269 269 269 269 269 269 269 269 269 270 270 270 270 245 246 246 246 246 246 246 246 247 247 247 247 247 247 247 247 247 248 248 248 248 248 248 248 248 249 249 249 249 249 249 249 249 249 250 250 250 250 250 250 250 251 251 251 251 251 251 251 251 252 252 252 252 252 252 252 252 253 253 253 253 253 253 253 253 254 254 254 254 254 254 254 255 254 254 254 255 255 255 255 255 255 255 255 256 256 256 256 256 256 256 256 257 257 257 257 257 257 257 257 258 258 258 258 258 258 258 258 259 259 259 259 259 259 259 259 259 259 260 260 260 260 260 260 260 260 260 260 260 260 260 260 260 261 261 261 261 261 261 261 261 261 261 261 262 262 262 262 262 262 262 262 262 262 263 263 263 263 263 263 263 263 263 263 264 264 264 264 264 264 264 264 264 264 264 264 265 265 265 265 265 265 265 265 265 265 265 266 266 266 266 266 266 266 266 266 266 266 267 267 267 267 267 267 267 267 267 267 268 268 268 268 268 268 268 268 268 268 268 269 269 269 269 269 269 269 269 269 269 270 270 270 270 270 270 245 245 246 246 246 246 246 246 246 247 247 247 247 247 247 247 247 247 248 248 248 248 248 248 248 248 249 249 249 249 249 249 249 249 249 250 250 250 250 250 250 250 251 251 251 251 251 251 251 251 252 252 252 252 252 252 252 252 253 253 253 253 253 253 253 253 254 254 254 254 254 254 254 255 254 254 254 255 255 255 255 255 255 255 255 256 256 256 256 256 256 256 257 257 257 257 257 257 257 257 258 258 258 258 258 258 258 258 258 259 259 259 259 259 259 259 259 259 260 260 260 260 260 260 260 260 260 260 260 260 260 260 260 261 261 261 261 261 261 261 261 261 261 261 262 262 262 262 262 262 262 262 262 262 262 263 263 263 263 263 263 263 263 263 264 264 264 264 264 264 264 264 264 264 264 264 264 265 265 265 265 265 265 265 265 265 265 266 266 266 266 266 266 266 266 266 266 266 267 267 267 267 267 267 267 267 267 267 268 268 268 268 268 268 268 268 268 268 268 269 269 269 269 269 269 269 269 269 269 270 270 270 270 270 270 270 245 245 246 246 246 246 246 246 246 247 247 247 247 247 247 247 247 247 248 248 248 248 248 248 248 248 249 249 249 249 249 249 249 249 249 250 250 250 250 250 250 250 251 251 251 251 251 251 251 251 252 252 252 252 252 252 252 252 253 253 253 253 253 253 253 254 254 254 254 254 254 254 254 255 254 254 254 255 255 255 255 255 255 255 256 256 256 256 256 256 256 256 257 257 257 257 257 257 257 257 258 258 258 258 258 258 258 258 259 259 259 259 259 259 259 259 259 259 260 260 260 260 260 260 260 260 260 260 260 260 260 260 261 261 261 261 261 261 261 261 261 261 261 262 262 262 262 262 262 262 262 262 262 262 263 263 263 263 263 263 263 263 263 263 264 264 264 264 264 264 264 264 264 264 264 264 265 265 265 265 265 265 265 265 265 265 266 266 266 266 266 266 266 266 266 266 266 267 267 267 267 267 267 267 267 267 267 267 268 268 268 268 268 268 268 268 268 268 269 269 269 269 269 269 269 269 269 269 270 270 270 270 270 270 270 270 270 270 245 246 246 246 246 246 246 246 246 247 247 247 247 247 247 247 247 248 248 248 248 248 248 248 248 248 249 249 249 249 249 249 249 249 250 250 250 250 250 250 250 251 251 251 251 251 251 251 251 252 252 252 252 252 252 252 252 253 253 253 253 253 253 253 254 254 254 254 254 254 254 254 255 254 254 255 255 255 255 255 255 255 255 256 256 256 256 256 256 256 256 257 257 257 257 257 257 257 258 258 258 258 258 258 258 258 258 259 259 259 259 259 259 259 259 259 260 260 260 260 260 260 260 260 260 260 260 260 260 260 260 261 261 261 261 261 261 261 261 261 261 262 262 262 262 262 262 262 262 262 262 262 263 263 263 263 263 263 263 263 263 263 264 264 264 264 264 264 264 264 264 264 264 264 265 265 265 265 265 265 265 265 265 265 266 266 266 266 266 266 266 266 266 266 266 267 267 267 267 267 267 267 267 267 267 267 268 268 268 268 268 268 268 268 268 268 269 269 269 269 269 269 269 269 269 269 270 270 270 270 270 270 270 270 270 270 271 271 246 246 246 246 246 246 246 247 247 247 247 247 247 247 247 248 248 248 248 248 248 248 248 248 249 249 249 249 249 249 249 249 250 250 250 250 250 250 250 251 251 251 251 251 251 251 251 252 252 252 252 252 252 252 253 253 253 253 253 253 253 253 254 254 254 254 254 254 254 254 255 254 254 255 255 255 255 255 255 255 255 256 256 256 256 256 256 256 257 257 257 257 257 257 257 257 258 258 258 258 258 258 258 258 259 259 259 259 259 259 259 259 259 259 260 260 260 260 260 260 260 260 260 260 260 260 260 260 261 261 261 261 261 261 261 261 261 261 261 262 262 262 262 262 262 262 262 262 262 263 263 263 263 263 263 263 263 263 263 264 264 264 264 264 264 264 264 264 264 264 265 265 265 265 265 265 265 265 265 265 265 266 266 266 266 266 266 266 266 266 266 266 267 267 267 267 267 267 267 267 267 267 267 268 268 268 268 268 268 268 268 268 268 269 269 269 269 269 269 269 269 269 269 270 270 270 270 270 270 270 270 270 270 271 271 271 271 271 246 246 246 246 246 246 247 247 247 247 247 247 247 248 248 248 248 248 248 248 248 248 249 249 249 249 249 249 249 249 250 250 250 250 250 250 250 251 251 251 251 251 251 251 251 252 252 252 252 252 252 252 253 253 253 253 253 253 253 253 254 254 254 254 254 254 254 254 255 254 254 255 255 255 255 255 255 255 256 256 256 256 256 256 256 256 257 257 257 257 257 257 257 258 258 258 258 258 258 258 258 259 259 259 259 259 259 259 259 259 259 260 260 260 260 260 260 260 260 260 260 260 260 260 260 261 261 261 261 261 261 261 261 261 261 261 262 262 262 262 262 262 262 262 262 262 262 263 263 263 263 263 263 263 263 263 263 264 264 264 264 264 264 264 264 264 264 265 265 265 265 265 265 265 265 265 265 265 265 266 266 266 266 266 266 266 266 266 266 267 267 267 267 267 267 267 267 267 267 267 268 268 268 268 268 268 268 268 268 268 269 269 269 269 269 269 269 269 269 269 270 270 270 270 270 270 270 270 270 270 271 271 271 271 271 271 271 246 246 246 246 246 246 247 247 247 247 247 247 248 248 248 248 248 248 248 248 248 249 249 249 249 249 249 249 249 250 250 250 250 250 250 250 251 251 251 251 251 251 251 251 252 252 252 252 252 252 252 253 253 253 253 253 253 253 253 254 254 254 254 254 254 254 255 255 254 255 255 255 255 255 255 255 255 256 256 256 256 256 256 256 257 257 257 257 257 257 257 257 258 258 258 258 258 258 258 258 259 259 259 259 259 259 259 259 259 260 260 260 260 260 260 260 260 260 260 260 260 260 260 260 261 261 261 261 261 261 261 261 261 261 262 262 262 262 262 262 262 262 262 262 263 263 263 263 263 263 263 263 263 263 263 264 264 264 264 264 264 264 264 264 264 265 265 265 265 265 265 265 265 265 265 265 265 266 266 266 266 266 266 266 266 266 266 267 267 267 267 267 267 267 267 267 267 267 268 268 268 268 268 268 268 268 268 268 269 269 269 269 269 269 269 269 269 269 270 270 270 270 270 270 270 270 270 270 271 271 271 271 271 271 271 271 271 247 247 247 248 248 248 248 248 248 248 248 248 249 249 249 249 249 249 249 249 250 250 250 250 250 250 250 251 251 251 251 251 251 251 251 252 252 252 252 252 252 252 253 253 253 253 253 253 253 253 254 254 254 254 254 254 254 255 255 254 255 255 255 255 255 255 255 255 256 256 256 256 256 256 256 257 257 257 257 257 257 257 257 258 258 258 258 258 258 258 259 259 259 259 259 259 259 259 259 259 260 260 260 260 260 260 260 260 260 260 260 260 260 260 261 261 261 261 261 261 261 261 261 261 261 262 262 262 262 262 262 262 262 262 262 263 263 263 263 263 263 263 263 263 263 264 264 264 264 264 264 264 264 264 264 265 265 265 265 265 265 265 265 265 265 265 265 266 266 266 266 266 266 266 266 266 266 267 267 267 267 267 267 267 267 267 267 267 268 268 268 268 268 268 268 268 268 268 269 269 269 269 269 269 269 269 269 269 270 270 270 270 270 270 270 270 270 270 271 271 271 271 271 271 271 271 271 271 272 272 247 247 248 248 248 248 248 248 248 248 248 249 249 249 249 249 249 249 249 250 250 250 250 250 250 250 251 251 251 251 251 251 251 251 252 252 252 252 252 252 252 253 253 253 253 253 253 253 253 254 254 254 254 254 254 254 255 255 254 255 255 255 255 255 255 255 255 256 256 256 256 256 256 256 257 257 257 257 257 257 257 258 258 258 258 258 258 258 258 259 259 259 259 259 259 259 259 259 260 260 260 260 260 260 260 260 260 260 260 260 260 260 260 261 261 261 261 261 261 261 261 261 261 262 262 262 262 262 262 262 262 262 262 263 263 263 263 263 263 263 263 263 263 264 264 264 264 264 264 264 264 264 264 264 265 265 265 265 265 265 265 265 265 265 265 266 266 266 266 266 266 266 266 266 266 267 267 267 267 267 267 267 267 267 267 267 268 268 268 268 268 268 268 268 268 268 269 269 269 269 269 269 269 269 269 269 270 270 270 270 270 270 270 270 270 270 271 271 271 271 271 271 271 271 271 271 272 272 272 272 272 272 247 247 247 248 248 248 248 248 248 248 248 249 249 249 249 249 249 249 249 250 250 250 250 250 250 250 251 251 251 251 251 251 251 251 252 252 252 252 252 252 252 253 253 253 253 253 253 253 253 254 254 254 254 254 254 254 255 255 254 255 255 255 255 255 255 255 256 256 256 256 256 256 256 256 257 257 257 257 257 257 257 258 258 258 258 258 258 258 258 259 259 259 259 259 259 259 259 259 260 260 260 260 260 260 260 260 260 260 260 260 260 260 261 261 261 261 261 261 261 261 261 261 261 262 262 262 262 262 262 262 262 262 262 263 263 263 263 263 263 263 263 263 263 264 264 264 264 264 264 264 264 264 264 265 265 265 265 265 265 265 265 265 265 265 266 266 266 266 266 266 266 266 266 266 267 267 267 267 267 267 267 267 267 267 267 268 268 268 268 268 268 268 268 268 268 269 269 269 269 269 269 269 269 269 269 270 270 270 270 270 270 270 270 270 270 271 271 271 271 271 271 271 271 271 271 272 272 272 272 272 272 272 272 272 272 274 274 274 247 247 247 248 248 248 248 248 248 248 248 249 249 249 249 249 249 249 249 250 250 250 250 250 250 250 251 251 251 251 251 251 251 251 252 252 252 252 252 252 252 253 253 253 253 253 253 253 253 254 254 254 254 254 254 254 255 255 254 255 255 255 255 255 255 255 256 256 256 256 256 256 256 256 257 257 257 257 257 257 257 258 258 258 258 258 258 258 258 259 259 259 259 259 259 259 259 259 260 260 260 260 260 260 260 260 260 260 260 260 260 261 261 261 261 261 261 261 261 261 261 261 262 262 262 262 262 262 262 262 262 262 262 263 263 263 263 263 263 263 263 263 263 264 264 264 264 264 264 264 264 264 265 265 265 265 265 265 265 265 265 265 265 265 266 266 266 266 266 266 266 266 266 267 267 267 267 267 267 267 267 267 267 267 267 268 268 268 268 268 268 268 268 268 269 269 269 269 269 269 269 269 269 269 270 270 270 270 270 270 270 270 270 270 271 271 271 271 271 271 271 271 271 271 272 272 272 272 272 272 272 272 272 272 272 273 273 273 274 274 274 274 247 247 247 247 248 248 248 248 248 248 248 248 249 249 249 249 249 249 249 250 250 250 250 250 250 250 251 251 251 251 251 251 251 251 252 252 252 252 252 252 252 253 253 253 253 253 253 253 253 254 254 254 254 254 254 254 255 255 255 255 255 255 255 255 255 255 256 256 256 256 256 256 256 257 257 257 257 257 257 257 257 258 258 258 258 258 258 258 258 259 259 259 259 259 259 259 259 259 260 260 260 260 260 260 260 260 260 261 260 260 260 261 261 261 261 261 261 261 261 261 261 261 262 262 262 262 262 262 262 262 262 262 262 262 263 263 263 263 263 263 263 263 264 264 264 264 264 264 264 264 264 264 265 265 265 265 265 265 265 265 265 265 265 266 266 266 266 266 266 266 266 266 266 267 267 267 267 267 267 267 267 267 267 267 268 268 268 268 268 268 268 268 268 269 269 269 269 269 269 269 269 269 269 270 270 270 270 270 270 270 270 270 270 271 271 271 271 271 271 271 271 271 271 272 272 272 272 272 272 272 272 272 272 272 273 273 273 273 273 273 274 274 274 274 274 274 247 247 247 248 248 248 248 248 248 248 248 249 249 249 249 249 249 249 250 250 250 250 250 250 250 251 251 251 251 251 251 251 251 252 252 252 252 252 252 252 253 253 253 253 253 253 253 253 254 254 254 254 254 254 254 255 255 255 255 255 255 255 255 255 255 256 256 256 256 256 256 256 257 257 257 257 257 257 257 258 258 258 258 258 258 258 258 258 259 259 259 259 259 259 259 259 259 260 260 260 260 260 260 260 260 260 261 260 260 260 261 261 261 261 261 261 261 261 261 261 261 262 262 262 262 262 262 262 262 262 262 262 262 262 263 263 263 263 263 263 264 264 264 264 264 264 264 264 264 264 265 265 265 265 265 265 265 265 265 265 265 266 266 266 266 266 266 266 266 266 266 267 267 267 267 267 267 267 267 267 267 268 268 268 268 268 268 268 268 268 268 269 269 269 269 269 269 269 269 269 269 270 270 270 270 270 270 270 270 270 270 271 271 271 271 271 271 271 271 271 271 272 272 272 272 272 272 272 272 272 272 272 273 273 273 273 273 273 273 273 273 273 274 274 274 274 274 274 274 274 247 247 248 248 248 248 248 248 248 249 249 249 249 249 249 249 250 250 250 250 250 250 250 251 251 251 251 251 251 251 251 252 252 252 252 252 252 252 253 253 253 253 253 253 253 254 254 254 254 254 254 254 254 255 255 255 255 255 255 255 255 255 255 256 256 256 256 256 256 256 257 257 257 257 257 257 257 258 258 258 258 258 258 258 258 258 259 259 259 259 259 259 259 259 260 260 260 260 260 260 260 260 260 261 261 260 260 261 261 261 261 261 261 261 261 261 261 261 262 262 262 262 262 262 262 262 262 262 263 263 263 263 263 263 263 263 263 263 264 264 264 264 264 264 264 264 264 264 265 265 265 265 265 265 265 265 265 265 265 266 266 266 266 266 266 266 266 266 267 267 267 267 267 267 267 267 267 267 267 268 268 268 268 268 268 268 268 268 269 269 269 269 269 269 269 269 269 269 270 270 270 270 270 270 270 270 270 270 271 271 271 271 271 271 271 271 271 271 272 272 272 272 272 272 272 272 272 272 272 273 273 273 273 273 273 273 273 273 273 274 274 274 274 274 274 274 274 274 248 248 248 248 248 248 249 249 249 249 249 249 249 250 250 250 250 250 250 250 250 251 251 251 251 251 251 251 252 252 252 252 252 252 252 253 253 253 253 253 253 253 254 254 254 254 254 254 254 254 255 255 255 255 255 255 255 255 255 256 256 256 256 256 256 256 256 257 257 257 257 257 257 257 258 258 258 258 258 258 258 258 259 259 259 259 259 259 259 259 259 260 260 260 260 260 260 260 260 260 261 261 260 260 261 261 261 261 261 261 261 261 261 261 262 262 262 262 262 262 262 262 262 262 263 263 263 263 263 263 263 263 263 263 263 263 264 264 264 264 264 264 264 264 265 265 265 265 265 265 265 265 265 265 265 266 266 266 266 266 266 266 266 266 267 267 267 267 267 267 267 267 267 267 267 268 268 268 268 268 268 268 268 268 268 269 269 269 269 269 269 269 269 269 269 270 270 270 270 270 270 270 270 270 271 271 271 271 271 271 271 271 271 271 272 272 272 272 272 272 272 272 272 272 273 273 273 273 273 273 273 273 273 273 273 274 274 274 274 274 274 274 274 274 274 275 248 248 248 248 249 249 249 249 249 249 250 250 250 250 250 250 250 250 251 251 251 251 251 251 251 252 252 252 252 252 252 252 253 253 253 253 253 253 253 254 254 254 254 254 254 254 254 255 255 255 255 255 255 255 255 255 256 256 256 256 256 256 256 256 257 257 257 257 257 257 257 258 258 258 258 258 258 258 258 259 259 259 259 259 259 259 259 259 260 260 260 260 260 260 260 260 260 261 261 260 261 261 261 261 261 261 261 261 261 261 262 262 262 262 262 262 262 262 262 262 263 263 263 263 263 263 263 263 263 263 263 263 263 264 264 264 264 264 264 264 265 265 265 265 265 265 265 265 265 265 265 265 266 266 266 266 266 266 266 266 266 267 267 267 267 267 267 267 267 267 267 267 268 268 268 268 268 268 268 268 268 269 269 269 269 269 269 269 269 269 269 270 270 270 270 270 270 270 270 270 271 271 271 271 271 271 271 271 271 271 272 272 272 272 272 272 272 272 272 272 272 273 273 273 273 273 273 273 273 273 273 274 274 274 274 274 274 274 274 274 274 275 275 275 248 249 249 249 249 249 249 249 250 250 250 250 250 250 250 251 251 251 251 251 251 251 252 252 252 252 252 252 252 253 253 253 253 253 253 253 253 254 254 254 254 254 254 254 255 255 255 255 255 255 255 255 255 256 256 256 256 256 256 256 257 257 257 257 257 257 257 257 258 258 258 258 258 258 258 258 259 259 259 259 259 259 259 259 259 260 260 260 260 260 260 260 260 260 261 261 260 261 261 261 261 261 261 261 261 261 261 262 262 262 262 262 262 262 262 262 262 263 263 263 263 263 263 263 263 263 264 264 264 263 264 264 264 264 264 264 264 265 265 265 265 265 265 265 265 265 265 265 266 266 266 266 266 266 266 266 266 267 267 267 267 267 267 267 267 267 267 267 267 268 268 268 268 268 268 268 268 269 269 269 269 269 269 269 269 269 269 270 270 270 270 270 270 270 270 270 271 271 271 271 271 271 271 271 271 271 272 272 272 272 272 272 272 272 272 272 273 273 273 273 273 273 273 273 273 273 273 274 274 274 274 274 274 274 274 274 274 275 275 275 275 249 249 249 249 249 249 250 250 250 250 250 250 250 251 251 251 251 251 251 252 252 252 252 252 252 252 252 253 253 253 253 253 253 253 254 254 254 254 254 254 254 255 255 255 255 255 255 255 255 255 256 256 256 256 256 256 256 257 257 257 257 257 257 257 257 258 258 258 258 258 258 258 258 259 259 259 259 259 259 259 259 259 260 260 260 260 260 260 260 260 260 261 261 260 261 261 261 261 261 261 261 261 261 262 262 262 262 262 262 262 262 262 262 262 263 263 263 263 263 263 263 263 264 264 264 264 264 264 264 264 264 264 264 265 265 265 265 265 265 265 265 265 265 265 266 266 266 266 266 266 266 266 266 266 267 267 267 267 267 267 267 267 267 267 268 268 268 268 268 268 268 268 268 269 269 269 269 269 269 269 269 269 269 270 270 270 270 270 270 270 270 270 270 271 271 271 271 271 271 271 271 271 272 272 272 272 272 272 272 272 272 272 273 273 273 273 273 273 273 273 273 273 273 274 274 274 274 274 274 274 274 274 274 275 275 275 275 275 275 249 249 249 250 250 250 250 250 250 250 251 251 251 251 251 251 252 252 252 252 252 252 252 252 253 253 253 253 253 253 253 254 254 254 254 254 254 254 255 255 255 255 255 255 255 255 255 256 256 256 256 256 256 256 257 257 257 257 257 257 257 257 258 258 258 258 258 258 258 258 259 259 259 259 259 259 259 259 259 260 260 260 260 260 260 260 260 261 261 261 260 261 261 261 261 261 261 261 261 261 262 262 262 262 262 262 262 262 262 262 262 263 263 263 263 263 263 263 263 264 264 264 264 264 264 264 264 264 264 264 265 265 265 265 265 265 265 265 265 266 266 266 266 266 266 266 266 266 266 266 267 267 267 267 267 267 267 267 267 267 268 268 268 268 268 268 268 268 268 269 269 269 269 269 269 269 269 269 269 269 270 270 270 270 270 270 270 270 270 271 271 271 271 271 271 271 271 271 272 272 272 272 272 272 272 272 272 272 272 273 273 273 273 273 273 273 273 273 273 274 274 274 274 274 274 274 274 274 274 275 275 275 275 275 275 275 275 275 275 250 250 250 250 250 250 250 251 251 251 251 251 251 252 252 252 252 252 252 252 252 253 253 253 253 253 253 253 254 254 254 254 254 254 255 255 255 255 255 255 255 255 255 256 256 256 256 256 256 256 257 257 257 257 257 257 257 257 258 258 258 258 258 258 258 258 259 259 258 259 259 259 259 259 259 260 260 260 260 260 260 260 260 261 261 261 260 261 261 261 261 261 261 261 261 262 262 262 262 262 262 262 262 262 262 262 262 263 263 263 263 263 263 263 263 264 264 264 264 264 264 264 264 264 264 265 265 265 265 265 265 265 265 265 266 266 266 266 266 266 266 266 266 266 266 267 267 267 267 267 267 267 267 267 267 268 268 268 268 268 268 268 268 268 269 269 269 269 269 269 269 269 269 269 269 270 270 270 270 270 270 270 270 270 271 271 271 271 271 271 271 271 271 272 272 272 272 272 272 272 272 272 272 272 273 273 273 273 273 273 273 273 273 273 274 274 274 274 274 274 274 274 274 274 275 275 275 275 275 275 275 275 275 275 275 276 276 276 276 276 277 277 252 252 252 252 253 253 253 253 253 253 253 253 254 254 254 254 254 254 255 255 255 255 255 255 255 255 255 256 256 256 256 256 256 256 257 257 257 257 257 257 257 258 258 258 258 258 258 258 258 258 258 259 259 259 259 259 259 259 259 260 260 260 260 260 260 260 261 261 261 261 261 261 261 261 261 261 261 261 262 262 262 262 262 262 262 262 262 262 262 262 263 263 263 263 263 263 263 263 264 264 264 264 264 264 264 264 264 264 265 265 265 265 265 265 265 265 265 266 266 266 266 266 266 266 266 266 266 266 267 267 267 267 267 267 267 267 267 268 268 268 268 268 268 268 268 268 268 269 269 269 269 269 269 269 269 269 269 270 270 270 270 270 270 270 270 270 270 271 271 271 271 271 271 271 271 271 272 272 272 272 272 272 272 272 272 272 273 273 273 273 273 273 273 273 273 273 274 274 274 274 274 274 274 274 274 274 275 275 275 275 275 275 275 275 275 275 275 276 276 276 276 276 276 276 276 277 277 277 277 277 277 252 252 252 252 253 253 253 253 253 253 253 253 254 254 254 254 254 254 254 254 254 255 255 255 255 255 255 255 255 256 256 256 256 256 256 257 257 257 257 257 257 257 257 258 258 258 258 258 258 258 258 259 259 259 259 259 259 259 259 259 260 260 260 260 260 260 261 261 261 261 261 261 261 261 261 261 261 261 262 262 262 262 262 262 262 262 262 262 263 263 263 263 263 263 263 263 263 263 263 264 264 264 264 264 264 264 264 264 265 265 265 265 265 265 265 265 266 266 266 266 266 266 266 266 266 266 266 267 267 267 267 267 267 267 267 267 267 268 268 268 268 268 268 268 268 268 269 269 269 269 269 269 269 269 269 269 270 270 270 270 270 270 270 270 270 270 271 271 271 271 271 271 271 271 271 272 272 272 272 272 272 272 272 272 272 273 273 273 273 273 273 273 273 273 273 274 274 274 274 274 274 274 274 274 274 275 275 275 275 275 275 275 275 275 275 276 276 276 276 276 276 276 276 276 276 277 277 277 277 277 277 277 277 277 277 278 252 252 252 253 253 253 253 253 253 253 254 254 254 254 254 254 254 254 254 254 254 255 255 255 255 255 255 255 256 256 256 256 256 256 256 256 257 257 257 257 257 257 257 257 258 258 258 258 258 258 259 259 259 259 259 259 259 259 259 260 260 260 260 260 260 261 261 261 261 261 261 261 261 261 261 261 262 262 262 262 262 262 262 262 262 262 262 263 263 263 263 263 263 263 263 263 263 263 264 264 264 264 264 264 264 264 264 265 265 265 265 265 265 265 265 266 266 266 266 266 266 266 266 266 266 266 267 267 267 267 267 267 267 267 267 268 268 268 268 268 268 268 268 268 268 269 269 269 269 269 269 269 269 269 269 270 270 270 270 270 270 270 270 270 270 271 271 271 271 271 271 271 271 272 272 272 272 272 272 272 272 272 272 273 273 273 273 273 273 273 273 273 273 274 274 274 274 274 274 274 274 274 274 275 275 275 275 275 275 275 275 275 275 276 276 276 276 276 276 276 276 276 277 277 277 277 277 277 277 277 277 277 277 278 278 278 278 278 278 278 250 250 250 250 252 252 252 253 253 253 253 253 253 254 254 254 254 254 254 254 254 254 254 254 255 255 255 255 255 256 255 256 256 256 256 256 256 256 257 257 257 257 257 257 257 257 257 258 258 258 258 258 258 259 259 259 259 259 259 259 259 259 259 260 260 260 260 260 261 261 261 261 261 261 261 261 261 261 261 262 262 262 262 262 262 262 262 262 262 263 263 263 263 263 263 263 263 263 263 263 264 264 264 264 264 264 264 264 264 265 265 265 265 265 265 265 265 266 266 266 266 266 266 266 266 266 266 266 267 267 267 267 267 267 267 267 267 268 268 268 268 268 268 268 268 268 268 269 269 269 269 269 269 269 269 269 269 270 270 270 270 270 270 270 270 270 270 271 271 271 271 271 271 271 271 272 272 272 272 272 272 272 272 272 272 273 273 273 273 273 273 273 273 273 273 274 274 274 274 274 274 274 274 274 274 275 275 275 275 275 275 275 275 275 275 276 276 276 276 276 276 276 276 277 277 277 277 277 277 277 277 277 277 277 278 278 278 278 278 278 278 278 278 248 248 248 248 250 250 250 250 252 252 253 253 253 253 253 253 254 254 254 254 254 254 254 254 254 254 255 255 255 255 255 255 255 256 256 256 256 256 256 256 256 256 257 257 257 257 257 258 257 257 258 258 258 258 258 258 259 259 259 259 259 259 259 259 260 260 260 260 260 260 260 260 261 261 261 261 261 261 261 261 261 261 262 262 262 262 262 262 262 262 262 262 262 263 263 263 263 263 263 263 263 264 264 264 264 264 264 264 264 264 264 265 265 265 265 265 265 265 265 265 266 266 266 266 266 266 266 266 266 266 267 267 267 267 267 267 267 267 267 267 268 268 268 268 268 268 268 268 268 269 269 269 269 269 269 269 269 269 269 270 270 270 270 270 270 270 270 270 270 271 271 271 271 271 271 271 271 271 272 272 272 272 272 272 272 272 272 273 273 273 273 273 273 273 273 273 273 274 274 274 274 274 274 274 274 274 275 275 275 275 275 275 275 275 275 275 275 276 276 276 276 276 276 276 276 277 277 277 277 277 277 277 277 277 277 277 278 278 278 278 278 278 278 278 278 278 278 279 279 279 248 248 248 249 249 250 250 250 250 250 250 252 252 252 252 252 253 253 253 253 253 254 254 254 254 254 254 254 254 254 254 255 255 255 255 255 255 255 256 256 256 256 256 256 256 256 256 256 257 257 257 257 257 258 258 258 258 258 258 258 258 258 259 259 259 259 259 259 259 259 260 260 260 260 260 260 260 260 261 261 261 261 261 261 261 261 261 261 262 262 262 262 262 262 262 262 262 262 262 262 262 263 263 263 263 263 263 264 264 264 264 264 264 264 264 264 265 265 265 265 265 265 265 265 265 266 266 266 266 266 266 266 266 266 266 266 267 267 267 267 267 267 267 267 267 268 268 268 268 268 268 268 268 268 268 269 269 269 269 269 269 269 269 269 270 270 270 270 270 270 270 270 270 270 271 271 271 271 271 271 271 271 271 271 272 272 272 272 272 272 272 272 273 273 273 273 273 273 273 273 273 273 274 274 274 274 274 274 274 274 274 275 275 275 275 275 275 275 275 275 275 275 276 276 276 276 276 276 276 276 277 277 277 277 277 277 277 277 277 277 277 277 278 278 278 278 278 278 278 278 278 278 279 279 279 279 279 279 248 248 249 249 249 249 250 250 250 250 251 251 252 252 253 253 253 253 253 253 253 253 254 254 254 254 254 254 254 254 254 255 255 255 255 255 255 255 255 256 256 256 256 257 256 256 256 257 257 257 257 257 257 258 258 258 258 258 259 258 258 258 259 259 259 259 259 259 259 260 260 260 260 260 260 260 260 260 260 260 260 260 261 261 261 261 261 261 261 261 262 262 262 262 262 262 262 262 262 262 262 262 262 263 263 263 263 263 264 264 264 264 264 264 264 265 265 265 265 265 265 265 265 265 265 266 266 266 266 266 266 266 266 266 266 267 267 267 267 267 267 267 267 267 268 268 268 268 268 268 268 268 268 268 269 269 269 269 269 269 269 269 269 270 270 270 270 270 270 270 270 270 271 271 271 271 271 271 271 271 271 271 271 272 272 272 272 272 272 272 272 273 273 273 273 273 273 273 273 273 273 274 274 274 274 274 274 274 274 274 275 275 275 275 275 275 275 275 275 275 275 276 276 276 276 276 276 276 276 276 277 277 277 277 277 277 277 277 277 277 278 278 278 278 278 278 278 278 278 278 278 278 279 279 279 279 279 279 279 248 248 248 249 249 249 249 249 249 249 250 250 250 250 250 250 251 251 251 251 251 251 252 252 252 252 253 253 253 253 253 253 253 254 254 254 254 254 254 254 254 254 255 255 255 255 255 255 255 255 256 256 256 256 256 257 257 256 256 257 257 257 257 258 258 258 258 258 258 258 258 258 258 258 259 259 259 259 259 259 259 260 260 260 260 260 260 260 260 260 260 260 260 260 261 261 261 261 261 261 261 261 262 262 262 262 262 262 262 262 263 263 263 263 263 263 263 263 263 263 264 264 264 264 264 264 265 265 265 265 265 265 265 265 265 266 266 266 266 266 266 266 266 266 266 266 267 267 267 267 267 267 267 267 267 268 268 268 268 268 268 268 268 268 269 269 269 269 269 269 269 269 269 269 270 270 270 270 270 270 270 270 271 271 271 271 271 271 271 271 271 271 272 272 272 272 272 272 272 272 272 272 273 273 273 273 273 273 273 273 273 274 274 274 274 274 274 274 274 274 275 275 275 275 275 275 275 275 275 275 276 276 276 276 276 276 276 276 276 276 276 277 277 277 277 277 277 277 277 277 278 278 278 278 278 278 278 278 278 278 278 278 278 279 279 279 279 279 279 279 279 279 280 248 248 248 248 248 249 249 249 249 249 249 249 250 250 250 250 250 250 250 251 251 251 251 251 251 251 252 252 252 252 252 252 252 252 253 253 253 253 253 254 254 254 254 254 254 255 255 254 254 254 255 255 255 255 255 255 255 256 256 256 256 256 257 257 257 257 257 257 257 258 258 258 258 258 258 258 259 259 259 259 259 259 259 260 259 259 260 260 260 260 260 260 260 260 260 261 261 261 261 261 261 261 261 261 261 261 261 262 262 262 262 262 262 262 262 263 263 263 263 263 263 263 263 263 263 263 263 264 264 264 264 264 264 265 265 265 265 265 265 265 265 265 266 266 266 266 266 266 266 266 266 266 267 267 267 267 267 267 267 267 267 268 268 268 268 268 268 268 268 268 268 269 269 269 269 269 269 269 269 270 270 270 270 270 270 270 270 270 271 271 271 271 271 271 271 271 271 271 272 272 272 272 272 272 272 272 272 272 273 273 273 273 273 273 273 273 273 274 274 274 274 274 274 274 274 274 275 275 275 275 275 275 275 275 275 275 276 276 276 276 276 276 276 276 276 276 276 277 277 277 277 277 277 277 277 277 277 278 278 278 278 278 277 278 278 278 278 278 278 278 279 279 279 279 279 279 279 280 280 280 280 248 248 248 248 248 248 249 249 249 249 249 249 249 249 250 250 250 250 250 250 251 251 251 251 251 251 251 252 252 252 252 252 252 252 252 253 253 253 253 254 254 254 254 254 254 254 254 255 255 254 255 255 255 255 255 255 255 256 256 256 256 256 257 257 257 257 257 257 257 257 257 258 258 258 258 258 259 259 259 259 259 259 259 260 260 260 260 260 260 260 260 260 260 261 261 261 261 261 261 261 261 261 261 261 261 261 262 262 262 262 262 262 262 262 262 262 262 262 263 263 263 263 263 263 264 264 264 263 263 264 264 264 264 265 265 265 265 265 265 265 265 265 266 266 266 266 266 266 266 266 266 266 267 267 267 267 267 267 267 267 267 268 268 268 268 268 268 268 268 268 268 269 269 269 269 269 269 269 269 269 270 270 270 270 270 270 270 270 271 271 271 271 271 271 271 271 271 271 272 272 272 272 272 272 272 272 272 272 273 273 273 273 273 273 273 273 273 274 274 274 274 274 274 274 274 274 275 275 275 275 275 275 275 275 275 275 276 276 276 276 276 276 276 276 276 276 277 277 277 277 277 277 277 277 277 277 277 278 278 278 277 277 277 277 278 278 278 278 278 278 278 279 279 279 279 279 279 279 280 280 280 280 247 248 248 248 248 248 248 248 249 249 249 249 249 249 249 250 250 250 250 250 250 250 251 251 251 251 251 251 251 251 252 252 252 252 252 252 253 253 253 253 253 253 254 254 254 254 254 254 255 255 255 255 255 255 255 255 255 255 256 256 256 256 256 256 257 257 257 257 257 257 257 257 257 257 257 257 258 258 258 259 259 259 259 259 259 259 259 260 260 260 260 260 260 260 260 260 261 261 261 261 261 261 261 261 261 261 261 261 261 262 262 262 262 262 262 262 262 262 263 263 263 263 263 263 263 263 263 264 264 264 264 264 264 264 264 265 265 265 265 265 265 265 265 265 266 266 266 266 266 266 266 266 266 266 267 267 267 267 267 267 267 267 267 268 268 268 268 268 268 268 268 268 269 269 269 269 269 269 269 269 269 270 270 270 270 270 270 270 270 271 271 271 271 271 271 271 271 271 271 272 272 272 272 272 272 272 272 272 272 272 273 273 273 273 273 273 273 273 274 274 274 274 274 274 274 274 274 274 275 275 275 275 275 275 275 275 275 276 276 276 276 276 276 276 276 276 276 277 277 277 277 277 277 277 277 277 277 277 278 278 277 277 277 277 278 278 278 278 278 278 278 279 279 279 279 279 279 279 279 279 279 280 280 280 246 246 246 247 247 247 248 248 248 248 248 248 248 249 249 249 249 249 249 249 250 250 250 250 250 250 250 251 251 251 251 251 251 251 251 252 252 252 252 252 252 253 253 253 253 253 253 254 254 254 254 254 254 254 254 255 255 255 255 255 255 256 256 256 256 256 256 256 257 257 257 257 257 257 257 257 257 258 258 257 257 258 258 258 258 258 259 259 259 259 259 259 259 259 259 260 260 260 260 260 261 261 261 261 261 261 261 261 261 261 261 261 261 262 262 262 262 262 262 262 262 262 263 263 263 263 263 263 263 263 263 263 264 264 264 264 264 264 264 264 264 265 265 265 265 265 265 265 266 266 266 266 266 266 266 266 266 266 267 267 267 267 267 267 267 267 267 268 268 268 268 268 268 268 268 268 269 269 269 269 269 269 269 269 269 269 270 270 270 270 270 270 270 270 271 271 271 271 271 271 271 271 271 272 272 272 272 272 272 272 272 272 272 272 272 273 273 273 273 273 273 273 274 274 274 274 274 274 274 274 274 274 275 275 275 275 275 275 275 275 275 276 276 276 276 276 276 276 276 276 276 277 277 277 277 277 277 277 277 277 278 278 278 278 277 277 277 277 278 279 279 279 279 279 279 280 280 279 279 279 279 279 279 279 279 280 280 280 280 246 246 246 246 247 247 247 247 247 247 248 248 248 248 248 248 248 249 249 249 249 249 249 249 249 250 250 250 250 250 250 250 251 251 251 251 251 251 251 252 252 252 252 252 252 252 252 253 253 253 253 253 253 254 254 254 254 254 254 254 255 255 255 255 255 255 255 255 256 256 256 256 256 256 256 256 257 257 257 257 257 257 258 257 257 258 258 258 258 259 259 259 259 259 259 259 259 259 259 260 260 260 260 260 260 261 261 261 261 261 261 261 261 261 261 261 261 262 262 262 262 262 262 262 262 263 263 263 263 263 263 263 263 263 263 264 264 264 264 264 264 264 264 264 264 265 265 265 265 265 265 265 266 266 266 266 266 266 266 266 266 267 267 267 267 267 267 267 267 267 268 268 268 268 268 268 268 268 268 268 269 269 269 269 269 269 269 269 269 270 270 270 270 270 270 270 270 270 271 271 271 271 271 271 271 271 272 272 272 272 272 272 272 272 272 272 272 273 273 273 273 273 273 273 273 274 274 274 274 274 274 274 274 274 274 275 275 275 275 275 275 275 275 275 275 276 276 276 276 276 276 276 276 276 276 277 277 277 277 277 277 277 277 278 278 278 278 277 277 278 278 278 278 278 278 278 279 279 279 280 280 279 279 279 279 279 280 280 280 280 246 246 246 246 246 247 247 247 247 247 247 248 248 248 248 248 248 248 248 249 249 249 249 249 249 249 250 250 250 250 250 250 250 251 251 251 251 251 251 251 252 252 252 252 252 252 252 253 253 253 253 253 253 253 253 254 254 254 254 254 254 254 254 255 255 255 255 255 255 255 255 256 256 256 256 256 256 256 257 257 257 257 257 257 258 258 258 258 258 258 258 259 259 259 259 259 259 259 259 260 260 260 260 260 260 260 261 261 261 261 261 261 261 261 261 261 261 261 262 262 262 262 262 262 262 262 263 263 263 263 263 263 263 263 264 264 264 264 264 264 264 264 264 264 264 264 265 265 265 265 265 265 266 266 266 266 266 266 266 266 266 266 267 267 267 267 267 267 267 267 267 268 268 268 268 268 268 268 268 268 269 269 269 269 269 269 269 269 269 269 270 270 270 270 270 270 270 270 271 271 271 271 271 271 271 271 272 272 272 272 272 272 272 272 272 273 273 273 273 273 273 273 273 273 273 274 274 274 274 274 274 274 274 274 274 275 275 275 275 275 275 275 275 275 275 276 276 276 276 276 276 276 276 276 276 277 277 277 277 277 277 277 277 278 278 278 278 278 278 278 278 278 279 278 278 278 278 279 279 279 279 279 279 279 279 280 280 280 246 246 246 246 247 247 247 247 247 247 248 248 248 248 248 248 248 248 249 249 249 249 249 249 249 249 250 250 250 250 250 250 250 251 251 251 251 251 251 252 252 252 252 252 252 252 253 253 253 253 253 253 253 254 254 254 254 254 254 254 254 254 255 255 255 255 255 255 255 255 256 256 256 256 256 256 257 257 257 257 257 257 257 258 258 258 258 258 258 259 259 259 259 259 259 259 259 260 260 260 260 260 260 260 261 261 261 261 261 261 261 261 261 261 261 262 262 262 262 262 262 262 262 262 263 263 263 263 263 263 263 263 263 264 264 264 264 264 264 264 264 264 265 265 264 265 265 265 265 265 265 266 266 266 266 266 266 266 266 267 267 267 267 267 267 267 267 267 267 267 268 268 268 268 268 268 268 268 269 269 269 269 269 269 269 269 269 269 270 270 270 270 270 270 270 270 271 271 271 271 271 271 271 271 272 272 272 272 272 272 272 272 272 273 273 273 273 273 273 273 273 273 273 273 274 274 274 274 274 274 274 274 274 275 275 275 275 275 275 275 275 275 275 276 276 276 276 276 276 276 276 276 276 277 277 277 277 277 277 277 277 278 278 278 278 278 278 278 278 278 278 278 278 278 278 279 279 279 279 279 279 279 280 280 280 280 280 246 246 246 247 247 247 247 247 247 247 248 248 248 248 248 248 248 249 249 249 249 249 249 249 249 250 250 250 250 250 250 250 251 251 251 251 251 251 252 252 252 252 252 252 252 253 253 253 253 253 253 253 254 254 254 254 254 254 254 254 255 255 255 255 255 255 255 255 255 256 256 256 256 256 256 257 257 257 257 257 257 257 258 258 258 258 258 258 259 259 259 259 259 259 259 259 260 260 260 260 260 260 260 261 261 261 261 261 261 261 261 261 261 261 262 262 262 262 262 262 262 262 263 263 263 263 263 263 263 263 263 263 264 264 264 264 264 264 264 264 264 265 265 265 265 265 265 265 265 266 266 266 266 266 266 266 266 266 267 267 267 267 267 267 267 267 267 267 268 268 268 268 268 268 268 268 268 269 269 269 269 269 269 269 269 269 270 270 270 270 270 270 270 270 270 271 271 271 271 271 271 271 271 272 272 272 272 272 272 272 272 273 273 273 273 273 273 273 273 273 273 273 273 274 274 274 274 274 274 274 274 275 275 275 275 275 275 275 275 275 275 276 276 276 276 276 276 276 276 276 277 277 277 277 277 277 277 277 277 278 278 278 278 278 278 278 278 278 278 278 278 278 279 279 279 279 279 279 279 279 279 280 280 280 280 280 246 246 246 246 247 247 247 247 247 247 248 248 248 248 248 248 248 249 249 249 249 249 249 249 249 250 250 250 250 250 250 250 251 251 251 251 251 251 252 252 252 252 252 252 252 253 253 253 253 253 253 253 254 254 254 254 254 254 254 254 255 255 255 255 255 255 255 256 256 256 256 256 256 256 256 257 257 257 257 257 257 258 258 258 258 258 258 258 259 259 259 259 259 259 259 260 260 260 260 260 260 260 260 261 261 261 261 261 261 261 261 261 261 262 262 262 262 262 262 262 262 262 263 263 263 263 263 263 263 263 263 263 264 264 264 264 264 264 264 264 265 265 265 265 265 265 265 265 265 266 266 266 266 266 266 266 266 266 267 267 267 267 267 267 267 267 267 268 268 268 268 268 268 268 268 268 269 269 269 269 269 269 269 269 269 269 270 270 270 270 270 270 270 270 271 271 271 271 271 271 271 271 272 272 272 272 272 272 272 272 273 273 273 273 273 273 273 273 273 273 273 273 273 274 274 274 274 274 274 274 275 275 275 275 275 275 275 275 275 275 276 276 276 276 276 276 276 276 276 277 277 277 277 277 277 277 277 277 277 278 278 278 278 278 278 278 278 278 278 278 279 279 279 279 279 279 279 279 279 279 280 280 280 280 280 280 280 246 246 246 247 247 247 247 247 247 248 248 248 248 248 248 248 249 249 249 249 249 249 249 250 250 250 250 250 250 250 251 251 251 251 251 251 251 252 252 252 252 252 252 253 253 253 253 253 253 253 253 254 254 254 254 254 254 255 254 255 255 255 255 255 255 255 256 256 256 256 256 256 256 257 257 257 257 257 257 257 258 258 258 258 258 258 258 259 259 259 259 259 259 259 260 260 260 260 260 260 260 260 261 261 261 261 261 261 261 261 261 261 261 262 262 262 262 262 262 262 262 263 263 263 263 263 263 263 263 263 264 264 264 264 264 264 264 264 264 265 265 265 265 265 265 265 265 265 266 266 266 266 266 266 266 266 267 267 267 267 267 267 267 267 267 267 268 268 268 268 268 268 268 268 269 269 269 269 269 269 269 269 269 269 270 270 270 270 270 270 270 270 270 271 271 271 271 271 271 271 271 272 272 272 272 272 272 272 273 273 273 273 273 273 273 273 273 273 273 273 273 273 274 274 274 274 274 274 274 275 275 275 275 275 275 275 275 275 276 276 276 276 276 276 276 276 276 277 277 277 277 277 277 277 277 277 277 277 278 278 278 278 278 278 278 278 279 279 279 279 279 279 279 279 279 279 279 280 280 280 280 280 280 280 280 246 246 247 247 247 247 247 247 248 248 248 248 248 248 248 249 249 249 249 249 249 249 250 250 250 250 250 250 250 251 251 251 251 251 251 251 252 252 252 252 252 252 253 253 253 253 253 253 253 253 254 254 254 254 254 254 254 254 255 255 255 255 255 255 255 256 256 256 256 256 256 256 257 257 257 257 257 257 257 258 258 258 258 258 258 258 259 259 259 259 259 259 259 260 260 260 260 260 260 260 260 261 261 261 261 261 261 261 261 261 261 261 262 262 262 262 262 262 262 262 263 263 263 263 263 263 263 263 263 264 264 264 264 264 264 264 264 265 265 265 265 265 265 265 265 265 265 265 266 266 266 266 266 266 266 267 267 267 267 267 267 267 267 267 268 268 268 268 268 268 268 268 268 269 269 269 269 269 269 269 269 269 270 270 270 270 270 270 270 270 270 271 271 271 271 271 271 271 271 272 272 272 272 272 272 272 272 273 273 273 273 273 273 273 273 273 273 274 274 274 274 274 274 274 274 274 274 275 275 275 275 275 275 275 275 275 276 276 276 276 276 276 276 276 276 276 277 277 277 277 277 277 277 277 277 277 278 278 278 278 278 278 278 279 279 279 279 279 279 279 279 279 279 279 279 280 280 280 280 280 280 280 280 246 246 246 246 247 247 247 247 247 248 248 248 248 248 248 248 249 249 249 249 249 249 249 250 250 250 250 250 250 250 251 251 251 251 251 251 251 252 252 252 252 252 252 253 253 253 253 253 253 253 253 254 254 254 254 254 254 254 254 255 255 255 255 255 255 255 256 256 256 256 256 256 256 257 257 257 257 257 257 257 258 258 258 258 258 258 259 259 259 259 259 259 259 259 260 260 260 260 260 260 260 260 261 261 261 261 261 261 261 261 261 261 262 262 262 262 262 262 262 262 262 263 263 263 263 263 263 263 263 264 264 264 264 264 264 264 264 264 265 265 265 265 265 265 265 265 265 265 265 266 266 266 266 266 266 267 267 267 267 267 267 267 267 267 267 268 268 268 268 268 268 268 268 269 269 269 269 269 269 269 269 269 270 270 270 270 270 270 270 270 270 270 271 271 271 271 271 271 271 271 272 272 272 272 272 272 272 272 273 273 273 273 273 273 273 273 273 274 274 274 274 274 274 274 274 274 274 274 274 275 275 275 275 275 275 275 275 276 276 276 276 276 276 276 276 276 277 277 277 277 277 277 277 277 277 277 278 278 278 278 278 278 278 279 279 279 279 279 279 279 279 279 279 279 280 280 280 280 280 280 280 280 280 246 246 246 246 247 247 247 247 247 248 248 248 248 248 248 248 249 249 249 249 249 249 249 250 250 250 250 250 250 250 251 251 251 251 251 251 251 252 252 252 252 252 252 252 253 253 253 253 253 253 253 254 254 254 254 254 254 254 255 255 255 255 255 255 255 256 256 256 256 256 256 256 256 257 257 257 257 257 257 258 258 258 258 258 258 258 259 259 259 259 259 259 259 259 260 260 260 260 260 260 260 260 261 261 261 261 261 261 261 261 261 261 262 262 262 262 262 262 262 262 263 263 263 263 263 263 263 263 263 264 264 264 264 264 264 264 264 265 265 265 265 265 265 265 265 265 266 266 266 266 266 266 266 266 266 267 267 267 267 267 267 267 267 267 268 268 268 268 268 268 268 268 268 269 269 269 269 269 269 269 269 270 270 270 270 270 270 270 270 270 270 271 271 271 271 271 271 271 271 271 272 272 272 272 272 272 272 273 273 273 273 273 273 273 273 274 274 274 274 274 274 274 274 274 274 274 274 274 274 275 275 275 275 275 275 275 276 276 276 276 276 276 276 276 276 277 277 277 277 277 277 277 277 277 278 278 278 278 278 278 278 278 279 279 279 279 279 279 279 279 279 279 280 280 280 280 280 280 280 280 280 280 280 246 246 246 246 247 247 247 247 247 247 248 248 248 248 248 248 249 249 249 249 249 249 249 250 250 250 250 250 250 250 251 251 251 251 251 251 251 252 252 252 252 252 252 253 253 253 253 253 253 253 253 254 254 254 254 254 254 254 254 255 255 255 255 255 255 256 256 256 256 256 256 256 257 257 257 257 257 257 257 258 258 258 258 258 258 258 259 259 259 259 259 259 259 259 260 260 260 260 260 260 260 260 261 261 261 261 261 261 261 261 261 261 262 262 262 262 262 262 262 262 263 263 263 263 263 263 263 263 264 264 264 264 264 264 264 264 264 265 265 265 265 265 265 265 265 265 266 266 266 266 266 266 266 266 267 267 267 267 267 267 267 267 267 268 268 268 268 268 268 268 268 268 269 269 269 269 269 269 269 269 269 270 270 270 270 270 270 270 270 270 271 271 271 271 271 271 271 271 271 272 272 272 272 272 272 272 273 273 273 273 273 273 273 273 274 274 274 274 274 274 274 274 274 274 274 274 274 275 275 275 275 275 275 275 275 275 276 276 276 276 276 276 276 276 277 277 277 277 277 277 277 277 277 278 278 278 278 278 278 278 278 279 279 279 279 279 279 279 279 279 279 279 280 280 280 280 280 280 280 280 280 280 246 246 246 246 247 247 247 247 247 247 248 248 248 248 248 248 249 249 249 249 249 249 249 250 250 250 250 250 250 250 251 251 251 251 251 251 251 252 252 252 252 252 252 252 253 253 253 253 253 253 253 254 254 254 254 254 254 254 254 255 255 255 255 255 255 256 256 256 256 256 256 256 257 257 257 257 257 257 257 258 258 258 258 258 258 258 259 259 259 259 259 259 259 260 260 260 260 260 260 260 260 261 261 261 261 261 261 261 261 261 261 261 262 262 262 262 262 262 262 262 263 263 263 263 263 263 263 263 264 264 264 264 264 264 264 264 264 265 265 265 265 265 265 265 265 266 266 266 266 266 266 266 266 266 267 267 267 267 267 267 267 267 267 268 268 268 268 268 268 268 268 269 269 269 269 269 269 269 269 269 270 270 270 270 270 270 270 270 270 271 271 271 271 271 271 271 271 271 271 272 272 272 272 272 272 272 273 273 273 273 273 273 273 273 274 274 274 274 274 274 274 274 274 274 274 275 275 275 275 275 275 275 275 275 275 276 276 276 276 276 276 276 276 276 277 277 277 277 277 277 277 277 277 278 278 278 278 278 278 278 279 279 279 279 279 279 279 279 279 279 280 280 280 280 280 280 280 280 280 280 280 280 246 246 246 246 246 247 247 247 247 247 247 248 248 248 248 248 248 248 249 249 249 249 249 249 250 250 250 250 250 250 250 251 251 251 251 251 251 251 252 252 252 252 252 252 252 253 253 253 253 253 253 253 254 254 254 254 254 254 254 255 255 255 255 255 255 255 256 256 256 256 256 256 256 257 257 257 257 257 257 257 258 258 258 258 258 258 258 259 259 259 259 259 259 259 260 260 260 260 260 260 260 260 261 261 261 261 261 261 261 261 261 261 262 262 262 262 262 262 262 262 262 263 263 263 263 263 263 263 263 264 264 264 264 264 264 264 264 265 265 265 265 265 265 265 265 265 266 266 266 266 266 266 266 266 266 267 267 267 267 267 267 267 267 268 268 268 268 268 268 268 268 268 269 269 269 269 269 269 269 269 269 270 270 270 270 270 270 270 270 271 271 271 271 271 271 271 271 271 271 272 272 272 272 272 272 272 273 273 273 273 273 273 273 273 274 274 274 274 274 274 274 274 274 274 274 275 275 275 275 275 275 275 275 275 275 275 276 276 276 276 276 276 276 277 277 277 277 277 277 277 277 277 278 278 278 278 278 278 278 278 279 279 279 279 279 279 279 279 279 279 280 280 280 280 280 280 280 280 280 280 280 280 246 246 246 246 247 247 247 247 247 247 248 248 248 248 248 248 248 249 249 249 249 249 249 250 250 250 250 250 250 250 251 251 251 251 251 251 251 252 252 252 252 252 252 252 253 253 253 253 253 253 253 254 254 254 254 254 254 254 255 255 255 255 255 255 255 256 256 256 256 256 256 256 257 257 257 257 257 257 257 258 258 258 258 258 258 258 259 259 259 259 259 259 259 260 260 260 260 260 260 260 260 261 261 261 261 261 261 261 261 261 261 262 262 262 262 262 262 262 262 262 263 263 263 263 263 263 263 263 264 264 264 264 264 264 264 264 265 265 265 265 265 265 265 265 265 266 266 266 266 266 266 266 266 266 267 267 267 267 267 267 267 267 268 268 268 268 268 268 268 268 269 269 269 269 269 269 269 269 269 270 270 270 270 270 270 270 270 270 271 271 271 271 271 271 271 271 271 272 272 272 272 272 272 272 272 273 273 273 273 273 273 273 274 274 274 274 274 274 274 274 274 274 275 275 275 275 275 275 275 275 275 275 275 276 276 276 276 276 276 276 276 276 277 277 277 277 277 277 277 277 277 278 278 278 278 278 278 278 279 279 279 279 279 279 279 279 279 279 280 280 280 280 280 280 280 280 246 246 246 246 246 247 247 247 247 247 247 248 248 248 248 248 248 249 249 249 249 249 249 249 250 250 250 250 250 250 251 251 251 251 251 251 251 252 252 252 252 252 252 252 253 253 253 253 253 253 253 254 254 254 254 254 254 255 255 255 255 255 255 255 256 256 256 256 256 256 256 256 257 257 257 257 257 257 257 258 258 258 258 258 258 258 259 259 259 259 259 259 259 260 260 260 260 260 260 260 260 261 261 261 261 261 261 261 261 261 261 262 262 262 262 262 262 262 262 263 263 263 263 263 263 263 263 263 264 264 264 264 264 264 264 264 265 265 265 265 265 265 265 265 266 266 266 266 266 266 266 266 266 267 267 267 267 267 267 267 267 267 268 268 268 268 268 268 268 268 269 269 269 269 269 269 269 269 270 270 270 270 270 270 270 270 270 271 271 271 271 271 271 271 271 271 272 272 272 272 272 272 272 272 272 273 273 273 273 273 273 273 274 274 274 274 274 274 274 274 274 275 275 275 275 275 275 275 275 275 275 275 276 276 276 276 276 276 276 276 276 277 277 277 277 277 277 277 277 277 278 278 278 278 278 278 278 278 279 279 279 279 279 279 279 279 279 280 280 280 280 246 246 246 246 246 247 247 247 247 247 247 248 248 248 248 248 248 248 249 249 249 249 249 249 250 250 250 250 250 250 251 251 251 251 251 251 251 252 252 252 252 252 252 252 253 253 253 253 253 253 253 254 254 254 254 254 254 254 255 255 255 255 255 255 256 256 256 256 256 256 256 257 257 257 257 257 257 257 257 258 258 258 258 258 258 258 259 259 259 259 259 259 259 260 260 260 260 260 260 260 260 261 261 261 261 261 261 261 261 261 261 262 262 262 262 262 262 262 262 263 263 263 263 263 263 263 263 264 264 264 264 264 264 264 264 265 265 265 265 265 265 265 265 265 266 266 266 266 266 266 266 266 267 267 267 267 267 267 267 267 267 268 268 268 268 268 268 268 268 269 269 269 269 269 269 269 269 269 270 270 270 270 270 270 270 270 270 271 271 271 271 271 271 271 271 271 272 272 272 272 272 272 272 272 273 273 273 273 273 273 273 274 274 274 274 274 274 274 274 274 275 275 275 275 275 275 275 275 275 275 275 276 276 276 276 276 276 276 276 276 277 277 277 277 277 277 277 277 277 278 278 278 278 278 278 278 278 278 279 279 279 279 279 279 279 279 280 280 280 280 280 280 246 246 246 246 246 247 247 247 247 247 247 248 248 248 248 248 248 248 249 249 249 249 249 249 250 250 250 250 250 250 251 251 251 251 251 251 251 252 252 252 252 252 252 252 253 253 253 253 253 253 253 254 254 254 254 254 254 255 255 255 255 255 255 255 255 256 256 256 256 256 256 257 257 257 257 257 257 257 257 258 258 258 258 258 258 258 259 259 259 259 259 259 259 260 260 260 260 260 260 260 261 261 261 261 261 261 261 261 261 261 261 262 262 262 262 262 262 262 262 263 263 263 263 263 263 263 263 264 264 264 264 264 264 264 264 265 265 265 265 265 265 265 265 266 266 266 266 266 266 266 266 266 267 267 267 267 267 267 267 267 267 268 268 268 268 268 268 268 268 269 269 269 269 269 269 269 269 270 270 270 270 270 270 270 270 270 271 271 271 271 271 271 271 271 271 272 272 272 272 272 272 272 272 272 273 273 273 273 273 273 274 274 274 274 274 274 274 274 274 275 275 275 275 275 275 275 275 275 275 276 276 276 276 276 276 276 276 276 276 277 277 277 277 277 277 277 277 277 278 278 278 278 278 278 278 278 278 279 279 279 279 279 279 279 279 280 280 280 280 280 280 280 280 280 246 246 246 246 246 246 247 247 247 247 247 247 247 248 248 248 248 248 248 249 249 249 249 249 249 249 250 250 250 250 250 250 251 251 251 251 251 251 251 252 252 252 252 252 252 252 253 253 253 253 253 253 253 254 254 254 254 254 254 255 255 255 255 255 255 256 256 256 256 256 256 256 257 257 257 257 257 257 257 258 258 258 258 258 258 258 259 259 259 259 259 259 259 259 260 260 260 260 260 260 260 261 261 261 261 261 261 261 262 262 262 262 262 262 262 262 262 263 263 263 263 263 263 263 263 264 264 264 264 264 264 264 265 265 265 265 265 265 265 265 266 266 266 266 266 266 266 266 266 267 267 267 267 267 267 267 267 268 268 268 268 268 268 268 268 268 268 268 269 269 269 269 269 269 269 269 270 270 270 270 270 270 270 270 270 271 271 271 271 271 271 271 271 271 272 272 272 272 272 272 272 272 273 273 273 273 273 273 273 273 273 274 274 274 274 274 274 274 274 275 275 275 275 275 275 275 275 275 275 276 276 276 276 276 276 276 276 276 276 277 277 277 277 277 277 277 277 277 277 278 278 278 278 278 278 278 278 278 279 278 278 279 279 279 279 279 279 279 279 279 279 280 280 280 280 280 280 280 245 245 246 246 246 246 246 246 247 247 247 247 247 247 247 248 248 248 248 248 248 249 249 249 249 249 249 249 250 250 250 250 250 250 250 251 251 251 251 251 251 252 252 252 252 252 252 252 253 253 253 253 253 253 253 254 254 254 254 254 254 255 255 255 255 255 255 256 256 256 256 256 256 256 257 257 257 257 257 257 257 258 258 258 258 258 258 258 259 259 259 259 259 259 259 259 260 260 260 260 260 260 260 261 261 261 261 261 261 261 262 262 262 262 262 262 262 262 263 263 263 263 263 263 263 263 264 264 264 264 264 264 264 264 265 265 265 265 265 265 265 265 266 266 266 266 266 266 266 266 267 267 267 267 267 267 267 267 268 268 268 268 268 268 268 268 268 268 268 268 269 269 269 269 269 269 269 269 270 270 270 270 270 270 270 270 271 271 271 271 271 271 271 271 271 272 272 272 272 272 272 272 272 273 273 273 273 273 273 273 273 273 273 274 274 274 274 274 274 274 275 275 275 275 275 275 275 275 275 275 276 276 276 276 276 276 276 276 276 277 277 277 277 277 277 277 277 277 277 277 278 278 278 278 278 278 278 278 278 278 279 278 279 279 279 279 279 279 279 279 279 279 280 280 280 280 280 280 280 280 245 245 245 245 245 246 246 246 246 246 247 247 247 247 247 247 247 248 248 248 248 248 248 249 249 249 249 249 249 249 250 250 250 250 250 250 250 251 251 251 251 251 251 252 252 252 252 252 252 252 253 253 253 253 253 253 253 254 254 254 254 254 254 255 255 255 255 255 255 256 256 256 256 256 256 256 257 257 257 257 257 257 257 258 258 258 258 258 258 258 259 259 259 259 259 259 259 259 260 260 260 260 260 260 260 260 261 261 261 261 261 261 262 262 262 262 262 262 262 262 263 263 263 263 263 263 263 263 264 264 264 264 264 264 264 264 265 265 265 265 265 265 265 266 266 266 266 266 266 266 266 266 267 267 267 267 267 267 267 267 268 268 268 268 268 268 268 268 268 268 268 269 269 269 269 269 269 269 269 270 270 270 270 270 270 270 270 270 271 271 271 271 271 271 271 271 272 272 272 272 272 272 272 272 273 273 273 273 273 273 273 273 273 273 274 274 274 274 274 274 274 274 275 275 275 275 275 275 275 275 275 276 276 276 276 276 276 276 276 276 277 277 277 277 277 277 277 277 277 277 277 277 278 278 278 278 278 278 278 278 278 279 279 279 279 279 279 279 279 279 279 279 279 280 280 280 280 280 280 280 280 280 246 246 247 247 247 247 247 247 248 248 248 248 248 248 248 249 249 249 249 249 249 250 250 250 250 250 250 250 251 251 251 251 251 251 252 252 252 252 252 252 252 253 253 253 253 253 253 253 254 254 254 254 254 254 255 255 255 255 255 255 256 256 256 256 256 256 256 257 257 257 257 257 257 257 258 258 258 258 258 258 258 259 259 259 259 259 259 259 260 260 260 260 260 260 260 260 261 261 261 261 261 261 261 262 262 262 262 262 262 262 262 263 263 263 263 263 263 263 263 264 264 264 264 264 264 264 264 265 265 265 265 265 265 265 265 266 266 266 266 266 266 266 266 267 267 267 267 267 267 267 267 268 268 268 268 268 268 268 268 268 268 268 269 269 269 269 269 269 269 269 270 270 270 270 270 270 270 270 271 271 271 271 271 271 271 271 271 272 272 272 272 272 272 272 272 273 273 273 273 273 273 273 273 273 273 274 274 274 274 274 274 274 275 275 275 275 275 275 275 275 275 276 276 276 276 276 276 276 276 276 277 277 277 277 277 277 277 277 277 277 277 277 278 278 278 278 278 278 278 278 278 279 279 279 279 279 279 279 279 279 279 279 279 280 280 280 280 280 280 280 280 280 280 247 247 247 247 247 247 248 248 248 248 248 248 248 249 249 249 249 249 249 249 250 250 250 250 250 250 251 251 251 251 251 251 251 252 252 252 252 252 252 253 253 253 253 253 253 253 254 254 254 254 254 254 255 255 255 255 255 255 255 256 256 256 256 256 256 257 257 257 257 257 257 257 258 258 258 258 258 258 258 259 259 259 259 259 259 259 260 260 260 260 260 260 260 260 261 261 261 261 261 261 261 262 262 262 262 262 262 262 262 263 263 263 263 263 263 263 263 264 264 264 264 264 264 264 264 265 265 265 265 265 265 265 266 266 266 266 266 266 266 266 266 267 267 267 267 267 267 267 268 268 268 268 268 268 268 268 268 268 268 269 269 269 269 269 269 269 269 270 270 270 270 270 270 270 270 270 271 271 271 271 271 271 271 271 272 272 272 272 272 272 272 272 272 273 273 273 273 273 273 273 273 274 273 274 274 274 274 274 274 274 275 275 275 275 275 275 275 275 276 276 276 276 276 276 276 276 276 277 277 277 277 277 277 277 277 277 277 278 277 277 278 278 278 278 278 278 278 278 278 279 279 279 279 279 279 279 279 279 279 279 280 280 280 280 280 280 280 280 280 280 281 281 281 281 281 281 247 247 247 247 247 248 248 248 248 248 248 248 249 249 249 249 249 249 249 250 250 250 250 250 250 251 251 251 251 251 251 251 252 252 252 252 252 252 253 253 253 253 253 253 253 254 254 254 254 254 254 255 255 255 255 255 255 256 256 256 256 256 256 256 257 257 257 257 257 257 257 258 258 258 258 258 258 258 259 259 259 259 259 259 259 260 260 260 260 260 260 260 261 261 261 261 261 261 261 262 262 262 262 262 262 262 262 262 263 263 263 263 263 263 263 264 264 264 264 264 264 264 264 265 265 265 265 265 265 265 265 266 266 266 266 266 266 266 266 266 267 267 267 267 267 267 267 268 268 268 268 268 268 268 268 268 268 268 269 269 269 269 269 269 269 269 270 270 270 270 270 270 270 270 271 271 271 271 271 271 271 271 271 272 272 272 272 272 272 272 272 273 273 273 273 273 273 273 273 273 274 274 274 274 274 274 274 274 274 275 275 275 275 275 275 275 275 276 276 276 276 276 276 276 276 277 277 277 277 277 277 277 277 277 277 277 278 278 278 278 278 278 278 278 278 278 278 279 279 279 279 279 279 279 279 279 279 279 280 280 280 280 280 280 280 280 280 281 281 281 281 281 281 281 281 281 282 282 282 282 246 247 247 247 247 247 247 247 248 248 248 248 248 248 248 249 249 249 249 249 249 250 250 250 250 250 250 251 251 251 251 251 251 251 252 252 252 252 252 252 253 253 253 253 253 253 253 254 254 254 254 254 254 255 255 255 255 255 255 256 256 256 256 256 256 256 257 257 257 257 257 257 257 258 258 258 258 258 258 258 259 259 259 259 259 259 259 260 260 260 260 260 260 260 261 261 261 261 261 261 261 262 262 262 262 262 262 262 262 262 263 263 263 263 263 263 263 264 264 264 264 264 264 264 264 265 265 265 265 265 265 265 265 266 266 266 266 266 266 266 266 266 267 267 267 267 267 267 267 268 268 268 268 268 268 268 268 268 268 269 269 269 269 269 269 269 269 269 270 270 270 270 270 270 270 270 271 271 271 271 271 271 271 271 272 272 272 272 272 272 272 272 272 273 273 273 273 273 273 273 273 274 274 274 274 274 274 274 274 274 274 275 275 275 275 275 275 275 276 276 276 276 276 276 276 276 277 277 277 277 277 277 277 277 277 277 277 278 278 278 278 278 278 278 278 278 278 278 278 279 279 279 279 279 279 279 279 279 279 280 280 280 280 280 280 280 280 280 280 281 281 281 281 281 281 281 281 281 282 282 282 282 282 282 282 246 246 246 247 247 247 247 247 247 247 248 248 248 248 248 248 249 249 249 249 249 249 249 250 250 250 250 250 250 251 251 251 251 251 251 251 252 252 252 252 252 252 253 253 253 253 253 253 253 254 254 254 254 254 254 255 255 255 255 255 255 256 256 256 256 256 256 256 257 257 257 257 257 257 257 258 258 258 258 258 258 258 259 259 259 259 259 259 260 260 260 260 260 260 260 260 261 261 261 261 261 261 261 262 262 262 262 262 262 262 262 262 263 263 263 263 263 263 263 264 264 264 264 264 264 264 264 265 265 265 265 265 265 265 265 266 266 266 266 266 266 266 266 266 267 267 267 267 267 267 268 268 268 268 268 268 268 268 268 268 268 269 269 269 269 269 269 269 269 270 270 270 270 270 270 270 270 271 271 271 271 271 271 271 271 271 272 272 272 272 272 272 272 272 272 273 273 273 273 273 273 273 274 274 274 274 274 274 274 274 274 274 274 275 275 275 275 275 275 276 276 276 276 276 276 276 276 276 277 277 277 277 277 277 277 277 277 278 278 278 278 278 278 278 278 278 278 279 279 279 279 279 279 279 279 279 279 279 279 279 280 280 280 280 280 280 280 280 280 281 281 281 281 281 281 281 281 281 281 282 282 282 282 282 282 282 282 282 282 282 245 246 246 246 246 246 246 247 247 247 247 247 247 248 248 248 248 248 248 248 249 249 249 249 249 249 250 250 250 250 250 250 251 251 251 251 251 251 251 252 252 252 252 252 252 253 253 253 253 253 253 253 254 254 254 254 254 254 255 255 255 255 255 255 256 256 256 256 256 256 256 257 257 257 257 257 257 257 258 258 258 258 258 258 258 259 259 259 259 259 259 260 260 260 260 260 260 260 260 261 261 261 261 261 261 261 262 262 262 262 262 262 262 262 263 263 263 263 263 263 263 263 264 264 264 264 264 264 264 265 265 265 265 265 265 265 265 265 266 266 266 266 266 266 266 266 266 267 267 267 267 267 267 268 268 268 268 268 268 268 268 268 268 268 269 269 269 269 269 269 269 269 270 270 270 270 270 270 270 270 271 271 271 271 271 271 271 271 272 272 272 272 272 272 272 272 273 273 273 273 273 273 273 273 273 274 274 274 274 274 274 274 274 274 274 275 275 275 275 275 275 275 276 276 276 276 276 276 276 276 277 277 277 277 277 277 277 277 277 277 278 278 278 278 278 278 278 278 278 278 278 279 279 279 279 279 279 279 279 279 279 279 279 280 280 280 280 280 280 280 280 281 281 281 281 281 281 281 281 281 281 282 282 282 282 282 282 282 282 282 282 283 283 283 244 244 245 245 245 246 246 246 246 246 246 247 247 247 247 248 248 248 248 248 248 248 249 249 249 249 249 249 250 250 250 250 250 250 251 251 251 251 251 251 251 252 252 252 252 252 252 253 253 253 253 253 253 253 254 254 254 254 254 254 255 255 255 255 255 255 256 256 256 256 256 256 256 257 257 257 257 257 257 257 258 258 258 258 258 258 258 259 259 259 259 259 259 260 260 260 260 260 260 260 261 261 261 261 261 261 261 261 262 262 262 262 262 262 262 262 263 263 263 263 263 263 263 263 264 264 264 264 264 264 264 265 265 265 265 265 265 265 265 266 266 266 266 266 266 266 266 267 267 267 267 267 267 267 267 268 268 268 268 268 268 268 268 268 268 269 269 269 269 269 269 269 269 270 270 270 270 270 270 270 270 270 271 271 271 271 271 271 271 272 272 272 272 272 272 272 272 272 273 273 273 273 273 273 273 273 274 274 274 274 274 274 274 274 274 274 275 275 275 275 275 275 275 275 276 276 276 276 276 276 276 276 277 277 277 277 277 277 277 277 277 278 278 278 278 278 278 278 278 278 278 278 279 279 279 279 279 279 279 279 279 279 279 279 280 280 280 280 280 280 280 280 281 281 281 281 281 281 281 281 281 281 282 282 282 282 282 282 282 282 282 282 283 283 283 283 283 244 244 244 244 244 245 245 245 246 246 246 246 246 246 247 247 248 248 248 248 248 249 249 249 249 249 249 250 250 250 250 250 250 251 251 251 251 251 251 251 252 252 252 252 252 252 253 253 253 253 253 253 253 254 254 254 254 254 254 255 255 255 255 255 255 256 256 256 256 256 256 256 257 257 257 257 257 257 257 258 258 258 258 258 258 258 259 259 259 259 259 259 260 260 260 260 260 260 260 261 261 261 261 261 261 261 261 262 262 262 262 262 262 262 262 263 263 263 263 263 263 263 263 264 264 264 264 264 264 264 265 265 265 265 265 265 265 265 266 266 266 266 266 266 266 266 267 267 267 267 267 267 267 268 268 268 268 268 268 268 268 268 268 268 269 269 269 269 269 269 269 269 270 270 270 270 270 270 270 270 271 271 271 271 271 271 271 271 272 272 272 272 272 272 272 272 273 273 273 273 273 273 273 273 273 274 274 274 274 274 274 274 274 274 275 275 275 275 275 275 275 275 275 276 276 276 276 276 276 276 277 277 277 277 277 277 277 277 277 278 278 278 278 278 278 278 278 278 278 278 279 279 279 279 279 279 279 279 279 279 279 279 280 280 280 280 280 280 280 280 280 281 281 281 281 281 281 281 281 281 281 281 282 282 282 282 282 282 282 282 283 283 283 283 283 283 243 243 244 244 244 244 244 244 245 245 245 245 246 246 246 246 246 247 248 248 250 250 250 250 250 250 250 251 251 251 251 251 251 252 252 252 252 252 252 252 253 253 253 253 253 253 254 254 254 254 254 254 255 255 255 255 255 255 256 256 256 256 256 256 256 257 257 257 257 257 257 258 258 258 258 258 258 258 258 259 259 259 259 259 259 260 260 260 260 260 260 260 261 261 261 261 261 261 261 261 262 262 262 262 262 262 262 262 263 263 263 263 263 263 263 264 264 264 264 264 264 264 264 265 265 265 265 265 265 265 265 266 266 266 266 266 266 266 266 267 267 267 267 267 267 267 267 268 268 268 268 268 268 268 268 268 269 269 269 269 269 269 269 269 270 270 270 270 270 270 270 270 271 271 271 271 271 271 271 271 272 272 272 272 272 272 272 272 272 273 273 273 273 273 273 273 273 274 274 274 274 274 274 274 274 274 275 275 275 275 275 275 275 275 275 275 276 276 276 276 276 276 276 277 277 277 277 277 277 277 277 278 278 278 278 278 278 278 278 278 278 279 279 279 279 279 279 279 279 279 279 279 279 279 279 280 280 280 280 280 280 280 280 280 280 281 281 281 281 281 281 281 281 281 281 281 282 282 282 282 282 282 282 283 283 283 283 283 283 243 243 244 244 244 244 244 244 245 245 245 245 245 245 246 246 250 250 250 250 250 251 251 251 251 251 251 252 252 252 252 252 252 252 253 253 253 253 253 253 254 254 254 254 254 254 255 255 255 255 255 255 256 256 256 256 256 256 257 257 257 257 257 257 257 258 258 258 258 258 258 258 258 259 259 259 259 259 259 260 260 260 260 260 260 260 261 261 261 261 261 261 261 262 262 262 262 262 262 262 262 262 263 263 263 263 263 263 263 264 264 264 264 264 264 264 264 265 265 265 265 265 265 265 266 266 266 266 266 266 266 266 266 267 267 267 267 267 267 267 268 268 268 268 268 268 268 268 268 268 269 269 269 269 269 269 269 269 270 270 270 270 270 270 270 270 271 271 271 271 271 271 271 271 272 272 272 272 272 272 272 272 273 273 273 273 273 273 273 273 273 274 274 274 274 274 274 274 274 274 275 275 275 275 275 275 275 275 275 276 276 276 276 276 276 276 276 277 277 277 277 277 277 277 277 278 278 278 278 278 278 278 278 278 278 279 279 279 279 279 279 279 279 279 279 279 279 279 279 280 280 280 280 280 280 280 280 280 280 281 281 281 281 281 281 281 281 282 282 282 282 282 282 282 282 282 282 283 283 283 283 283 283 243 244 244 244 244 244 244 245 245 245 245 245 245 246 250 250 250 251 251 251 251 251 251 252 252 252 252 252 252 252 253 253 253 253 253 253 254 254 254 254 254 254 255 255 255 255 255 255 256 256 256 256 256 256 257 257 257 257 257 257 257 257 258 258 258 258 258 258 259 259 259 259 259 259 259 260 260 260 260 260 260 260 261 261 261 261 261 261 261 262 262 262 262 262 262 262 262 263 263 263 263 263 263 263 263 264 264 264 264 264 264 264 264 265 265 265 265 265 265 265 266 266 266 266 266 266 266 266 267 267 267 267 267 267 267 267 268 268 268 268 268 268 268 268 268 268 269 269 269 269 269 269 269 269 270 270 270 270 270 270 270 270 271 271 271 271 271 271 271 271 272 272 272 272 272 272 272 273 273 273 273 273 273 273 273 273 273 274 274 274 274 274 274 274 274 274 275 275 275 275 275 275 275 275 275 276 276 276 276 276 276 276 276 277 277 277 277 277 277 277 278 278 278 278 278 278 278 278 278 278 279 279 279 279 279 279 279 279 279 279 279 279 279 279 280 280 280 280 280 280 280 280 280 281 281 281 281 281 281 281 281 281 282 282 282 282 282 282 282 282 282 282 282 283 283 283 244 244 244 244 244 244 245 245 245 245 250 251 251 251 251 251 251 252 252 252 252 252 252 252 253 253 253 253 253 253 254 254 254 254 254 254 255 255 255 255 255 255 256 256 256 256 256 256 257 257 257 257 257 257 257 257 258 258 258 258 258 258 259 259 259 259 259 259 259 260 260 260 260 260 260 260 261 261 261 261 261 261 261 262 262 262 262 262 262 262 262 263 263 263 263 263 263 263 263 264 264 264 264 264 264 264 265 265 265 265 265 265 265 265 266 266 266 266 266 266 266 266 267 267 267 267 267 267 267 267 268 268 268 268 268 268 268 268 268 268 269 269 269 269 269 269 269 270 270 270 270 270 270 270 270 271 271 271 271 271 271 271 271 272 272 272 272 272 272 272 272 273 273 273 273 273 273 273 273 273 274 274 274 274 274 274 274 274 274 275 275 275 275 275 275 275 275 275 275 276 276 276 276 276 276 276 276 277 277 277 277 277 277 277 278 278 278 278 278 278 278 278 278 278 279 279 279 279 279 279 279 279 279 279 279 280 279 280 280 280 280 280 280 280 280 280 280 281 281 281 281 281 281 281 281 282 282 282 282 282 282 282 282 282 282 282 283 244 244 244 244 244 245 245 245 250 251 251 251 251 251 251 252 252 252 252 252 252 252 253 253 253 253 253 253 254 254 254 254 254 254 255 255 255 255 255 255 256 256 256 256 256 256 256 257 257 257 257 257 257 257 258 258 258 258 258 258 259 259 259 259 259 259 259 260 260 260 260 260 260 260 261 261 261 261 261 261 261 262 262 262 262 262 262 262 262 263 263 263 263 263 263 263 264 264 264 264 264 264 264 264 265 265 265 265 265 265 265 266 266 266 266 266 266 266 266 267 267 267 267 267 267 267 267 268 268 268 268 268 268 268 268 268 268 269 269 269 269 269 269 269 269 270 270 270 270 270 270 270 270 271 271 271 271 271 271 271 271 272 272 272 272 272 272 272 273 273 273 273 273 273 273 273 273 274 274 274 274 274 274 274 274 274 274 275 275 275 275 275 275 275 275 276 276 276 276 276 276 276 276 276 277 277 277 277 277 277 277 277 278 278 278 278 278 278 278 278 278 279 279 279 279 279 279 279 279 279 279 279 280 280 280 280 280 280 280 280 280 280 280 281 281 281 281 281 281 281 281 281 281 282 282 282 282 282 244 244 244 244 244 245 250 250 251 251 251 251 251 251 252 252 252 252 252 252 252 253 253 253 253 253 253 254 254 254 254 254 254 255 255 255 255 255 255 256 256 256 256 256 256 256 257 257 257 257 257 257 257 258 258 258 258 258 258 259 259 259 259 259 259 259 260 260 260 260 260 260 260 261 261 261 261 261 261 261 262 262 262 262 262 262 262 262 263 263 263 263 263 263 263 264 264 264 264 264 264 264 265 265 265 265 265 265 265 265 266 266 266 266 266 266 266 266 267 267 267 267 267 267 267 267 268 268 268 268 268 268 268 268 268 268 269 269 269 269 269 269 269 269 270 270 270 270 270 270 270 270 271 271 271 271 271 271 271 272 272 272 272 272 272 272 272 273 273 273 273 273 273 273 273 274 274 274 274 274 274 274 274 274 274 275 275 275 275 275 275 275 275 276 276 276 276 276 276 276 276 276 277 277 277 277 277 277 277 277 277 278 278 278 278 278 278 278 278 279 279 279 279 279 279 279 279 279 279 279 280 280 280 280 280 280 280 280 280 280 280 281 281 281 281 281 281 250 250 250 251 251 251 251 251 251 252 252 252 252 252 252 252 253 253 253 253 253 253 254 254 254 254 254 254 255 255 255 255 255 255 256 256 256 256 256 256 257 257 257 257 257 257 257 258 258 258 258 258 258 258 259 259 259 259 259 259 259 260 260 260 260 260 260 260 261 261 261 261 261 261 261 262 262 262 262 262 262 262 262 263 263 263 263 263 263 263 264 264 264 264 264 264 264 265 265 265 265 265 265 265 265 266 266 266 266 266 266 266 266 267 267 267 267 267 267 267 267 268 268 268 268 268 268 268 268 268 269 269 269 269 269 269 269 269 270 270 270 270 270 270 270 270 270 270 271 271 271 271 271 271 272 272 272 272 272 272 272 273 273 273 273 273 273 273 273 274 274 274 274 274 274 274 274 275 274 275 275 275 275 275 275 275 275 276 276 276 276 276 276 276 276 276 277 277 277 277 277 277 277 277 277 277 278 278 278 278 278 278 278 278 279 279 279 279 279 279 279 279 279 279 280 280 280 280 280 280 280 280 280 280 280 281 281 281 281 281 281 250 250 250 251 251 251 251 251 251 252 252 252 252 252 252 252 253 253 253 253 253 253 254 254 254 254 254 254 255 255 255 255 255 255 256 256 256 256 256 256 257 257 257 257 257 257 257 257 258 258 258 258 258 258 259 259 259 259 259 259 259 260 260 260 260 260 260 260 261 261 261 261 261 261 261 262 262 262 262 262 262 262 262 263 263 263 263 263 263 264 264 264 264 264 264 264 264 265 265 265 265 265 265 265 265 266 266 266 266 266 266 266 266 267 267 267 267 267 267 267 268 268 268 268 268 268 268 268 268 268 269 269 269 269 269 269 269 269 270 270 270 270 270 270 270 270 270 270 270 271 271 271 271 271 272 272 272 272 272 272 272 273 273 273 273 273 273 273 273 274 274 274 274 274 274 274 274 275 275 275 275 275 275 275 275 275 275 276 276 276 276 276 276 276 276 277 277 277 277 277 277 277 277 277 277 278 278 278 278 278 278 278 278 278 279 279 279 279 279 279 279 279 279 280 280 280 280 280 280 280 280 280 280 281 281 281 281 281 281 281 281 250 250 250 251 251 251 251 251 251 252 252 252 252 252 252 252 253 253 253 253 253 253 254 254 254 254 254 254 255 255 255 255 255 255 256 256 256 256 256 256 256 257 257 257 257 257 257 258 258 258 258 258 258 258 259 259 259 259 259 259 259 260 260 260 260 260 260 261 261 261 261 261 261 261 262 262 262 262 262 262 262 262 263 263 263 263 263 263 263 264 264 264 264 264 264 264 264 265 265 265 265 265 265 265 265 266 266 266 266 266 266 266 266 267 267 267 267 267 267 267 268 268 268 268 268 268 268 268 268 268 269 269 269 269 269 269 269 269 270 270 270 270 270 270 270 270 270 270 270 271 271 271 271 272 272 272 272 272 272 272 272 273 273 273 273 273 273 273 274 274 274 274 274 274 274 274 274 275 275 275 275 275 275 275 275 275 276 276 276 276 276 276 276 276 276 277 277 277 277 277 277 277 277 277 278 278 278 278 278 278 278 278 278 279 279 279 279 279 279 279 279 280 280 280 280 280 280 280 280 280 280 280 281 281 281 281 281 281 281 281 281 250 250 250 251 251 251 251 251 251 252 252 252 252 252 252 252 253 253 253 253 253 253 254 254 254 254 254 254 255 255 255 255 255 255 256 256 256 256 256 256 256 257 257 257 257 257 257 258 258 258 258 258 258 259 259 259 259 259 259 259 259 260 260 260 260 260 260 261 261 261 261 261 261 261 262 262 262 262 262 262 262 262 263 263 263 263 263 263 263 264 264 264 264 264 264 264 264 265 265 265 265 265 265 265 266 266 266 266 266 266 266 266 267 267 267 267 267 267 267 267 268 268 268 268 268 268 268 268 268 268 269 269 269 269 269 269 269 269 269 270 270 270 270 270 270 270 271 271 270 271 271 271 271 272 272 272 272 272 272 272 273 273 273 273 273 273 273 273 274 274 274 274 274 274 274 274 275 275 275 275 275 275 275 275 275 275 276 276 276 276 276 276 276 276 277 277 277 277 277 277 277 277 277 278 278 278 278 278 278 278 278 278 278 279 279 279 279 279 279 279 279 280 280 280 280 280 280 280 280 280 280 281 281 281 281 281 281 281 281 281 281 249 250 250 250 250 250 250 251 251 251 251 251 251 252 252 252 252 252 252 252 253 253 253 253 253 253 254 254 254 254 254 254 255 255 255 255 255 255 256 256 256 256 256 256 256 257 257 257 257 257 257 258 258 258 258 258 258 259 259 259 259 259 259 259 260 260 260 260 260 260 260 261 261 261 261 261 261 261 262 262 262 262 262 262 262 262 263 263 263 263 263 263 263 264 264 264 264 264 264 264 265 265 265 265 265 265 265 265 266 266 266 266 266 266 266 266 267 267 267 267 267 267 267 268 268 268 268 268 268 268 268 269 268 269 269 269 269 269 269 269 269 269 269 269 269 270 270 270 270 271 271 271 271 271 271 271 271 272 272 272 272 272 272 272 273 273 273 273 273 273 273 274 274 274 274 274 274 274 274 275 275 275 275 275 275 275 275 275 275 276 276 276 276 276 276 276 276 276 277 277 277 277 277 277 277 277 277 278 278 278 278 278 278 278 278 278 278 279 279 279 279 279 279 279 280 280 280 280 280 280 280 280 280 280 281 281 281 281 281 281 281 281 281 281 281 281 250 250 250 250 250 250 251 251 251 251 251 251 252 252 252 252 252 252 252 253 253 253 253 253 253 254 254 254 254 254 254 255 255 255 255 255 255 256 256 256 256 256 256 256 257 257 257 257 257 257 258 258 258 258 258 258 259 259 259 259 259 259 259 259 260 260 260 260 260 260 261 261 261 261 261 261 261 262 262 262 262 262 262 262 263 263 263 263 263 263 263 263 264 264 264 264 264 264 264 265 265 265 265 265 265 265 265 266 266 266 266 266 266 266 267 267 267 267 267 267 267 267 268 268 268 268 268 268 268 268 269 268 269 269 269 269 269 269 269 269 269 269 269 269 270 270 270 271 271 270 271 271 271 271 271 271 272 272 272 272 272 272 273 273 273 273 273 273 273 273 274 274 274 274 274 274 274 275 275 275 275 275 275 275 275 275 275 275 276 276 276 276 276 276 276 276 277 277 277 277 277 277 277 277 278 278 278 278 278 278 278 278 278 278 279 279 279 279 279 279 279 279 279 280 280 280 280 280 280 280 280 280 280 281 281 281 281 281 281 281 281 281 281 282 282 281 281 249 249 250 250 250 250 250 250 251 251 251 251 251 251 251 252 252 252 252 252 252 253 253 253 253 253 253 254 254 254 254 254 254 255 255 255 255 255 255 256 256 256 256 256 256 257 257 257 257 257 257 257 258 258 258 258 258 258 259 259 259 259 259 259 259 260 260 260 260 260 260 260 261 261 261 261 261 261 261 262 262 262 262 262 262 262 263 263 263 263 263 263 263 263 264 264 264 264 264 264 264 265 265 265 265 265 265 265 266 266 266 266 266 266 266 266 267 267 267 267 267 267 267 267 268 268 268 268 268 268 268 268 269 268 269 269 269 269 269 269 269 269 269 270 270 270 270 270 270 270 270 271 271 271 271 271 271 271 272 272 272 272 272 272 273 273 273 273 273 273 273 274 274 274 274 274 274 274 274 275 275 275 275 275 275 275 275 275 275 276 276 276 276 276 276 276 276 277 277 277 277 277 277 277 277 278 278 278 278 278 278 278 278 278 278 279 279 279 279 279 279 279 279 279 280 280 280 280 280 280 280 280 280 280 281 281 281 281 281 281 281 281 281 281 281 282 282 282 281 249 250 250 250 250 250 250 251 251 251 251 251 251 251 252 252 252 252 252 252 253 253 253 253 253 253 254 254 254 254 254 254 255 255 255 255 255 255 256 256 256 256 256 256 257 257 257 257 257 257 257 258 258 258 258 258 258 259 259 259 259 259 259 259 260 260 260 260 260 260 260 261 261 261 261 261 261 261 262 262 262 262 262 262 262 263 263 263 263 263 263 263 263 264 264 264 264 264 264 264 265 265 265 265 265 265 265 266 266 266 266 266 266 266 266 267 267 267 267 267 267 267 267 268 268 268 268 268 268 268 269 269 268 268 268 269 269 269 269 269 269 270 270 270 270 270 270 271 271 271 271 271 271 271 271 271 271 272 272 272 272 272 273 273 273 273 273 273 273 273 274 274 274 274 274 274 274 275 275 275 275 275 275 275 275 275 275 276 276 276 276 276 276 276 276 277 277 277 277 277 277 277 277 277 278 278 278 278 278 278 278 278 278 279 279 279 279 279 279 279 279 279 279 280 280 280 280 280 280 280 280 281 281 281 281 281 281 281 281 281 281 281 281 281 281 282 282 282 282 249 249 249 250 250 250 250 250 250 251 251 251 251 251 251 251 252 252 252 252 252 252 253 253 253 253 253 253 254 254 254 254 254 254 255 255 255 255 255 255 256 256 256 256 256 256 257 257 257 257 257 257 257 258 258 258 258 258 258 259 259 259 259 259 259 259 260 260 260 260 260 260 260 261 261 261 261 261 261 262 262 262 262 262 262 262 262 263 263 263 263 263 263 263 264 264 264 264 264 264 264 265 265 265 265 265 265 265 265 266 266 266 266 266 266 266 266 267 267 267 267 267 267 267 267 268 268 268 268 268 268 268 268 268 268 268 269 269 269 269 269 269 269 270 270 270 270 270 270 271 271 271 271 271 271 271 271 271 271 272 272 272 272 273 273 273 273 273 273 273 273 273 274 274 274 274 274 274 274 275 275 275 275 275 275 275 275 275 275 276 276 276 276 276 276 276 277 277 277 277 277 277 277 277 277 278 278 278 278 278 278 278 278 278 278 279 279 279 279 279 279 279 279 280 280 280 280 280 280 280 280 280 281 281 281 281 281 281 281 281 281 281 281 281 281 281 281 282 282 282 282 250 250 250 250 250 250 251 251 251 251 251 251 251 252 252 252 252 252 252 253 253 253 253 253 253 254 254 254 254 254 254 255 255 255 255 255 255 256 256 256 256 256 256 257 257 257 257 257 257 257 258 258 258 258 258 258 258 259 259 259 259 259 259 260 260 260 260 260 260 261 261 261 261 261 261 261 262 262 262 262 262 262 262 262 263 263 263 263 263 263 263 264 264 264 264 264 264 264 265 265 265 265 265 265 265 266 266 266 266 266 266 266 266 267 267 267 267 267 267 267 268 268 268 268 268 268 268 268 268 268 269 268 268 268 269 269 269 269 269 269 270 270 270 270 270 271 271 271 271 271 271 271 271 271 271 271 272 272 272 272 273 273 273 273 273 273 273 273 274 274 274 274 274 274 274 275 275 275 275 275 275 275 275 275 275 276 276 276 276 276 276 276 276 277 277 277 277 277 277 277 277 277 278 278 278 278 278 278 278 278 278 279 279 279 279 279 279 279 279 280 280 280 280 280 280 280 280 280 281 281 281 281 281 281 281 281 281 281 281 281 281 281 282 282 282 282 282 282 282 249 249 249 249 250 250 250 250 250 251 251 251 251 251 251 251 252 252 252 252 252 252 253 253 253 253 253 253 254 254 254 254 254 254 255 255 255 255 255 255 256 256 256 256 256 256 257 257 257 257 257 257 257 258 258 258 258 258 258 259 259 259 259 259 259 259 260 260 260 260 260 260 261 261 261 261 261 261 261 262 262 262 262 262 262 262 262 263 263 263 263 263 263 263 264 264 264 264 264 264 264 265 265 265 265 265 265 265 266 266 266 266 266 266 266 266 267 267 267 267 267 267 267 268 268 268 268 268 268 268 268 268 268 269 269 269 268 269 269 269 269 269 269 270 270 270 270 270 271 271 271 271 271 271 271 271 271 271 271 272 272 272 272 273 273 273 273 273 273 273 273 274 274 274 274 274 274 274 275 275 275 275 275 275 275 275 275 276 276 276 276 276 276 276 276 277 277 277 277 277 277 277 277 277 277 278 278 278 278 278 278 278 279 279 279 279 279 279 279 279 279 280 280 280 280 280 280 280 280 280 281 281 281 281 281 281 281 281 281 281 281 281 281 282 282 282 282 282 282 282 282 282 282 282 282 282 282 283 283 283 283 283 283 283 284 284 284 284 284 284 249 250 250 250 250 250 251 251 251 251 251 251 251 252 252 252 252 252 252 253 253 253 253 253 253 254 254 254 254 254 254 255 255 255 255 255 255 256 256 256 256 256 256 257 257 257 257 257 257 257 258 258 258 258 258 258 259 259 259 259 259 259 259 260 260 260 260 260 260 261 261 261 261 261 261 261 262 262 262 262 262 262 262 262 263 263 263 263 263 263 264 264 264 264 264 264 264 264 265 265 265 265 265 265 265 266 266 266 266 266 266 266 267 267 267 267 267 267 267 268 268 268 268 268 268 268 268 268 268 268 269 268 269 269 269 269 269 269 270 270 270 270 270 270 270 271 270 271 271 271 271 271 271 271 271 272 272 272 272 272 273 273 273 273 273 273 273 274 274 274 274 274 274 274 275 275 275 275 275 275 275 275 275 276 276 276 276 276 276 276 276 276 277 277 277 277 277 277 277 277 277 278 278 278 278 278 278 278 278 279 279 279 279 279 279 279 279 280 280 280 280 280 280 280 280 280 281 281 281 281 281 281 281 281 281 281 281 281 281 282 282 282 282 282 282 282 282 282 282 282 282 283 283 283 283 283 283 283 284 284 284 284 284 284 284 284 284 284 285 285 249 249 250 250 250 250 250 251 251 251 251 251 251 251 252 252 252 252 252 252 253 253 253 253 253 253 254 254 254 254 254 254 255 255 255 255 255 255 256 256 256 256 256 256 257 257 257 257 257 257 257 258 258 258 258 258 258 259 259 259 259 259 259 259 260 260 260 260 260 260 261 261 261 261 261 261 261 262 262 262 262 262 262 262 262 263 263 263 263 263 263 264 264 264 264 264 264 264 264 265 265 265 265 265 265 266 266 266 266 266 266 266 266 267 267 267 267 267 267 267 268 268 268 268 268 268 268 268 268 268 268 269 269 269 269 269 269 269 269 270 270 270 270 270 270 271 271 271 270 271 271 271 271 271 271 271 272 272 272 272 272 273 273 273 273 273 273 274 274 274 274 274 274 274 274 275 275 275 275 275 275 275 275 275 276 276 276 276 276 276 276 276 276 277 277 277 277 277 277 277 277 278 278 278 278 278 278 278 278 279 279 279 279 279 279 279 279 279 280 280 280 280 280 280 280 280 280 281 281 281 281 281 281 281 281 281 281 281 281 282 282 282 282 282 282 282 282 282 282 282 282 283 283 283 283 283 283 283 284 284 284 284 284 284 284 284 284 284 285 285 285 285 285 249 250 250 250 250 250 250 251 251 251 251 251 251 252 252 252 252 252 252 253 253 253 253 253 253 254 254 254 254 254 254 255 255 255 255 255 255 256 256 256 256 256 256 257 257 257 257 257 257 257 258 258 258 258 258 258 258 259 259 259 259 259 260 260 260 260 260 260 260 261 261 261 261 261 261 261 262 262 262 262 262 262 262 263 263 263 263 263 263 263 264 264 264 264 264 264 264 264 265 265 265 265 265 265 266 266 266 266 266 266 266 266 267 267 267 267 267 267 267 268 268 268 268 268 268 268 268 268 268 269 269 269 269 269 269 269 269 269 270 270 270 270 270 271 271 270 271 271 271 271 271 271 271 271 272 272 272 272 272 272 272 273 273 273 273 273 274 274 274 274 274 274 274 275 275 275 275 275 275 275 275 275 275 276 276 276 276 276 276 276 276 277 277 277 277 277 277 277 277 278 278 278 278 278 278 278 278 279 279 279 279 279 279 279 279 279 280 280 280 280 280 280 280 280 280 281 281 281 281 281 281 281 281 281 281 281 282 282 282 282 282 282 282 282 282 282 282 282 282 282 283 283 283 283 283 283 283 283 283 284 284 284 284 284 284 284 285 285 285 285 285 285 285 249 249 250 250 250 250 250 250 250 251 251 251 251 251 251 252 252 252 252 252 252 253 253 253 253 253 253 254 254 254 254 254 254 255 255 255 255 255 256 256 256 256 256 256 256 256 257 257 257 257 257 257 258 258 258 258 258 258 258 259 259 259 259 259 260 260 260 260 260 260 260 261 261 261 261 261 261 261 262 262 262 262 262 262 262 263 263 263 263 263 263 263 264 264 264 264 264 264 264 265 265 265 265 265 265 265 266 266 266 266 266 266 266 267 267 267 267 267 267 267 267 267 268 268 268 268 268 268 268 268 268 269 269 269 269 269 269 269 269 269 270 270 270 270 271 270 270 270 270 271 271 271 271 271 271 271 272 272 272 272 272 272 272 272 273 273 273 274 274 274 274 274 274 274 274 275 275 275 275 275 275 275 276 275 276 276 276 276 276 276 276 276 277 277 277 277 277 277 277 277 277 278 278 278 278 278 278 278 278 279 279 279 279 279 279 279 279 280 280 280 280 280 280 280 280 280 280 281 281 281 281 281 281 281 281 281 281 282 282 282 282 282 282 282 282 283 282 282 282 282 282 283 283 283 283 283 283 283 283 283 283 283 284 284 284 284 284 285 285 285 285 285 285 285 285 285 249 249 249 250 250 250 250 250 250 250 251 251 251 251 251 251 252 252 252 252 252 252 253 253 253 253 253 253 254 254 254 254 254 254 255 255 255 255 255 255 256 256 256 256 256 256 257 257 257 257 257 257 257 258 258 258 258 258 258 258 259 259 259 259 259 260 260 260 260 260 260 260 261 261 261 261 261 261 261 262 262 262 262 262 262 262 263 263 263 263 263 263 263 264 264 264 264 264 264 264 265 265 265 265 265 265 265 266 266 266 266 266 266 266 267 267 267 267 267 267 267 267 267 268 268 268 268 268 268 268 268 269 269 269 269 269 269 269 269 269 270 270 270 270 270 271 270 270 270 271 271 271 271 271 271 271 271 272 272 272 272 273 273 272 272 273 273 273 274 274 274 274 274 274 274 275 275 275 275 275 275 275 275 275 275 276 276 276 276 276 276 276 276 277 277 277 277 277 277 277 277 278 278 278 278 278 278 278 278 279 279 279 279 279 279 279 279 279 280 280 280 280 280 280 280 280 280 280 281 281 281 281 281 281 281 281 281 282 282 282 282 282 282 282 282 282 283 283 283 282 282 282 283 283 283 283 283 283 283 283 283 284 284 284 284 284 284 284 285 285 285 285 285 285 285 285 285 249 250 250 250 250 250 250 250 251 251 251 251 251 251 252 252 252 252 252 252 253 253 253 253 253 253 254 254 254 254 254 254 255 255 255 255 255 255 256 256 256 256 256 256 257 257 257 257 257 257 258 258 258 258 258 258 258 258 259 259 259 259 259 259 260 260 260 260 260 261 261 261 261 261 261 261 261 262 262 262 262 262 262 263 263 263 263 263 263 263 264 264 264 264 264 264 264 264 265 265 265 265 265 265 265 266 266 266 266 266 266 266 267 267 267 267 267 267 267 267 268 268 268 268 268 268 268 268 268 269 269 269 269 269 269 269 269 269 270 270 270 270 270 270 270 270 270 270 271 271 271 271 271 272 272 272 272 272 272 272 273 273 273 273 273 273 273 274 274 274 274 274 274 275 275 275 275 275 275 275 275 276 275 276 276 276 276 276 276 276 276 277 277 277 277 277 277 277 277 278 278 278 278 278 278 278 278 279 279 279 279 279 279 279 279 280 280 280 280 280 280 280 280 280 281 280 281 281 281 281 281 281 281 281 282 282 282 282 282 282 282 282 282 282 282 283 283 283 282 282 283 283 283 283 283 283 283 283 284 284 284 284 284 284 284 284 285 285 285 285 285 285 285 285 285 249 249 249 249 250 250 250 250 250 250 251 251 251 251 251 251 252 252 252 252 252 252 253 253 253 253 253 253 254 254 254 254 254 254 255 255 255 255 255 255 256 256 256 256 256 256 257 257 257 257 257 257 258 258 258 258 258 258 258 259 259 259 259 259 259 259 260 260 260 260 260 260 261 261 261 261 261 261 262 262 262 262 262 262 262 263 263 263 263 263 263 263 264 264 264 264 264 264 264 265 265 265 265 265 265 265 265 266 266 266 266 266 266 267 267 267 267 267 267 267 267 267 268 268 268 268 268 268 268 268 269 269 269 269 269 269 269 269 269 270 270 270 270 270 270 270 270 270 270 271 271 271 271 271 272 272 272 272 272 272 272 272 273 273 273 273 273 273 273 274 274 274 274 274 275 275 275 275 275 275 275 275 276 276 276 276 276 276 276 276 276 276 277 277 277 277 277 277 277 278 278 278 278 278 278 278 278 278 279 279 279 279 279 279 279 279 280 280 280 280 280 280 280 280 280 280 281 281 281 281 281 281 281 281 281 281 282 282 282 282 282 282 282 282 283 283 283 283 283 283 283 283 283 283 283 283 283 283 284 284 284 284 284 284 284 284 284 284 285 285 285 285 285 285 285 285 286 286 294 294 294 294 249 249 249 250 250 250 250 250 250 251 251 251 251 251 251 252 252 252 252 252 252 253 253 253 253 253 253 254 254 254 254 254 254 255 255 255 255 255 255 256 256 256 256 256 256 257 257 257 257 257 257 258 258 258 258 258 258 258 258 259 259 259 259 259 259 259 260 260 260 260 260 261 261 261 261 261 261 262 262 262 262 262 262 262 263 263 263 263 263 263 263 264 264 264 264 264 264 264 265 265 265 265 265 265 265 266 266 266 266 266 266 266 267 267 267 267 267 267 267 267 267 267 268 268 268 268 268 269 269 269 269 269 269 269 269 269 269 269 269 270 270 270 270 270 270 270 270 270 271 271 271 271 271 272 272 272 272 272 272 273 273 273 273 273 273 273 273 273 274 274 274 274 274 275 275 275 275 275 275 275 276 276 276 276 276 276 276 276 276 276 277 277 277 277 277 277 277 277 278 278 278 278 278 278 278 278 279 279 279 279 279 279 279 279 280 280 280 280 280 280 280 280 280 280 280 281 281 281 281 281 281 281 281 281 282 282 282 282 282 282 282 282 283 283 283 283 283 283 283 283 283 283 283 284 284 284 284 284 284 285 284 284 284 284 284 284 285 285 285 285 285 285 285 285 286 286 286 294 294 294 295 295 295 294 294 249 249 249 249 250 250 250 250 250 250 251 251 251 251 251 251 252 252 252 252 252 252 253 253 253 253 253 253 253 254 254 254 254 254 255 255 255 255 255 255 256 256 256 256 256 256 257 257 257 257 257 257 258 258 258 258 258 258 258 259 259 259 259 259 259 259 260 260 260 260 260 260 260 261 261 261 261 261 262 262 262 262 262 262 262 263 263 263 263 263 263 264 264 264 264 264 264 264 264 265 265 265 265 265 265 265 266 266 266 266 266 266 267 267 267 267 267 267 267 267 267 267 267 268 268 268 268 269 269 269 269 269 269 269 269 269 269 269 269 269 270 270 270 270 270 271 271 271 271 271 271 271 271 271 271 272 272 272 272 272 273 273 273 273 273 273 273 273 273 274 274 274 274 275 275 275 275 275 275 275 275 276 276 276 276 276 276 276 276 276 277 277 277 277 277 277 277 277 278 278 278 278 278 278 278 278 279 279 279 279 279 279 279 279 279 280 280 280 280 280 280 280 280 280 281 280 281 281 281 281 281 281 281 282 282 282 282 282 282 282 282 282 282 283 283 283 283 283 283 283 283 283 283 284 284 284 284 284 284 284 285 285 284 284 284 284 284 285 285 285 285 285 285 285 285 286 286 294 294 295 295 295 295 295 295 295 294 249 249 249 249 249 249 250 250 250 250 250 250 251 251 251 251 251 251 251 252 252 252 252 252 252 253 253 253 253 253 253 253 254 254 254 254 255 255 255 255 255 255 256 256 256 256 256 256 257 257 257 257 257 257 258 258 258 258 258 258 258 258 259 259 259 259 259 259 260 260 260 260 260 260 261 261 261 261 261 262 262 262 262 262 262 262 262 263 263 263 263 263 263 263 264 264 264 264 264 264 265 265 265 265 265 265 265 265 266 266 266 266 266 266 267 267 267 267 267 267 267 267 267 267 267 268 268 268 268 269 269 269 269 269 269 269 269 269 269 269 269 269 270 270 270 270 270 271 271 271 271 271 271 271 271 271 272 272 272 272 272 273 273 273 273 273 273 273 273 273 273 274 274 274 274 275 275 275 275 275 275 275 276 276 276 276 276 276 276 276 276 276 277 277 277 277 277 277 277 277 278 278 278 278 278 278 278 279 279 279 279 279 279 279 279 279 280 280 280 280 280 280 280 280 280 280 281 281 281 281 281 281 281 281 282 282 282 282 282 282 282 282 282 283 283 283 283 283 283 283 283 283 283 284 284 284 284 284 284 284 284 284 284 285 284 284 284 284 285 285 285 285 285 285 285 285 285 285 286 294 294 294 295 295 296 296 296 296 295 295 294 294 249 249 249 249 249 249 250 250 250 250 250 250 250 251 251 251 251 251 251 251 252 252 252 252 252 252 253 253 253 253 253 254 254 254 254 254 255 255 255 255 255 255 256 256 256 256 256 256 257 257 257 257 257 257 258 258 258 258 258 258 258 259 259 259 259 259 259 260 260 260 260 260 260 261 260 261 261 261 261 262 262 262 262 262 262 262 263 263 263 263 263 263 263 264 264 264 264 264 264 264 265 265 265 265 265 265 265 266 266 266 266 266 266 266 267 267 267 267 267 267 267 267 267 267 268 268 268 268 269 269 269 269 269 269 269 270 269 270 269 269 269 270 270 270 270 270 270 270 271 271 271 271 271 271 271 271 272 272 272 272 272 273 273 273 273 273 273 273 274 274 274 274 274 274 274 275 275 275 275 275 275 275 276 276 276 276 276 276 276 276 276 277 277 277 277 277 277 277 277 277 278 278 278 278 278 278 278 279 279 279 279 279 279 279 279 280 280 280 280 280 280 280 280 281 281 281 281 281 281 281 281 281 281 282 282 282 282 282 282 282 282 283 283 283 283 283 283 283 283 283 283 283 283 284 284 284 284 284 284 284 284 284 284 284 284 284 284 285 285 285 285 285 286 286 286 285 286 285 286 286 294 294 295 295 296 296 296 296 296 295 295 296 295 294 294 248 249 249 249 249 249 249 249 249 250 250 250 250 250 250 251 251 251 251 251 251 251 252 252 252 252 252 253 253 253 253 253 254 254 254 254 254 255 255 255 255 255 256 256 256 256 256 256 257 257 257 257 257 257 257 258 258 258 258 258 258 258 259 259 259 259 259 260 260 260 260 260 260 260 260 260 261 261 261 261 262 262 262 262 262 262 263 263 263 263 263 263 263 263 264 264 264 264 264 264 264 265 265 265 265 265 265 265 266 266 266 266 266 266 266 267 267 267 267 267 267 267 267 267 267 268 268 268 268 269 269 269 269 269 269 269 269 269 270 270 270 270 270 270 270 270 270 270 270 270 271 271 271 271 271 271 272 272 272 272 272 273 273 273 273 273 273 273 273 273 274 274 274 274 274 274 274 275 275 275 275 275 275 276 276 276 276 276 276 276 276 276 276 277 277 277 277 277 277 277 277 278 278 278 278 278 278 279 279 279 279 279 279 279 279 280 280 280 280 280 280 280 280 280 281 281 281 281 281 281 281 281 281 281 282 282 282 282 282 282 282 283 283 283 283 283 283 283 283 283 284 283 283 284 284 284 284 284 284 284 284 284 285 285 284 284 284 285 285 285 285 285 286 286 286 286 286 286 286 286 286 286 294 294 294 294 294 294 294 295 295 295 295 296 296 296 296 296 296 296 296 295 295 295 295 249 249 249 249 249 249 249 249 250 250 250 250 250 250 251 251 251 251 251 251 251 252 252 252 252 253 253 253 253 253 253 254 254 254 254 254 255 255 255 255 255 255 256 256 256 256 256 257 257 257 257 257 257 257 258 258 258 258 258 258 258 259 259 259 259 259 260 260 260 260 260 260 260 260 260 261 261 261 261 262 262 262 262 262 262 263 263 263 263 263 263 263 264 264 264 264 264 264 264 264 265 265 265 265 265 265 266 266 266 266 266 266 266 266 267 267 267 267 267 267 267 267 268 268 268 268 268 268 269 269 269 269 269 269 269 270 270 270 270 270 270 270 270 270 270 270 270 270 271 271 271 271 271 271 271 272 272 272 272 272 272 273 273 273 273 273 273 273 273 274 274 274 274 274 274 274 274 275 275 275 275 275 275 276 276 276 276 276 276 276 276 276 276 276 277 277 277 277 277 277 278 278 278 278 278 278 279 279 279 279 279 279 279 279 280 280 280 280 280 280 280 281 281 281 281 281 281 281 281 281 281 281 282 282 282 282 282 282 282 282 283 283 283 283 283 283 283 283 284 284 284 284 284 284 284 284 284 284 284 284 285 285 285 285 284 284 285 285 285 285 285 286 286 286 286 286 286 286 286 286 286 286 286 286 286 287 287 287 287 294 294 294 295 294 295 295 295 295 295 295 296 295 295 296 296 296 296 297 297 297 296 296 296 296 295 295 295 248 248 248 249 249 249 249 249 249 249 249 250 250 250 250 250 250 251 251 251 251 251 251 251 252 252 252 252 252 253 253 253 253 253 254 254 254 254 254 255 255 255 255 255 255 256 256 256 256 256 257 257 257 257 257 257 257 258 258 258 258 258 258 258 259 259 259 259 259 260 260 260 260 260 260 260 261 261 261 261 261 261 262 262 262 262 262 262 263 263 263 263 263 263 263 264 264 264 264 264 264 264 265 265 265 265 265 265 265 266 266 266 266 266 266 266 266 266 267 267 267 267 267 267 268 268 268 268 268 268 268 269 269 269 269 269 269 270 270 270 270 270 270 270 270 270 270 270 271 271 271 271 271 271 271 271 271 271 272 272 272 272 272 272 273 273 273 273 273 274 274 274 274 274 274 274 274 274 274 275 275 275 275 275 275 275 275 276 276 276 276 276 276 276 276 277 277 277 277 277 277 277 277 278 278 278 278 278 279 279 279 279 279 279 279 279 280 280 280 280 280 280 280 280 281 281 281 281 281 281 281 281 281 281 281 282 282 282 282 282 282 282 283 283 283 283 283 283 283 283 283 284 284 284 284 284 284 284 284 284 284 284 285 285 285 285 285 285 285 285 285 285 285 285 286 286 286 286 286 286 286 286 286 286 286 286 286 286 287 287 287 287 288 287 287 287 287 287 288 288 288 288 288 288 288 289 289 289 294 295 295 295 295 295 295 295 296 296 295 295 296 296 296 296 297 297 297 297 297 297 296 296 296 296 296 296 296 248 248 249 249 249 249 249 249 249 249 250 250 250 250 250 250 250 250 251 251 251 251 251 252 252 252 252 252 253 253 253 253 254 254 254 254 254 254 255 255 255 255 255 256 256 256 256 256 256 256 257 257 257 257 257 257 258 258 258 258 258 258 258 259 259 259 259 259 260 260 260 260 260 260 260 261 261 261 261 261 261 262 262 262 262 262 262 263 263 263 263 263 263 263 264 264 264 264 264 264 264 265 265 265 265 265 265 266 266 266 266 266 266 266 266 266 266 266 267 267 267 267 268 268 268 268 268 268 268 268 269 269 269 269 269 269 270 270 270 270 270 270 270 270 270 270 270 271 271 271 271 271 271 271 272 271 272 272 272 272 272 273 273 273 273 273 273 273 274 274 274 274 274 274 274 275 274 275 275 275 275 275 275 275 276 276 276 276 276 276 276 276 276 277 277 277 277 277 277 277 278 277 278 278 278 278 278 279 279 279 279 279 279 279 280 280 280 280 280 280 280 280 281 281 281 281 281 281 281 281 281 281 282 282 282 282 282 282 282 282 283 283 283 283 283 283 283 283 283 284 284 284 284 284 284 284 284 284 284 285 285 285 285 285 285 285 285 285 285 285 285 285 286 286 286 286 286 286 286 286 286 287 287 286 286 287 287 287 287 288 288 288 288 288 288 288 288 288 288 288 288 288 289 289 289 288 288 289 289 289 289 289 289 289 289 289 294 295 295 295 295 296 296 296 296 296 296 296 296 296 297 297 297 297 297 297 297 297 297 297 297 296 296 296 296 296 296 248 248 248 249 249 249 249 249 249 250 249 250 250 250 250 250 250 250 250 251 251 252 252 251 251 252 252 252 252 253 253 253 253 254 254 254 254 254 254 255 255 255 255 255 255 256 256 256 256 256 256 257 257 257 257 257 257 258 258 258 258 258 258 258 259 259 259 259 259 260 260 260 260 260 260 261 261 261 261 261 261 261 262 262 262 262 262 262 263 263 263 263 263 263 263 264 264 264 264 264 264 264 265 265 265 265 265 265 266 266 266 266 266 266 266 266 266 267 267 267 267 267 267 267 268 268 268 268 268 268 269 269 269 269 269 269 270 270 270 270 270 270 270 270 270 270 271 270 270 271 271 271 271 271 272 272 272 272 272 272 272 273 273 273 273 273 273 273 273 274 274 274 274 274 274 274 275 275 275 275 275 275 275 275 276 276 276 276 276 276 276 277 277 277 277 277 277 277 277 278 278 278 278 278 278 278 278 279 279 279 279 279 279 279 279 280 280 280 280 280 280 280 281 281 281 281 281 281 281 281 281 281 281 282 282 282 282 282 282 282 283 283 283 283 283 283 283 283 283 283 284 284 284 284 284 284 284 284 284 285 285 285 285 285 285 285 285 285 285 285 285 285 286 286 286 286 286 286 286 286 286 286 287 287 286 287 287 287 287 288 288 288 288 288 288 288 288 288 288 288 288 289 288 289 289 289 289 289 289 289 289 290 289 290 290 290 290 290 290 290 290 290 290 294 295 295 295 296 296 296 296 296 296 297 297 296 297 297 297 297 297 297 297 297 297 297 297 297 297 296 296 296 296 297 297 297 248 248 248 248 248 249 249 249 249 249 249 250 250 250 250 250 250 250 250 251 251 251 251 251 251 251 252 252 252 252 252 252 253 253 253 254 254 254 254 254 254 255 255 255 255 255 255 256 256 256 256 256 256 257 257 257 257 257 257 258 258 258 258 258 258 258 259 259 259 259 259 260 260 260 260 260 261 261 261 261 261 261 261 261 262 262 262 262 262 263 263 263 263 263 263 263 263 264 264 264 264 264 264 264 265 265 265 265 265 265 266 266 266 266 266 266 266 266 266 267 267 267 267 267 267 268 268 268 268 268 268 269 269 269 269 269 269 269 270 270 270 270 270 270 270 270 270 271 271 271 271 271 271 271 271 271 272 272 272 272 272 272 272 273 273 273 273 273 273 273 273 273 274 274 274 274 274 275 275 275 275 275 275 275 276 276 276 276 276 276 276 276 276 277 277 277 277 277 277 277 277 278 278 278 278 278 278 278 278 279 279 279 279 279 279 279 280 280 280 280 280 280 280 280 281 281 281 281 281 281 281 281 281 281 282 282 282 282 282 282 282 282 283 283 283 283 283 283 283 283 283 284 284 284 284 284 284 284 284 284 285 284 285 285 285 285 285 285 285 285 285 285 285 285 285 286 286 286 286 286 286 286 286 286 286 287 287 287 287 287 287 288 289 289 289 289 288 288 289 289 289 288 289 289 289 289 289 289 290 289 289 289 290 290 290 290 290 291 290 290 290 291 291 290 291 290 290 291 291 290 290 294 295 295 296 295 296 296 296 296 296 296 297 297 296 296 297 297 297 297 297 297 297 297 297 297 297 297 297 296 297 297 297 297 297 297 297 297 247 248 248 248 248 248 248 249 249 249 249 249 249 249 250 250 250 250 250 250 251 251 251 252 252 252 252 252 252 252 252 252 252 252 252 253 253 253 254 254 254 254 254 255 255 255 255 255 255 256 256 256 256 256 256 257 257 257 257 257 257 258 258 258 258 258 258 258 259 259 259 259 259 260 260 260 260 260 261 261 261 261 261 261 261 261 262 262 262 262 262 263 263 263 263 263 263 263 264 264 264 264 264 264 264 264 265 265 265 265 265 265 266 266 266 266 266 266 266 266 267 267 267 267 267 267 268 268 268 268 268 268 268 268 268 269 269 269 269 269 269 270 270 270 270 270 270 270 270 271 271 271 271 271 271 271 271 271 272 272 272 272 272 272 273 273 273 273 273 273 273 273 273 274 274 274 274 274 274 275 275 275 275 275 275 276 276 276 276 276 276 276 277 276 277 277 277 277 277 277 277 277 278 278 278 278 278 278 278 278 278 279 279 279 279 279 279 280 280 280 280 280 280 280 280 281 281 281 281 281 281 281 281 281 281 281 282 282 282 282 282 282 282 283 283 283 283 283 283 283 283 283 284 284 284 284 284 284 284 284 285 284 285 285 285 285 285 285 285 285 285 285 285 285 285 285 285 286 286 286 286 286 286 286 286 286 287 287 287 287 287 287 288 288 289 289 288 288 288 289 289 290 289 289 289 289 289 290 290 290 290 289 289 289 290 290 290 291 291 291 290 290 291 291 291 290 291 291 290 291 292 291 290 294 295 295 295 296 296 296 296 296 296 296 297 297 297 296 296 297 297 297 297 297 297 297 297 297 297 296 296 297 297 297 297 297 297 297 297 297 297 297 298 247 248 248 248 248 248 248 249 249 249 249 249 249 249 250 250 250 250 250 250 250 251 251 251 252 252 252 252 252 253 253 253 253 253 252 253 253 253 254 254 254 254 254 255 255 255 255 256 256 256 256 256 256 256 256 257 257 257 257 257 257 258 258 258 258 258 258 259 259 259 259 259 259 260 260 260 260 260 260 261 261 261 261 261 261 261 262 262 262 262 262 263 263 263 263 263 263 263 264 264 264 264 264 264 264 264 265 265 265 265 265 265 266 266 266 266 266 266 266 267 267 267 267 267 267 267 268 268 268 268 268 268 268 268 269 269 269 269 269 269 269 270 270 270 270 270 270 270 270 271 271 271 271 271 271 271 271 271 271 272 272 272 272 272 273 273 273 273 273 273 273 274 274 274 274 274 274 274 275 275 275 275 275 275 275 275 276 276 276 276 276 276 276 276 276 277 277 277 277 277 277 278 278 278 278 278 278 278 278 278 278 279 279 279 279 279 279 280 280 280 280 280 280 280 280 281 281 281 281 281 281 281 281 282 282 282 282 282 282 282 282 282 282 283 283 283 283 283 283 283 284 284 284 284 284 284 284 284 285 285 285 285 285 285 285 285 285 285 285 285 285 285 285 285 286 286 286 286 286 286 286 286 286 286 286 287 287 287 287 287 287 287 288 289 288 288 288 288 289 288 289 289 290 290 290 290 290 290 291 290 290 289 289 290 291 291 290 290 291 290 290 290 291 291 291 291 292 291 290 291 292 292 291 294 295 295 295 296 296 296 296 296 297 297 297 297 297 297 297 297 297 297 297 297 297 297 297 297 297 297 297 297 297 297 297 297 297 298 298 297 297 298 298 298 298 298 298 298 298 298 298 298 247 248 248 248 248 248 248 249 249 249 249 249 249 249 250 250 250 250 250 250 250 251 251 251 251 251 251 251 252 252 252 253 253 253 253 253 253 253 254 254 254 254 254 255 255 255 255 255 256 256 256 256 256 256 257 257 257 257 257 257 257 258 258 258 258 258 259 259 259 259 259 259 259 260 260 260 260 260 261 261 261 261 261 261 262 262 262 262 262 262 262 262 263 263 263 263 263 263 263 264 264 264 264 264 264 265 265 265 265 265 265 265 266 266 266 266 266 266 266 267 267 267 267 267 267 268 268 268 268 268 268 268 268 269 269 269 269 269 269 269 270 270 270 270 270 270 270 270 270 271 271 271 271 271 271 271 271 271 272 272 272 272 272 272 273 273 273 273 273 273 273 274 274 274 274 274 274 274 275 275 275 275 275 275 275 275 276 276 276 276 276 276 276 276 276 277 277 277 277 277 277 277 278 278 278 278 278 278 278 278 279 279 279 279 279 279 280 280 280 280 280 280 280 280 281 281 281 281 281 281 281 281 282 282 282 282 282 282 282 282 282 282 283 283 283 283 283 283 283 284 284 284 284 284 284 284 284 285 285 285 285 285 285 285 285 285 285 285 285 285 286 285 285 285 286 286 286 286 286 286 286 286 287 287 287 287 287 287 287 287 287 288 288 288 288 288 289 289 290 289 289 289 290 290 290 290 290 290 291 291 290 289 290 290 291 291 290 290 290 290 290 290 291 291 291 291 292 291 291 291 291 292 292 291 293 294 295 295 296 296 296 296 296 296 297 297 297 297 297 297 297 297 297 297 297 297 297 297 297 297 297 297 297 297 297 297 298 298 298 298 298 298 298 298 298 298 298 298 298 298 298 298 298 298 298 298 247 247 248 248 248 248 248 248 249 249 249 249 249 249 249 249 250 250 250 250 250 250 250 250 251 251 251 252 252 251 252 252 252 253 253 254 253 253 253 253 254 254 254 255 255 255 255 255 255 255 256 256 256 256 256 257 257 257 257 257 257 257 258 258 258 258 258 259 259 259 259 259 259 259 260 260 260 260 260 261 261 261 261 261 261 262 262 262 262 262 262 262 263 263 263 263 263 263 263 263 264 264 264 264 264 265 265 265 265 265 265 265 265 266 266 266 266 266 266 266 267 267 267 267 267 267 267 268 268 268 268 268 268 269 269 269 269 269 269 269 269 270 270 270 270 270 270 270 270 270 271 271 271 271 271 271 271 271 272 272 272 272 272 272 272 272 273 273 273 273 273 274 274 274 274 274 274 274 274 275 275 275 275 275 275 275 275 275 276 276 276 276 276 276 276 276 276 277 277 277 277 277 277 277 278 278 278 278 278 278 278 279 279 279 279 279 279 280 280 280 280 280 280 280 281 281 281 281 281 281 281 281 282 282 282 282 282 282 282 282 282 282 282 283 283 283 283 283 283 284 284 284 284 284 284 284 284 284 285 285 285 285 285 285 285 285 285 285 285 286 286 286 286 286 286 286 286 286 286 286 286 286 286 287 287 287 287 287 287 287 287 287 288 288 288 288 289 289 289 289 290 289 289 290 290 290 290 290 290 291 291 290 290 291 291 291 290 291 291 290 291 291 291 290 291 292 292 292 291 291 291 291 292 293 291 291 294 295 296 296 296 296 296 296 296 296 297 297 297 297 296 297 297 297 297 297 297 297 297 297 297 297 297 297 297 297 297 298 298 298 298 298 298 298 298 298 298 298 298 298 298 298 298 298 298 298 298 298 298 298 247 247 247 248 248 248 248 248 248 249 249 249 249 249 249 249 249 250 250 250 250 250 250 250 250 251 251 251 251 252 252 252 252 252 252 253 253 254 254 253 253 254 254 254 254 255 255 255 255 255 255 256 256 256 256 256 257 257 257 257 257 257 257 258 258 258 258 258 259 259 259 259 259 259 259 260 260 260 260 260 261 261 261 261 261 262 262 262 262 262 262 262 263 263 263 263 263 263 263 263 264 264 264 264 264 264 265 265 265 265 265 265 265 265 266 266 266 266 266 266 267 267 267 267 267 267 267 268 268 268 268 268 268 269 269 269 269 269 269 270 270 269 269 270 270 270 270 270 270 270 270 271 271 271 272 271 272 272 272 272 272 272 272 272 272 273 272 273 273 273 273 273 273 274 274 274 274 274 274 274 275 275 275 275 275 275 275 275 275 276 276 276 276 276 276 276 276 276 277 277 277 277 277 277 278 278 278 278 278 278 278 278 279 279 279 279 279 280 280 280 280 280 280 280 280 281 281 281 281 281 281 281 281 282 282 282 282 282 282 282 282 282 282 282 283 283 283 283 283 283 284 284 284 284 284 284 284 284 284 285 285 285 285 285 285 285 285 285 285 286 286 286 286 286 286 286 286 286 286 286 286 286 287 287 287 287 287 287 287 287 287 287 287 287 288 288 289 289 289 289 289 289 289 289 290 290 290 290 290 290 291 291 291 291 291 291 291 291 291 291 291 291 291 291 291 291 292 292 292 292 291 291 292 292 292 292 292 291 294 295 296 296 296 296 296 296 296 296 297 297 297 297 297 297 297 297 297 297 297 297 297 297 297 297 297 297 297 297 297 297 298 298 298 298 298 298 298 298 298 298 298 298 298 298 298 298 299 299 299 299 299 299 298 298 247 247 248 248 248 248 248 248 249 249 249 249 249 249 249 249 250 250 250 250 250 250 250 251 251 251 251 251 251 252 252 252 252 252 252 253 253 253 254 254 254 254 254 254 255 254 255 255 255 255 255 255 256 256 256 256 256 257 257 257 257 257 257 258 258 258 258 258 258 258 259 259 259 259 259 259 260 260 260 260 260 261 261 261 261 261 261 262 262 262 262 262 262 262 263 263 263 263 263 263 264 264 264 264 264 264 265 265 265 265 265 265 265 265 266 266 266 266 266 266 267 267 267 267 267 267 267 268 268 268 268 268 268 269 269 269 269 269 269 269 269 269 269 270 270 269 270 270 270 270 270 271 271 271 271 271 272 271 271 271 271 271 272 272 272 272 272 272 273 273 273 273 273 273 274 274 274 274 274 274 274 274 274 274 275 275 275 275 275 275 275 276 276 276 276 276 277 277 277 277 277 277 277 277 278 278 278 278 278 278 279 279 279 279 279 279 280 280 280 280 280 280 280 280 281 281 281 281 281 281 281 281 282 282 282 282 282 282 282 282 282 282 283 283 283 283 283 283 283 283 284 284 284 284 284 284 284 284 284 285 285 285 285 285 285 285 285 285 285 286 286 286 286 286 286 286 286 286 286 286 286 286 286 287 287 287 287 287 287 287 288 288 288 288 288 288 289 289 289 289 289 289 289 289 289 290 290 290 290 290 290 291 290 291 291 291 291 291 292 291 291 291 291 291 290 291 291 291 292 292 291 291 292 292 292 292 292 291 294 294 295 295 296 296 295 296 296 296 296 296 297 297 297 296 296 296 296 296 296 297 297 297 297 297 297 297 297 297 297 297 297 297 298 298 298 298 298 298 298 298 298 298 298 298 298 298 298 299 299 299 299 299 298 298 298 298 298 246 247 247 247 247 248 248 248 248 248 248 249 249 249 249 249 249 250 250 250 250 250 250 251 251 251 251 251 251 251 252 252 252 252 252 252 253 253 253 253 253 254 254 254 254 254 254 254 254 254 255 255 255 255 255 256 256 256 256 256 257 257 257 257 257 257 258 258 258 258 258 258 258 259 259 259 259 259 260 260 260 260 260 260 260 261 261 261 261 261 261 262 262 262 262 262 262 263 263 263 263 263 263 264 264 264 264 264 264 265 265 265 265 265 265 265 265 266 266 266 266 266 267 267 267 267 267 267 267 267 267 268 268 268 268 268 269 269 269 269 269 269 269 269 269 270 270 270 270 270 270 270 270 270 271 271 271 271 272 271 271 271 271 271 272 272 272 272 272 272 272 273 273 273 273 273 273 273 274 274 274 274 274 274 274 274 275 275 275 275 275 275 275 276 276 276 276 276 277 277 277 277 277 277 277 278 278 278 278 278 278 278 279 279 279 279 279 279 279 280 280 280 280 280 280 280 281 281 281 281 281 281 281 281 282 282 282 282 282 282 282 282 282 282 283 283 283 283 283 283 283 283 284 284 284 284 284 284 284 284 284 284 285 285 285 285 285 285 286 286 286 286 286 286 286 286 286 286 286 286 286 286 286 286 286 286 287 287 287 287 287 287 288 288 288 288 288 288 288 288 288 288 289 289 289 289 289 289 290 290 290 290 290 290 290 291 291 291 291 291 291 292 292 292 292 291 291 291 291 291 292 292 292 292 292 292 292 292 292 291 291 293 294 295 295 295 296 296 296 296 296 296 296 297 297 297 297 297 297 297 296 296 296 296 297 297 297 297 297 297 297 297 297 297 297 297 297 298 298 298 298 298 298 298 298 298 298 298 298 298 298 299 299 299 299 299 299 299 299 299 299 298 246 247 247 247 247 248 248 248 248 248 248 249 249 249 249 249 249 250 250 250 250 250 251 251 251 251 251 251 252 252 252 252 252 253 253 253 253 253 253 253 253 254 254 254 254 254 254 255 254 255 255 255 255 255 256 256 256 256 256 256 257 257 257 257 257 257 258 258 258 258 258 258 258 259 259 259 259 260 260 260 260 260 260 260 260 261 261 261 261 261 262 262 262 262 262 262 263 263 263 263 263 263 264 264 264 264 264 264 265 265 265 265 265 265 265 265 266 266 266 266 266 266 267 267 267 267 267 267 267 268 268 268 268 268 268 268 269 269 269 269 269 269 269 269 269 270 270 270 270 270 270 270 270 271 271 271 271 271 271 272 272 271 272 272 272 272 272 272 273 273 273 273 273 273 273 273 273 273 274 274 274 274 274 274 274 274 275 275 275 275 275 275 276 276 276 276 276 276 277 277 277 277 277 277 277 278 278 278 278 278 278 279 279 279 279 279 279 279 279 280 280 280 280 280 280 281 281 281 281 281 281 281 281 282 282 282 282 282 282 282 282 282 282 283 283 283 283 283 283 283 283 283 284 284 284 284 284 284 284 284 285 285 285 285 285 285 285 285 286 286 286 286 286 286 286 286 286 286 286 286 286 286 286 286 286 287 287 287 287 287 287 287 288 288 288 288 288 287 288 288 288 289 289 289 290 290 290 290 290 290 290 290 290 290 290 291 291 291 291 291 291 292 292 291 292 292 292 292 291 291 292 292 293 293 292 292 292 291 291 292 291 291 293 294 294 295 295 295 296 296 296 296 296 296 296 297 297 297 297 297 297 297 297 297 297 297 297 297 297 297 297 297 297 297 297 298 298 298 298 297 298 298 298 298 298 298 298 298 298 298 298 298 298 298 299 299 299 299 299 299 299 299 299 299 299 247 247 247 247 248 248 248 248 248 248 248 249 249 249 249 249 249 250 250 250 250 250 250 251 251 251 251 251 251 252 252 252 252 252 253 253 253 253 253 253 254 254 254 254 254 255 255 255 255 255 255 255 255 256 256 256 256 256 256 257 257 257 257 257 257 258 258 258 258 258 258 258 259 259 259 260 260 260 260 260 260 260 260 261 261 261 261 261 261 262 262 262 262 262 263 263 263 263 263 263 264 264 264 264 264 264 264 265 265 265 265 265 265 265 265 266 266 266 266 266 266 267 267 267 267 267 267 267 268 268 268 268 268 268 268 269 269 269 269 269 269 269 269 269 270 270 270 270 270 270 270 270 271 271 271 271 271 271 272 272 272 272 272 272 272 272 272 273 273 273 273 273 273 273 273 273 273 274 274 274 274 274 275 274 275 275 275 275 275 276 276 276 276 276 276 276 277 277 277 277 277 277 278 278 278 278 278 278 278 279 279 279 279 279 279 279 279 280 280 280 280 280 280 280 281 281 281 281 281 281 281 282 282 282 282 282 282 282 282 282 282 282 283 283 283 283 283 283 283 283 283 284 284 284 284 284 284 284 285 285 285 285 285 285 285 285 286 286 286 286 286 286 286 286 286 286 286 286 286 286 286 286 286 287 287 287 287 287 287 287 287 287 288 288 288 287 287 288 288 289 289 290 290 290 290 290 290 290 290 290 290 290 290 291 291 291 291 291 291 291 291 291 291 292 292 292 292 292 292 292 292 293 293 293 292 292 292 291 292 292 291 294 294 294 295 295 295 295 296 296 296 296 296 297 296 296 297 297 297 297 297 297 297 297 297 297 297 297 297 297 297 297 297 297 297 298 298 298 298 298 298 298 298 298 298 298 298 298 298 298 298 298 298 298 298 298 298 299 299 299 299 299 299 299 299 247 247 247 247 247 248 248 248 248 248 249 249 249 249 249 249 249 249 250 250 250 250 250 251 251 251 251 251 251 252 252 252 252 252 253 253 253 253 253 253 254 254 254 254 254 254 255 254 255 255 255 255 255 256 256 256 256 256 256 257 257 257 257 257 257 258 258 258 258 258 258 258 259 259 259 259 260 260 260 260 260 260 260 261 261 261 261 261 262 262 262 262 262 262 263 263 263 263 263 263 264 264 264 264 264 264 264 265 265 265 265 265 265 265 266 266 266 266 266 266 266 267 267 267 267 267 267 267 268 268 268 268 268 269 269 269 269 269 269 269 269 269 269 270 270 270 270 270 270 270 270 270 271 271 271 271 271 272 272 272 272 272 272 272 272 272 272 272 272 273 273 273 273 273 274 274 274 274 274 274 274 274 275 275 275 275 275 275 276 276 276 276 276 276 276 277 277 277 277 277 277 278 278 278 278 278 278 278 278 279 279 279 279 279 279 279 279 280 280 280 280 280 280 281 281 281 281 281 281 281 281 282 282 282 282 282 282 282 282 282 282 282 283 283 283 283 283 283 283 283 283 284 284 284 284 284 284 285 285 285 285 285 285 285 285 286 286 286 286 286 286 286 286 286 287 287 287 287 287 287 287 287 287 287 287 287 287 287 287 287 287 287 288 288 287 287 288 288 288 288 289 290 290 290 290 290 290 290 290 290 290 290 290 291 291 291 291 291 291 291 291 292 291 292 292 292 292 293 292 293 293 293 293 293 293 292 292 291 291 292 292 292 294 295 295 295 295 295 296 296 296 297 297 297 297 296 296 297 297 297 297 297 297 297 297 297 297 297 297 297 297 297 297 297 297 297 298 298 298 298 298 298 298 298 298 298 298 298 299 299 299 299 299 299 299 299 299 299 299 246 246 247 247 247 247 247 248 248 248 248 248 249 249 249 249 249 249 249 249 250 250 250 250 250 251 251 251 251 251 252 252 252 252 252 252 253 253 253 253 253 253 254 254 254 254 254 254 254 254 255 255 255 255 256 256 256 256 256 256 257 257 257 257 257 257 257 258 258 258 258 258 258 259 259 259 259 259 260 260 260 260 260 260 261 261 261 261 261 261 262 262 262 262 262 262 263 263 263 263 263 263 264 264 264 264 264 264 264 265 265 265 265 265 265 265 266 266 266 266 266 266 266 267 267 267 267 267 267 267 268 268 268 268 268 269 269 269 269 269 269 269 269 269 269 270 270 270 270 270 270 270 270 271 271 271 271 271 271 272 272 272 272 272 272 272 272 272 272 272 272 273 273 273 273 273 274 274 274 274 274 274 274 274 275 275 275 275 275 276 276 276 276 276 276 277 277 277 277 277 277 277 277 278 278 278 278 278 278 278 279 279 279 279 279 279 279 279 279 280 280 280 280 280 281 281 281 281 281 281 281 281 282 282 282 282 282 282 282 282 283 282 282 283 283 283 283 284 284 283 283 283 283 284 284 284 284 284 284 285 285 285 285 285 285 285 286 286 286 286 286 286 286 286 286 287 287 287 287 287 287 287 287 287 287 287 287 287 287 287 287 287 288 288 288 288 288 288 288 288 288 289 289 289 289 289 289 290 290 290 290 290 290 290 291 291 291 292 291 291 291 291 291 291 292 292 292 292 292 292 293 293 293 293 292 293 293 293 292 292 292 292 292 292 292 294 294 294 295 295 296 296 296 296 297 297 297 297 297 297 297 297 297 297 297 297 297 297 297 297 297 297 297 297 297 297 297 297 297 297 298 298 298 298 298 298 298 298 299 299 299 299 299 299 299 299 299 299 299 299 246 246 246 247 247 247 247 248 248 248 248 248 249 249 249 249 249 249 250 250 250 250 250 250 250 251 251 251 251 251 252 252 252 252 252 252 253 253 253 253 253 253 253 254 254 254 255 255 255 254 255 255 255 256 256 256 256 256 256 256 257 257 257 257 257 258 258 258 258 258 258 259 259 259 259 259 259 260 260 260 260 260 260 261 261 261 261 261 261 261 262 262 262 262 262 262 263 263 263 263 263 263 264 264 264 264 264 264 265 265 265 265 265 265 265 265 266 266 266 266 266 266 267 267 267 267 267 267 267 268 268 268 268 268 268 269 269 269 269 269 269 269 269 269 270 270 270 270 270 270 270 270 270 271 271 271 271 271 271 272 272 272 272 272 272 272 272 272 272 272 272 273 273 273 273 273 273 274 274 274 274 274 274 274 275 275 275 275 276 276 276 276 276 276 276 276 277 277 277 277 277 277 277 278 278 278 278 278 278 278 279 279 279 279 279 279 279 279 280 280 280 280 280 280 281 281 281 281 281 281 281 282 282 282 282 282 282 282 282 283 283 283 283 283 283 283 283 283 284 283 283 283 283 284 284 284 284 284 285 285 285 285 285 285 285 285 286 286 286 286 286 286 286 286 287 287 287 287 287 287 287 287 287 287 287 287 287 287 287 287 287 287 287 287 287 287 288 288 287 288 288 289 290 289 289 289 289 290 290 290 290 290 290 290 291 291 291 291 291 291 292 291 291 291 292 292 292 292 292 292 293 293 293 292 292 292 292 293 293 293 293 293 292 292 293 293 293 294 295 295 295 296 296 296 296 296 297 297 297 297 297 297 297 297 297 297 297 297 297 297 297 297 297 297 297 297 297 297 297 297 297 298 298 298 298 298 298 298 298 299 299 299 299 299 299 299 299 299 245 245 245 245 245 246 246 246 246 247 247 247 247 247 248 248 248 248 249 249 249 249 249 250 250 250 250 250 250 250 250 251 251 251 251 251 251 252 252 252 252 252 253 253 253 253 253 253 254 254 254 254 255 255 255 255 255 255 255 256 256 256 256 256 256 257 257 257 257 257 257 258 258 258 258 258 258 259 259 259 259 259 259 259 260 260 260 260 260 260 261 261 261 261 261 261 262 262 262 262 262 262 263 263 263 263 263 263 264 264 264 264 264 264 264 265 265 265 265 265 265 266 266 266 266 266 266 266 267 267 267 267 267 267 268 268 268 268 268 268 268 269 269 269 269 269 269 269 269 269 270 270 270 270 270 270 270 270 271 271 271 271 271 271 271 272 272 272 272 272 272 272 272 272 272 273 273 273 273 273 273 273 273 274 274 274 274 274 275 275 275 275 275 275 276 276 276 276 276 276 276 277 277 277 277 277 277 277 278 278 278 278 278 278 278 278 279 279 279 279 279 279 279 279 280 280 280 280 280 281 281 281 281 281 281 281 281 282 282 282 282 282 282 282 282 283 283 283 283 283 283 283 283 284 284 284 284 283 284 284 284 284 284 285 285 285 285 285 285 285 285 285 286 286 286 286 286 286 286 286 286 287 287 287 287 287 287 287 287 287 287 287 287 287 288 287 287 287 287 288 288 287 288 287 288 288 289 289 289 289 289 289 290 290 290 291 290 290 291 290 291 291 291 291 291 291 291 291 291 292 292 292 292 292 292 292 293 293 293 293 292 292 292 293 293 293 293 292 292 293 293 293 293 293 294 295 295 295 295 296 296 296 296 297 297 297 297 297 297 297 297 297 296 297 297 297 297 297 297 297 297 297 297 297 297 297 297 297 297 298 298 298 298 298 298 298 299 299 299 299 245 245 245 245 245 245 246 246 246 246 247 247 247 247 248 248 248 248 248 249 249 249 249 250 250 250 250 250 250 250 250 251 251 251 251 251 252 252 252 252 252 252 253 253 253 253 253 253 254 254 254 254 254 255 255 255 255 255 255 256 256 256 256 256 256 257 257 257 257 257 257 258 258 258 258 258 258 258 259 259 259 259 259 259 260 260 260 260 260 260 261 261 261 261 261 261 262 262 262 262 262 262 263 263 263 263 263 263 264 264 264 264 264 264 265 265 265 265 265 265 265 266 266 266 266 266 266 267 267 267 267 267 267 267 268 268 268 268 268 268 268 269 269 269 269 269 269 269 269 269 270 270 270 270 270 270 270 271 271 271 271 271 271 271 271 272 272 272 272 272 272 272 272 273 273 273 273 273 273 273 273 273 273 274 274 274 274 274 275 275 275 275 275 275 276 276 276 276 276 276 276 277 277 277 277 277 278 278 278 278 278 278 278 278 279 279 279 279 279 279 279 279 279 280 280 280 280 280 280 281 281 281 281 281 281 281 282 282 282 282 282 282 282 282 283 283 283 283 283 283 283 283 283 284 284 283 284 284 284 284 284 284 284 285 285 285 285 285 285 285 285 285 285 285 285 286 286 286 286 286 287 287 287 287 287 287 287 288 288 288 288 288 288 288 288 287 287 288 288 288 288 287 288 288 289 289 289 289 289 290 290 290 290 290 290 291 290 291 291 291 291 291 291 291 291 291 291 292 292 292 292 292 292 293 293 293 293 293 293 293 292 292 292 292 292 293 293 293 293 293 293 292 293 293 294 294 295 295 295 295 296 296 297 297 297 297 297 297 297 297 297 297 297 296 296 297 297 297 297 297 297 297 297 297 297 297 297 297 297 298 298 298 298 298 298 298 298 245 245 245 245 245 245 246 246 246 246 247 247 247 247 248 248 248 248 249 249 249 249 249 249 250 250 250 250 250 250 250 250 251 251 251 251 251 252 252 252 252 252 253 253 253 253 253 253 253 254 254 254 255 255 255 255 255 255 255 255 256 256 256 256 256 257 257 257 257 257 257 258 258 258 258 258 258 258 259 259 259 259 259 259 260 260 260 260 260 260 261 261 261 261 261 262 262 262 262 262 262 262 263 263 263 263 263 264 264 264 264 264 264 264 265 265 265 265 265 265 265 266 266 266 266 266 266 267 267 267 267 267 267 267 268 268 268 268 268 268 268 269 269 269 269 269 269 269 269 270 270 270 270 270 271 270 270 270 271 271 271 271 271 271 271 271 272 272 272 272 272 273 273 273 273 273 273 273 273 273 273 273 274 274 274 274 274 274 274 275 275 275 276 276 276 276 276 276 276 276 277 277 277 277 277 277 278 278 278 278 278 278 278 279 279 279 279 279 279 279 279 279 280 280 280 280 280 280 280 281 281 281 281 281 281 282 282 282 282 282 282 282 282 283 283 283 283 283 283 283 283 283 283 284 284 284 284 284 284 284 284 284 285 285 285 285 285 285 285 285 285 286 286 286 286 286 286 286 286 286 287 287 287 287 287 287 287 287 288 288 288 288 288 288 288 288 288 288 288 288 287 288 288 289 289 290 289 289 289 290 290 290 290 290 290 291 290 291 291 291 291 291 291 291 291 292 292 292 293 293 292 293 293 293 293 293 293 293 293 292 292 293 293 293 293 293 293 294 293 293 294 293 292 293 294 295 295 295 296 296 297 297 297 297 297 297 297 297 297 297 297 297 297 296 296 297 297 296 297 297 297 297 297 297 297 297 297 297 298 298 298 298 298 298 298 298 298 244 245 245 246 246 246 246 246 246 246 247 247 247 248 248 248 248 248 249 249 249 249 249 250 250 250 250 250 250 250 250 251 251 251 251 251 251 252 252 252 252 252 253 253 253 253 253 253 254 254 254 254 254 255 255 255 255 255 255 255 256 256 256 256 256 256 257 257 257 257 257 258 258 258 258 258 258 258 259 259 259 259 259 259 259 260 260 260 260 260 260 261 261 261 261 261 262 262 262 262 262 263 263 263 263 263 263 264 264 264 264 264 264 265 265 265 265 265 265 265 265 266 266 266 266 266 267 267 267 267 267 267 267 267 268 268 268 268 268 268 269 269 269 269 269 269 269 270 270 270 270 270 270 270 271 270 271 271 271 271 271 271 271 271 271 272 272 272 272 272 272 272 273 273 272 273 273 273 273 273 273 273 274 274 274 274 274 274 274 275 275 275 275 276 276 276 276 276 276 276 277 277 277 277 277 278 278 278 278 278 278 278 278 279 279 279 279 279 279 279 279 280 280 280 280 280 280 280 280 281 281 281 281 281 281 282 282 282 282 282 282 282 283 283 283 283 283 283 283 283 283 283 284 284 284 284 284 284 284 284 284 284 285 285 285 285 285 285 285 285 286 286 286 286 286 286 286 286 286 286 286 286 287 287 287 287 287 287 288 288 288 288 288 288 288 288 288 288 288 287 288 288 289 289 289 289 289 289 289 290 290 290 290 290 291 291 290 291 291 291 291 291 291 291 291 292 292 292 293 293 293 293 293 293 293 293 293 293 293 292 293 293 293 293 293 293 293 293 293 293 294 293 293 293 293 293 294 294 295 295 295 296 296 297 297 297 297 297 297 297 297 297 297 297 297 297 297 297 297 297 297 297 297 297 297 297 297 297 297 297 298 298 298 298 298 298 298 298 298 298 244 245 245 246 247 247 247 247 246 247 247 247 247 248 248 248 248 249 249 249 249 249 250 250 250 250 250 250 250 251 251 251 251 251 251 251 251 252 252 252 252 252 253 253 253 253 254 254 254 254 254 255 255 255 254 255 255 255 255 256 256 256 256 256 256 257 257 257 257 257 257 258 258 258 258 258 258 259 259 259 259 259 259 259 260 260 260 260 260 260 261 261 261 261 261 262 262 262 262 262 263 263 263 263 263 263 264 264 264 264 264 264 265 265 265 265 265 265 265 265 266 266 266 266 266 267 267 267 267 267 267 267 267 268 268 268 268 268 268 269 269 269 269 269 269 270 270 270 270 270 270 270 271 271 270 271 271 271 271 271 271 271 272 272 272 272 272 272 272 272 273 273 272 272 272 273 273 273 273 273 274 274 274 274 274 274 274 275 275 275 275 275 275 276 276 276 276 276 277 277 277 277 277 277 278 278 278 278 278 278 278 278 279 279 279 279 279 279 279 280 280 280 280 280 280 280 280 280 280 281 281 281 281 282 282 282 282 282 282 282 282 283 283 283 283 283 283 283 283 283 283 284 284 284 284 284 284 284 284 284 284 285 285 285 285 285 285 285 285 285 286 286 286 286 286 286 286 286 286 287 287 287 287 287 287 287 288 288 288 288 288 288 288 289 289 288 288 288 288 288 288 289 289 289 289 289 290 290 290 290 290 290 291 291 291 290 291 291 291 291 291 291 291 291 292 292 292 293 292 293 293 292 293 293 293 293 293 293 293 293 293 294 293 293 293 293 293 294 294 294 294 294 293 293 293 293 293 294 294 295 295 295 295 296 297 297 297 297 297 297 297 297 297 297 298 297 297 297 298 298 297 297 297 297 297 297 297 297 297 297 297 298 298 298 298 298 298 298 298 298 298 244 245 245 246 246 246 247 247 247 247 247 247 247 248 248 248 248 249 249 249 249 249 250 250 250 250 250 250 250 251 251 251 251 251 251 251 251 252 252 252 252 252 253 253 253 253 253 254 254 254 255 255 255 255 254 255 255 255 255 256 256 256 256 256 256 256 256 257 257 257 257 258 258 258 258 258 258 258 259 259 259 259 259 259 259 260 260 260 261 261 261 261 261 261 261 262 262 262 262 262 263 263 263 263 263 263 264 264 264 264 264 264 265 265 265 265 265 265 265 266 266 266 266 266 266 267 267 267 267 267 267 267 267 268 268 268 268 268 269 269 269 269 269 269 269 269 270 270 270 270 270 270 271 271 270 270 271 271 271 271 271 272 272 272 272 272 272 272 272 272 272 273 273 273 273 273 273 273 273 273 273 274 274 274 274 274 275 275 275 275 275 275 275 276 276 276 276 277 277 277 277 277 277 277 278 278 278 278 278 278 278 279 279 279 279 279 279 279 279 280 280 280 280 280 280 281 280 280 281 281 281 281 282 282 282 282 282 282 282 282 283 283 283 283 283 283 283 283 283 283 284 284 284 284 284 284 284 284 284 284 284 285 285 285 285 285 285 286 286 286 286 286 286 286 286 286 287 286 286 286 287 287 287 287 287 287 288 288 288 288 288 288 289 289 289 288 288 288 289 288 289 289 289 289 289 289 290 290 290 290 290 290 291 291 290 291 291 291 291 291 291 291 291 291 291 292 292 292 292 292 293 293 293 293 293 293 294 293 293 294 294 294 294 293 293 294 293 294 294 294 294 294 294 294 294 293 293 294 294 294 295 295 295 296 296 296 297 297 297 297 297 297 297 297 297 298 298 298 298 298 298 298 297 297 297 297 297 297 297 297 297 297 298 298 298 298 298 298 298 298 245 245 245 245 246 246 247 247 247 247 247 247 248 248 248 248 248 248 249 249 249 250 250 250 250 250 250 250 250 251 251 251 251 251 251 251 252 252 252 252 253 253 253 253 253 254 254 254 254 254 255 255 255 255 255 255 255 255 255 256 256 256 256 257 257 257 257 257 257 257 257 257 258 258 258 258 258 259 259 259 259 259 259 259 260 260 260 261 261 261 261 261 261 262 262 262 262 262 262 263 263 263 263 263 263 264 264 264 264 264 264 265 265 265 265 265 265 266 266 266 266 266 266 266 267 267 267 267 267 267 267 267 267 268 268 268 268 268 269 269 269 269 269 269 269 270 270 270 270 270 270 271 271 270 271 271 271 271 271 271 272 272 272 272 272 272 272 272 272 273 273 273 273 273 273 273 273 273 273 274 274 274 274 274 275 275 275 275 275 275 276 276 276 276 276 276 276 277 277 277 277 277 277 278 278 278 278 278 278 279 279 279 279 279 279 279 279 279 280 280 280 280 280 280 281 281 281 281 281 281 281 282 282 282 282 282 282 282 283 283 283 283 283 283 283 283 283 283 283 284 284 284 284 284 284 284 284 284 284 285 285 285 285 285 285 285 285 286 286 286 286 286 286 287 287 287 287 286 287 287 287 287 287 288 287 288 288 288 288 288 289 289 289 289 288 288 288 288 289 289 289 289 289 289 290 290 290 290 290 290 291 291 291 291 291 291 291 291 291 292 292 292 291 291 292 292 292 293 293 292 293 293 293 293 294 294 294 294 294 294 294 294 294 294 294 294 294 294 294 294 294 294 294 294 294 294 294 294 294 294 294 294 294 294 294 295 295 295 296 296 297 297 297 297 297 297 297 297 297 297 297 297 298 298 298 298 298 298 298 297 297 297 297 297 297 297 297 297 245 245 245 245 246 246 246 247 248 247 247 247 248 249 249 248 248 248 249 249 249 250 250 250 250 250 250 250 250 251 251 251 251 252 251 251 252 252 252 252 253 253 253 253 253 254 254 254 254 254 254 255 255 255 255 255 255 255 255 256 256 256 256 257 257 257 257 257 257 257 257 257 257 258 258 258 258 258 259 259 259 259 259 260 260 260 261 261 261 261 261 261 262 262 262 262 262 262 263 263 263 263 263 263 264 264 264 264 264 264 264 264 265 265 265 265 265 266 266 266 266 266 266 266 267 267 267 267 267 267 267 267 267 268 268 268 268 268 269 269 269 269 269 269 269 270 270 270 270 270 271 271 271 271 271 271 271 271 271 271 272 272 272 272 272 272 272 272 272 273 273 273 273 273 273 273 273 274 274 274 274 274 274 274 275 275 275 275 275 275 276 276 276 276 276 276 276 277 277 277 277 277 277 278 278 278 278 278 278 279 279 279 279 279 279 279 279 280 280 280 280 280 280 281 281 281 281 281 281 281 281 282 282 282 282 282 282 282 283 283 283 283 283 283 283 283 284 283 283 284 284 284 284 284 284 284 284 285 284 285 285 285 285 285 285 285 286 286 286 286 286 286 287 287 287 287 287 287 287 287 287 287 287 288 288 288 288 288 288 289 289 289 289 289 289 288 289 289 289 289 289 289 289 289 290 290 290 290 290 291 291 290 290 290 291 291 291 291 291 291 292 292 292 291 292 292 292 293 293 293 293 293 293 294 294 294 294 294 294 294 295 295 295 295 295 294 294 294 294 294 294 294 294 294 294 294 294 294 294 294 294 294 295 295 295 295 295 295 296 296 296 297 297 297 297 297 297 297 297 297 298 298 298 298 298 298 298 298 298 298 298 297 297 297 297 297 297 298 245 245 245 245 246 246 246 246 247 247 247 248 248 248 249 249 249 249 249 249 249 249 250 250 250 250 251 251 251 251 251 251 252 252 252 252 252 252 252 252 252 253 253 253 253 254 254 254 254 254 254 255 255 255 255 255 255 255 255 255 256 256 256 257 257 257 257 257 257 257 257 258 258 258 258 258 258 259 259 259 259 259 260 260 260 261 261 261 261 261 261 262 262 262 262 262 262 263 263 263 263 263 263 263 264 264 264 264 264 264 264 264 265 265 265 265 266 266 266 266 266 266 266 266 267 267 267 267 267 267 267 267 268 268 268 268 268 268 269 269 269 269 269 269 269 270 270 270 270 270 271 271 271 271 271 271 271 271 271 272 272 272 272 272 272 272 272 272 272 273 273 273 273 273 273 273 273 274 274 274 274 274 274 274 275 275 275 275 275 276 276 276 276 276 276 276 277 277 277 277 277 277 277 278 278 278 278 278 279 279 279 279 279 279 279 279 280 280 280 280 280 280 281 281 281 281 281 281 281 281 281 282 282 282 282 282 282 283 283 283 283 283 283 283 283 284 284 284 283 284 284 284 284 284 284 285 285 285 285 285 285 285 285 285 285 286 286 286 286 286 287 287 287 287 287 287 287 287 287 287 287 287 287 288 288 288 288 288 288 289 289 289 289 289 289 289 289 289 289 289 289 289 289 290 290 290 290 290 290 291 290 290 291 291 291 291 292 292 292 292 292 292 292 292 291 291 292 293 293 293 293 293 294 294 294 294 294 294 294 294 295 295 295 295 295 295 295 294 294 294 294 294 294 294 294 294 294 294 294 294 295 295 295 294 295 295 295 296 296 296 297 297 297 297 297 297 297 297 297 298 298 298 298 298 298 298 298 298 298 298 298 298 297 297 297 298 298 298 298 245 245 245 246 246 246 246 246 247 247 247 248 248 248 248 249 249 249 249 249 249 249 250 250 250 251 251 251 251 251 251 252 252 252 252 252 252 252 252 252 253 253 253 253 253 254 254 254 254 254 254 255 255 255 255 256 255 255 255 256 256 256 256 257 257 257 257 258 258 258 258 258 258 258 258 258 259 259 259 259 259 260 260 260 260 261 261 261 261 261 261 261 262 262 262 262 262 263 263 263 263 263 263 263 264 264 264 264 264 264 264 265 265 265 265 265 266 266 266 266 266 266 266 267 267 267 267 267 267 267 268 268 268 268 268 268 268 269 269 269 269 269 269 269 269 270 270 270 270 270 271 271 271 270 271 271 271 271 271 272 272 272 272 272 272 272 272 273 273 273 273 273 273 273 273 273 273 274 274 274 274 274 275 275 275 275 275 275 275 276 276 276 276 276 276 277 277 277 277 277 277 277 277 278 278 278 279 279 279 279 279 279 279 279 279 280 280 280 280 280 280 281 281 281 281 281 281 281 281 281 281 282 282 282 282 282 283 283 283 283 283 283 283 283 284 284 284 284 284 284 284 284 285 285 285 285 285 285 285 285 285 285 285 285 285 286 286 286 286 286 287 287 287 287 287 287 287 287 287 287 287 287 288 288 288 288 288 288 288 288 289 289 289 289 289 289 289 289 289 289 289 289 289 290 290 290 290 290 290 290 290 290 291 291 291 291 291 292 292 292 292 293 293 292 291 291 292 292 293 293 293 294 294 294 294 294 294 294 294 294 295 295 295 295 295 295 295 294 294 294 294 294 294 295 295 295 294 294 294 295 295 295 295 295 295 295 295 296 296 296 297 297 297 297 297 297 297 297 297 297 298 298 298 298 298 298 298 298 298 298 298 298 297 298 298 298 298 298 298 245 245 245 246 246 246 246 247 247 247 248 248 248 248 249 249 249 249 249 250 249 250 250 250 250 251 251 251 251 251 251 252 252 252 252 252 252 252 252 252 253 253 253 253 254 254 254 254 254 254 254 255 255 255 255 256 256 256 256 256 256 256 257 257 257 257 258 258 258 258 258 259 259 259 259 259 259 259 260 260 260 260 260 261 261 261 261 261 261 261 262 262 262 262 262 262 263 263 263 263 263 263 263 264 264 264 264 264 264 265 265 265 265 265 266 266 266 266 266 266 266 266 267 267 267 267 267 267 268 268 268 268 268 268 268 269 269 269 269 269 269 269 269 269 270 270 270 270 270 271 271 271 271 271 271 271 271 271 272 272 272 272 272 272 272 272 273 273 273 273 273 273 273 273 273 274 274 274 274 274 275 275 275 275 275 275 275 275 276 276 276 276 276 277 277 277 277 277 277 277 277 277 278 278 278 279 279 279 279 279 279 279 280 280 280 280 280 280 280 280 280 281 281 281 281 281 281 281 281 281 282 282 282 282 282 283 283 283 283 283 283 283 284 284 284 284 284 284 284 284 284 285 284 284 285 285 285 285 285 285 285 285 285 286 286 286 286 286 286 287 287 287 287 287 287 287 287 287 287 287 288 288 288 288 288 288 288 288 288 289 289 289 289 290 290 289 289 289 289 290 290 290 290 290 290 290 290 291 290 290 291 291 292 291 291 291 292 292 292 292 292 293 292 292 291 292 293 293 293 293 294 294 294 294 294 294 294 294 294 295 294 294 295 295 295 295 294 295 294 294 294 295 295 295 295 295 295 295 295 295 295 295 295 295 296 296 296 296 297 297 297 297 297 297 297 297 297 297 297 297 298 298 298 298 298 298 298 298 298 298 298 298 298 298 298 298 298 298 298 245 245 246 246 246 246 246 247 247 247 247 248 248 249 249 249 250 250 249 249 249 250 251 251 251 251 251 251 251 252 252 251 251 251 252 252 252 252 253 253 253 253 253 254 254 254 254 254 254 255 255 255 255 255 256 256 256 255 256 256 256 256 257 257 257 257 258 258 258 258 258 258 259 259 259 259 260 260 260 260 260 260 260 261 261 261 261 261 261 261 261 262 262 262 262 262 263 263 263 263 263 263 263 264 264 264 264 264 265 265 265 265 265 265 265 266 266 266 266 266 266 267 267 267 267 267 267 267 268 268 268 268 268 268 269 269 269 269 269 269 269 269 269 270 270 270 270 271 270 270 271 271 271 271 271 271 271 271 271 272 272 272 272 272 272 272 272 273 273 273 273 273 273 273 274 274 274 274 274 274 275 275 275 275 275 275 275 275 276 276 276 276 276 277 277 277 277 277 277 277 278 278 278 278 278 279 279 279 279 279 279 279 280 280 280 280 280 280 280 281 281 281 281 281 281 281 281 281 281 281 282 282 282 282 283 283 283 283 283 283 283 283 284 284 284 284 284 284 284 284 284 285 285 284 284 285 285 285 285 285 285 285 286 286 286 286 286 286 286 286 287 287 287 287 287 287 287 287 287 288 288 288 288 288 288 288 288 288 288 289 289 289 289 290 290 290 289 289 289 290 290 290 291 291 291 291 291 291 291 291 291 291 292 292 291 291 292 292 292 292 292 293 293 292 292 292 293 293 293 293 293 294 294 293 293 294 294 295 295 294 294 294 295 295 295 296 295 295 295 294 295 295 295 295 295 295 295 295 295 295 295 295 295 295 296 296 296 296 297 297 297 297 297 297 297 297 297 297 297 297 297 298 298 298 298 298 298 298 298 298 298 298 298 298 298 298 298 298 298 298 245 245 246 246 246 247 247 247 247 247 248 248 248 248 249 249 249 249 250 249 249 250 250 251 251 250 251 251 251 252 252 252 251 252 252 252 252 252 252 253 253 253 253 253 254 254 254 254 254 254 255 255 255 255 255 256 256 256 256 256 256 256 257 257 257 257 258 258 258 258 258 259 259 259 259 259 259 259 260 260 260 260 260 260 261 261 261 261 261 261 261 262 262 262 262 262 262 263 263 263 263 263 263 264 264 264 264 264 265 265 265 265 265 265 265 266 266 266 266 266 266 267 267 267 267 267 267 268 268 268 268 268 268 268 269 269 269 269 269 269 269 269 269 270 270 270 270 270 270 271 271 271 271 271 271 271 271 271 271 272 272 272 272 272 272 272 273 273 273 273 273 273 273 274 274 274 274 274 275 275 275 275 275 275 275 275 275 276 276 276 276 276 276 277 277 277 277 277 277 278 278 278 278 278 278 279 279 279 279 279 279 279 280 280 280 280 280 280 280 281 281 281 281 281 281 281 281 281 281 282 282 282 282 283 283 283 283 283 283 283 283 284 284 284 284 284 284 284 284 284 285 285 285 285 285 285 285 285 285 285 285 285 286 286 286 286 286 286 286 287 287 287 287 287 287 288 288 287 287 288 288 288 288 288 288 288 288 289 289 289 289 289 289 290 290 290 290 290 290 290 290 290 291 291 291 291 291 291 291 291 291 291 292 292 292 291 292 292 292 292 292 292 293 292 292 292 292 293 293 293 294 294 294 293 293 294 294 295 295 294 294 295 295 295 295 296 295 295 295 295 295 295 295 295 295 295 295 295 295 295 295 295 295 295 296 296 296 297 297 297 297 297 297 297 297 297 297 297 297 297 297 298 298 298 298 298 298 298 298 298 298 298 298 298 298 298 298 298 299 299 298 245 245 245 246 246 246 246 247 247 247 247 248 248 248 248 249 249 249 249 249 249 249 250 251 251 250 251 251 251 251 251 251 251 252 252 252 252 252 252 252 253 253 253 253 253 254 254 254 254 254 254 255 255 255 255 255 256 256 256 256 256 256 256 257 257 257 258 258 258 258 258 258 259 259 259 259 259 259 260 260 260 260 260 260 260 260 261 261 261 261 261 262 262 262 262 262 263 263 263 263 263 263 263 263 264 264 264 264 264 265 265 265 265 265 265 266 266 266 266 266 266 267 267 267 267 267 267 267 268 268 268 268 268 268 268 269 269 269 269 269 269 269 269 269 270 270 270 270 270 270 271 271 271 270 271 271 271 271 271 271 272 272 272 272 272 272 273 273 273 273 273 273 273 273 274 274 274 274 274 274 275 275 275 275 275 275 275 275 276 276 276 276 276 276 277 277 277 277 277 277 278 278 278 278 278 278 279 279 279 279 279 279 280 280 280 280 280 280 280 281 281 281 281 281 281 281 281 281 281 281 282 282 282 282 283 283 283 283 283 283 283 284 284 284 284 284 284 284 284 284 285 285 285 284 285 285 285 285 285 285 285 286 286 286 286 286 286 286 286 286 287 287 287 287 287 287 287 288 288 287 288 288 288 288 288 288 289 289 289 289 289 289 289 290 290 290 290 290 290 290 290 290 290 291 291 291 291 291 291 291 291 291 291 292 292 292 292 292 292 292 292 292 293 293 293 292 292 292 293 293 293 294 294 294 293 294 294 294 294 294 295 294 295 295 295 296 296 296 295 296 296 296 295 295 295 295 295 296 296 296 296 295 295 295 296 296 296 296 296 297 297 297 298 297 297 298 298 298 298 298 297 297 297 298 298 298 298 298 298 298 298 298 298 298 298 298 298 298 298 299 299 299 298 244 244 245 245 245 245 246 246 246 246 246 247 247 247 248 248 249 249 249 249 250 250 250 250 250 251 251 251 251 251 251 251 251 251 251 252 252 252 252 252 253 253 253 253 253 253 253 254 254 254 254 254 254 255 255 255 255 255 256 256 256 256 256 256 257 257 257 257 258 258 258 258 258 258 259 259 259 259 259 259 260 260 260 260 260 260 260 260 260 261 261 261 261 262 262 262 262 262 262 262 263 263 263 263 263 264 264 264 264 264 264 265 265 265 265 265 266 266 266 266 266 266 266 267 267 267 267 267 267 267 268 268 268 268 268 268 268 269 269 269 269 269 269 269 269 269 270 270 270 270 270 270 271 271 271 271 271 271 271 271 271 271 272 272 272 272 272 272 272 273 273 273 273 273 273 274 274 274 274 274 274 274 275 275 275 275 275 275 276 276 276 276 276 276 276 276 277 277 277 277 277 277 278 278 278 278 278 278 279 279 279 279 279 279 280 280 280 280 280 280 280 281 281 281 281 281 281 282 282 281 282 282 282 282 282 282 283 283 283 283 283 283 283 284 284 284 284 284 284 284 284 284 285 285 285 284 285 285 285 285 285 285 285 286 286 286 286 286 286 286 286 286 287 287 287 287 287 287 288 288 288 288 288 288 288 288 288 289 289 289 289 289 289 289 289 290 290 290 290 290 290 290 290 290 290 291 291 291 291 291 291 291 291 291 291 292 292 292 292 292 292 292 293 293 293 293 293 293 293 293 293 293 293 294 294 293 293 294 295 294 294 294 295 295 295 295 295 296 295 296 296 295 296 296 296 295 295 295 295 295 296 296 296 296 296 295 296 296 296 296 297 297 297 298 298 298 298 298 298 298 298 298 298 298 298 298 298 298 298 298 298 298 298 298 298 298 298 298 298 298 298 299 299 299 299 244 244 244 244 245 245 245 245 245 246 246 247 247 247 247 247 248 248 249 249 249 249 250 250 250 250 250 250 251 251 251 251 251 251 251 251 251 252 252 252 252 252 252 253 253 253 253 253 254 254 254 254 254 254 254 255 255 255 255 255 256 256 256 256 257 257 257 257 258 258 258 258 258 258 258 259 259 259 259 259 259 260 260 260 260 260 260 260 260 261 261 261 261 261 261 262 262 262 262 262 263 263 263 263 263 263 263 264 264 264 264 264 264 265 265 265 265 265 266 266 266 266 266 266 267 267 267 267 267 267 267 267 268 268 268 268 268 268 269 269 269 269 269 269 269 270 270 270 270 270 270 270 270 270 271 271 271 271 271 271 271 271 271 272 272 272 272 272 272 273 273 273 273 273 273 273 274 274 274 274 274 274 274 275 275 275 275 275 275 276 276 276 276 276 276 276 276 276 277 277 277 277 277 277 278 278 278 278 278 278 279 279 279 279 279 280 280 280 280 280 280 280 280 281 281 281 281 281 282 282 282 282 282 282 282 282 282 283 283 283 283 283 283 283 284 284 284 284 284 284 284 284 284 284 285 285 285 285 285 285 285 285 285 286 286 286 286 286 286 286 286 286 286 287 287 287 287 287 287 287 287 288 288 288 288 288 288 288 288 289 289 289 289 289 289 289 290 290 290 290 290 290 290 290 290 290 290 291 291 291 291 291 291 291 291 291 291 291 292 292 292 292 293 292 292 293 293 293 293 293 293 293 293 293 294 294 293 294 295 295 294 294 294 294 295 295 295 295 295 296 296 295 295 295 295 296 296 296 296 295 295 296 295 296 296 296 295 295 295 296 296 296 297 297 298 298 298 298 298 298 298 298 298 298 298 298 298 298 298 298 298 298 298 298 298 298 298 298 299 299 299 298 298 299 299 299 299 244 244 245 245 245 245 245 245 246 246 246 246 247 247 248 248 248 248 249 249 249 249 249 250 250 250 250 250 250 250 251 251 251 251 251 251 252 251 251 252 252 252 252 253 253 253 253 254 254 254 254 254 254 254 254 254 255 255 255 255 256 256 256 256 257 257 257 257 257 258 258 258 258 258 259 259 259 259 259 259 259 259 260 260 260 260 260 260 261 261 261 261 261 261 262 262 262 262 262 262 262 263 263 263 263 263 263 264 264 264 264 264 264 265 265 265 265 265 266 266 266 266 266 267 267 267 267 267 267 267 267 268 268 268 268 268 268 268 269 269 269 269 269 269 269 270 270 270 270 270 270 270 270 270 271 271 271 271 271 271 271 271 271 272 272 272 272 272 272 273 273 273 273 273 273 274 274 274 274 274 274 274 275 275 275 275 275 275 275 276 276 276 276 276 276 276 276 276 277 277 277 277 277 277 278 278 278 278 278 279 279 279 279 279 279 280 280 280 280 280 280 280 280 281 281 281 281 281 282 282 282 282 282 282 282 282 282 283 283 283 283 283 283 284 284 284 284 284 284 284 284 284 284 284 285 285 285 285 285 285 285 285 285 286 286 286 286 286 286 286 286 286 286 287 287 287 287 287 287 287 288 288 288 288 288 288 288 288 289 289 289 289 289 289 289 290 290 290 290 290 290 290 290 290 290 290 290 291 291 291 291 291 291 291 292 292 292 292 291 292 292 292 293 293 292 293 294 294 293 294 293 293 293 293 293 294 294 294 295 295 295 295 295 294 295 295 295 295 295 296 296 295 296 295 295 296 296 296 296 296 296 296 296 296 296 296 295 295 295 296 297 297 297 297 298 298 298 298 298 298 298 298 298 298 298 298 298 298 298 298 298 298 298 298 299 298 298 299 299 299 299 299 299 299 299 299 299 299 244 244 245 245 245 245 245 246 246 246 246 246 247 247 248 248 248 249 249 249 249 249 249 249 249 250 250 250 250 250 251 251 251 251 252 252 252 251 252 252 252 252 253 253 253 253 253 253 254 254 254 254 254 254 254 255 255 255 255 255 255 256 256 256 256 257 257 257 257 258 258 258 258 259 259 259 259 259 259 260 260 260 260 260 260 260 261 261 261 261 261 261 261 261 262 262 262 262 262 262 263 263 263 263 263 263 264 264 264 264 264 264 265 265 265 265 265 265 266 266 266 266 266 267 267 267 267 267 267 267 267 268 268 268 268 268 268 268 269 269 269 269 269 269 270 270 270 270 270 270 270 270 271 271 271 271 271 271 271 271 272 272 272 272 272 272 272 272 273 273 273 273 273 273 274 274 274 274 274 274 274 274 275 275 275 275 275 275 275 276 276 276 276 276 276 276 277 277 277 277 277 277 277 278 278 278 278 278 278 279 279 279 279 279 280 280 280 280 280 280 280 280 280 281 281 281 281 281 281 282 282 282 282 282 282 282 282 283 283 283 283 283 284 284 284 284 284 284 284 284 284 284 284 284 285 285 285 285 285 285 285 285 285 285 286 286 286 286 286 286 286 287 287 287 287 287 287 287 287 288 288 288 288 288 288 288 289 289 289 289 289 289 289 289 290 290 290 290 290 290 290 290 290 290 290 290 290 291 291 291 291 291 291 292 292 292 292 292 291 292 292 293 293 293 293 293 294 294 294 294 294 294 294 293 293 293 294 294 295 295 295 295 295 295 295 294 295 295 295 296 295 295 295 295 295 296 296 296 297 296 296 296 296 296 296 296 296 295 295 296 296 296 296 297 297 298 298 298 298 298 298 298 298 298 298 298 298 298 298 298 298 298 298 298 298 298 299 299 299 299 299 299 299 299 299 299 299 299 243 243 244 244 245 245 246 246 246 246 246 247 247 247 247 248 248 248 249 249 249 249 249 249 249 249 249 250 250 250 250 250 251 251 251 251 251 252 252 252 252 252 252 253 253 253 253 253 253 254 254 254 254 254 255 255 255 255 255 255 255 256 256 256 256 256 257 257 257 257 258 258 258 258 259 259 259 259 259 259 260 260 260 260 260 260 261 261 261 261 261 261 262 262 262 262 262 262 263 263 263 263 263 263 263 263 264 264 264 264 264 265 265 265 265 265 265 265 265 266 266 266 266 266 266 267 267 267 267 267 267 267 267 267 268 268 268 268 268 269 269 269 269 269 270 270 270 270 270 270 270 270 270 271 271 271 271 271 271 271 271 272 272 272 272 272 272 272 272 273 273 273 273 273 273 274 274 274 274 274 274 274 274 275 275 275 275 275 275 276 276 276 276 276 276 276 277 277 277 277 277 277 277 278 278 278 278 278 278 278 279 279 279 279 279 280 280 280 280 280 280 280 280 281 281 281 281 281 281 282 281 282 282 282 282 282 282 283 283 283 283 283 283 284 284 284 284 284 284 284 284 285 285 284 284 285 285 285 285 285 285 285 285 285 286 286 286 286 286 286 287 287 287 287 287 287 287 287 287 287 288 288 288 288 288 288 288 289 289 289 289 289 289 289 289 289 290 290 290 290 290 290 290 291 291 290 290 290 291 291 291 291 291 292 292 292 292 292 291 292 292 293 293 293 293 293 293 294 294 294 294 294 294 294 294 294 294 294 294 295 295 295 295 295 295 295 295 295 295 295 296 295 295 295 295 296 296 296 296 297 297 296 296 296 296 297 297 296 295 295 296 296 296 297 297 297 298 298 298 298 298 298 298 298 298 298 298 298 299 298 298 298 298 298 298 298 299 299 299 299 299 299 299 299 299 299 299 299 299 243 244 245 245 246 246 246 247 247 247 247 247 248 248 248 248 249 249 249 249 249 249 249 249 249 250 250 250 250 250 250 251 251 251 251 252 252 252 252 252 253 253 253 253 253 253 254 254 254 254 254 254 255 255 255 255 255 255 255 255 256 256 256 256 256 257 257 257 258 258 258 258 259 259 259 259 259 259 260 260 260 260 260 260 261 261 261 261 261 261 262 262 262 262 262 262 262 263 263 263 263 263 264 264 264 264 264 264 264 265 265 265 265 265 265 265 265 266 266 266 266 266 267 267 267 267 267 267 267 267 268 268 268 268 268 268 269 269 269 269 269 269 269 270 270 270 270 270 270 271 271 271 271 271 271 271 271 271 271 271 272 272 272 272 273 273 273 273 273 273 273 273 273 273 274 274 274 274 274 274 274 275 275 275 275 275 275 276 276 276 276 276 276 277 277 277 277 277 277 277 278 278 278 278 278 278 278 278 279 279 279 279 279 280 280 280 280 280 280 280 281 281 281 281 281 281 281 281 282 282 282 282 282 282 283 283 283 283 283 283 284 284 284 284 284 284 284 284 285 285 285 284 285 285 285 285 285 285 285 285 286 286 286 286 286 286 286 286 287 287 287 287 287 287 287 287 287 288 288 288 288 288 288 288 288 289 289 289 289 289 289 290 290 290 289 290 290 290 291 291 291 291 291 290 290 290 291 291 292 292 291 292 292 292 292 292 292 292 292 292 293 293 294 294 294 294 294 293 293 294 294 294 294 294 294 294 295 295 294 294 295 295 295 295 295 295 295 295 295 295 295 295 296 296 296 296 296 296 297 297 297 297 296 296 296 296 296 296 296 297 297 297 297 297 298 298 298 298 298 298 298 298 298 298 298 299 299 299 299 299 299 299 299 299 299 299 299 299 299 299 299 299 299 299 299 299 299 299 244 244 244 245 245 245 246 246 247 247 247 247 247 248 248 248 248 248 249 249 250 250 249 249 249 249 250 250 250 250 250 250 251 251 252 252 252 252 252 252 252 253 253 253 253 254 253 254 254 254 254 254 254 254 255 255 255 255 255 256 256 256 256 256 256 257 257 257 257 257 258 258 258 258 259 259 259 259 259 260 260 260 260 260 261 261 261 261 261 261 261 262 262 262 262 262 262 262 263 263 263 263 263 263 264 264 264 264 264 264 265 265 265 265 265 265 265 265 266 266 266 266 266 267 267 267 267 267 267 267 267 268 268 268 268 269 269 269 269 269 269 269 270 270 270 270 270 270 270 270 271 271 271 271 271 271 271 271 271 271 271 272 272 272 272 272 273 273 273 273 273 273 273 273 273 274 274 274 274 274 274 275 275 275 275 275 275 276 276 276 276 276 276 277 277 277 277 277 277 277 277 277 278 278 278 278 278 279 279 279 279 279 279 279 280 280 280 280 280 280 281 281 281 281 281 281 281 281 281 282 282 282 282 282 282 283 283 283 283 283 284 284 284 284 284 284 284 284 285 285 285 285 285 285 285 285 285 285 285 285 286 286 286 286 286 286 286 286 287 287 287 287 287 287 287 287 287 288 288 288 288 288 288 288 288 289 289 289 289 289 289 289 289 290 290 290 291 290 290 290 291 291 291 292 291 291 291 292 292 292 292 292 292 293 293 292 292 292 292 292 292 292 293 293 293 294 294 293 293 293 293 294 294 295 294 294 294 295 295 295 295 295 295 295 296 295 296 295 295 295 295 295 295 295 296 296 296 296 296 297 297 297 297 297 297 297 296 296 296 296 297 297 297 297 297 298 298 298 298 298 299 299 298 298 298 298 299 299 299 299 299 299 299 299 299 299 299 299 299 299 299 299 299 299 299 299 299 299 299 244 244 244 245 246 246 245 246 246 246 247 247 247 247 248 248 248 249 249 249 250 250 249 249 249 250 251 250 250 250 250 250 251 251 252 252 253 253 253 253 253 253 253 253 253 254 254 254 254 254 254 254 255 255 255 255 255 255 256 256 256 256 256 257 257 257 257 257 257 258 258 258 258 259 259 259 259 259 259 260 260 260 260 261 261 261 261 261 261 261 262 262 262 262 262 262 263 263 263 263 263 263 263 264 264 264 264 264 264 265 265 265 265 265 265 265 265 266 266 266 266 266 267 267 267 267 267 267 267 267 268 268 268 268 269 269 269 269 269 269 270 270 270 270 271 271 271 271 271 271 271 271 271 271 271 271 271 271 271 271 272 272 272 272 272 272 273 273 273 273 274 273 273 273 274 274 274 274 274 275 275 275 275 275 275 276 276 276 276 276 276 277 277 277 277 277 277 277 277 277 277 278 278 278 278 278 279 279 279 279 279 279 280 280 280 280 280 280 280 280 281 281 281 281 281 281 281 282 282 282 282 282 282 282 283 283 283 283 283 284 284 284 284 284 284 284 285 285 285 285 285 285 285 285 285 286 286 285 285 286 286 286 286 286 286 286 286 287 287 287 287 287 287 287 287 287 288 288 288 288 288 288 288 289 289 289 289 289 289 289 290 290 290 290 290 291 290 290 290 290 291 291 291 291 291 291 292 292 293 293 293 293 293 293 292 293 292 293 293 293 293 293 293 293 294 294 293 293 293 294 294 294 294 294 294 294 295 295 295 295 295 296 296 296 295 296 296 295 295 295 296 295 295 295 296 296 296 296 297 297 297 297 297 297 297 297 296 296 296 297 297 297 297 298 298 298 298 298 298 298 299 299 298 298 298 298 299 299 299 299 299 299 299 299 299 299 299 299 299 299 299 299 299 299 299 299 300 299 299 244 245 246 245 245 246 246 247 247 248 248 248 248 248 249 249 249 249 249 250 250 250 250 251 251 251 251 252 251 251 251 251 251 252 253 253 253 253 253 253 253 253 253 254 254 254 254 254 254 255 255 255 255 255 255 255 255 256 256 256 256 256 257 257 257 257 258 258 258 258 259 259 259 259 259 259 259 259 260 260 260 260 261 261 261 261 261 261 261 262 262 262 262 262 263 263 263 263 263 263 263 264 264 264 264 264 265 265 265 265 265 265 265 265 265 266 266 266 266 266 266 267 267 267 267 267 268 267 268 268 268 268 268 269 269 269 269 270 270 270 270 270 270 270 270 271 271 271 271 271 271 271 271 271 271 271 271 271 272 272 272 272 272 272 272 273 273 273 273 274 274 274 274 274 274 274 274 275 275 275 275 275 275 276 276 276 276 276 276 277 277 277 277 277 277 277 277 277 278 278 278 278 278 279 279 279 279 279 279 280 280 280 280 280 280 280 280 281 281 281 281 281 281 281 281 282 282 282 282 282 282 282 283 283 283 283 284 284 284 284 284 284 284 284 285 285 285 285 285 285 285 285 285 286 286 285 286 286 286 286 286 286 286 287 287 287 287 287 287 287 287 287 287 288 288 288 288 288 288 289 289 289 289 289 289 289 289 289 290 290 290 290 291 291 290 290 291 291 291 291 291 291 291 292 293 292 293 293 293 293 293 293 293 293 293 293 293 293 293 293 293 293 294 294 294 294 294 294 294 294 294 294 295 295 295 295 295 296 295 296 296 296 296 296 296 296 296 295 295 295 295 295 295 296 296 296 297 297 296 297 297 297 297 297 296 296 297 297 297 297 297 298 298 298 298 298 298 298 298 298 298 299 299 299 299 299 299 299 299 299 299 299 299 299 299 299 299 300 300 299 299 299 299 300 300 300 299 299 244 245 245 245 245 245 246 246 246 247 248 248 248 248 248 248 248 249 250 250 250 250 250 251 251 251 251 252 252 252 252 252 251 252 252 253 253 253 253 253 253 253 253 254 254 254 254 254 254 255 255 255 255 255 255 255 255 256 256 256 256 256 256 257 257 257 257 258 258 258 259 259 259 259 259 259 259 259 260 260 260 260 261 261 261 261 261 261 262 262 262 262 262 262 262 263 263 263 263 263 263 263 264 264 264 264 265 265 265 265 265 265 265 265 266 266 266 266 266 267 267 267 267 267 267 268 268 268 268 268 268 268 268 269 269 269 269 269 270 270 270 270 270 270 270 271 271 271 271 271 272 272 272 272 271 271 271 271 271 272 272 272 272 272 272 272 273 273 273 273 274 274 274 274 274 274 275 275 275 275 275 275 275 276 276 276 276 276 277 277 277 277 277 277 277 277 277 278 278 278 278 278 279 279 279 279 279 279 279 280 280 280 280 280 280 280 281 281 281 281 281 281 281 281 282 282 282 282 282 282 283 283 283 283 283 283 284 284 284 284 284 284 284 285 285 285 285 285 285 285 285 285 286 286 286 286 286 286 286 286 286 286 286 287 287 287 287 287 287 287 287 287 288 288 288 288 288 288 288 289 289 289 289 289 289 289 289 289 290 290 290 290 290 290 290 290 291 291 291 291 291 291 292 292 292 292 293 293 293 293 293 293 293 294 294 294 293 294 293 294 293 294 295 295 294 294 295 295 295 295 294 294 295 295 295 295 295 296 296 296 296 296 296 296 297 296 296 295 295 296 296 296 296 296 296 296 297 297 297 297 297 296 296 296 296 297 297 297 297 297 298 298 298 298 298 298 298 298 298 298 298 299 299 299 299 299 299 299 299 299 299 299 299 299 299 299 300 300 300 299 299 299 299 300 300 300 300 300 300 244 245 245 245 245 246 247 247 247 247 248 248 248 248 248 248 248 249 250 250 250 250 250 250 250 251 251 251 252 252 253 252 252 252 252 253 253 253 253 253 253 253 253 254 254 254 254 254 254 255 255 255 255 255 255 255 256 256 256 256 256 257 257 257 257 257 257 258 258 258 259 259 259 259 259 259 260 260 260 260 260 260 261 261 261 261 261 262 262 262 262 262 262 262 262 263 263 263 263 263 263 264 264 264 264 264 264 265 265 265 265 265 265 266 266 266 266 266 266 267 267 267 267 267 268 268 268 268 268 268 268 268 269 269 269 269 269 269 270 270 270 270 270 270 271 271 271 271 271 271 272 272 272 272 272 272 272 272 272 272 273 273 273 273 273 273 273 273 273 273 274 274 274 274 275 275 275 275 275 275 275 275 276 276 276 276 276 276 276 276 277 277 277 277 277 277 278 278 278 278 278 278 279 279 279 279 279 279 280 280 280 280 280 280 280 281 281 281 281 281 281 281 281 282 282 282 282 282 282 283 283 283 283 283 283 283 284 284 284 284 284 284 284 285 285 285 285 285 285 285 285 285 285 286 286 286 286 286 286 286 286 286 286 287 287 287 287 287 287 287 287 287 288 288 288 288 288 288 288 289 289 289 289 289 289 289 289 289 290 290 290 291 291 290 290 290 291 291 291 291 291 291 291 292 292 292 293 293 293 293 293 293 293 294 294 294 294 294 294 295 294 294 295 295 294 295 295 295 295 295 295 295 295 295 296 295 295 296 296 296 296 297 297 297 297 297 296 296 296 296 296 296 296 296 296 296 296 297 297 297 297 296 297 297 297 297 297 297 297 297 298 298 298 298 299 299 299 299 299 299 299 299 299 299 299 299 299 299 299 299 299 299 299 299 300 300 300 300 300 300 299 299 299 300 300 300 300 300 300 300 244 245 246 246 246 247 247 247 247 248 248 248 247 247 248 249 249 249 249 249 249 250 250 250 250 250 251 252 252 252 253 253 253 253 253 253 252 252 253 253 253 253 254 254 254 254 254 254 255 255 255 255 255 255 255 256 256 256 256 257 257 257 257 257 257 258 258 258 258 258 259 259 259 259 259 260 260 260 260 260 260 261 261 261 261 261 262 262 262 262 262 262 262 262 263 263 263 263 263 263 263 264 264 264 264 264 265 265 265 265 265 265 266 266 266 266 266 267 267 267 267 267 268 268 268 268 268 268 268 268 268 269 269 269 269 269 270 270 270 270 270 270 270 271 271 271 271 271 271 271 272 272 272 272 272 272 272 272 272 273 273 273 273 273 273 273 273 273 273 273 274 274 274 274 274 275 275 275 275 275 275 276 276 276 276 276 276 276 277 277 277 277 277 277 278 278 278 278 278 278 279 279 279 279 279 279 280 280 280 280 280 280 280 281 281 281 281 281 281 281 281 282 282 282 282 282 282 283 283 283 283 283 283 283 283 284 284 284 284 284 284 285 285 285 285 285 285 285 285 285 285 285 286 286 286 286 286 286 286 286 286 286 287 287 287 287 287 287 287 287 288 288 288 288 288 288 288 289 289 289 289 289 289 289 289 289 289 289 290 290 291 290 290 290 290 290 290 291 291 292 291 291 292 292 292 293 293 293 293 293 293 293 294 294 294 294 294 294 295 295 295 295 295 295 294 294 295 295 295 295 295 295 295 296 296 296 296 296 296 296 296 296 297 297 297 296 296 296 296 296 296 296 296 296 296 296 296 296 297 297 297 297 297 297 297 298 298 298 298 298 298 298 298 298 299 299 299 299 299 299 299 299 299 299 299 299 299 299 299 299 299 299 300 300 300 300 300 300 300 300 299 299 299 300 300 300 300 300 300 300 245 246 246 246 247 247 247 247 248 248 247 248 248 249 249 249 249 249 249 249 250 250 250 250 251 251 252 252 252 253 253 253 253 253 253 253 253 253 253 254 254 254 254 254 254 254 255 255 255 256 256 255 256 256 256 256 257 257 257 257 257 257 258 258 258 258 258 258 259 259 259 259 259 260 260 260 260 260 260 261 261 261 261 261 261 262 262 262 262 262 262 263 263 263 263 263 263 263 264 264 264 264 264 265 265 265 265 265 265 265 266 266 266 266 266 267 267 267 267 267 268 268 268 268 268 268 268 268 268 269 269 269 269 269 269 270 270 270 270 270 270 271 271 271 271 271 271 272 272 272 272 272 272 272 272 272 272 273 273 273 273 273 273 273 274 274 273 273 274 274 274 274 274 275 275 275 275 275 276 276 276 276 276 276 276 276 277 277 277 277 277 278 278 278 278 278 278 278 279 279 279 279 279 279 280 280 280 280 280 280 280 281 281 281 281 281 281 281 282 282 282 282 282 282 282 283 283 283 283 283 283 283 284 284 284 284 284 284 285 285 285 285 285 285 285 285 285 285 286 286 286 286 286 286 286 286 287 287 287 286 287 287 287 287 287 288 288 288 288 288 288 288 288 288 288 289 289 289 289 289 289 289 289 289 290 290 290 290 290 290 290 290 290 290 290 291 292 292 292 292 291 292 292 293 293 293 293 293 293 294 294 294 294 294 294 294 295 295 295 295 295 295 295 295 294 295 295 295 295 296 296 296 296 296 296 296 296 296 296 297 297 297 297 297 296 296 296 295 295 296 296 297 297 297 297 296 296 297 297 297 297 297 297 298 298 298 298 298 298 298 298 298 298 299 299 299 299 299 299 299 299 299 299 299 299 299 299 299 299 299 300 300 300 300 300 300 300 300 300 299 299 300 300 300 300 300 300 300 300 245 245 246 246 246 246 246 247 247 247 247 248 248 249 249 248 249 249 249 250 250 250 250 250 251 251 251 252 252 253 253 253 253 253 253 253 253 253 253 253 254 254 254 254 254 254 255 255 255 256 256 256 256 256 256 256 257 257 257 257 258 258 258 258 258 258 259 259 259 259 259 259 259 260 260 260 260 260 260 261 261 261 261 261 261 262 262 262 262 262 262 262 263 263 263 263 263 264 264 264 264 264 264 264 265 265 265 265 265 265 266 266 266 266 266 267 267 267 267 268 268 268 268 268 268 268 268 268 269 269 269 269 269 269 269 270 270 270 270 270 270 270 271 271 271 271 272 272 272 272 272 272 272 272 272 272 272 273 273 273 273 273 273 274 274 274 273 273 274 274 274 274 274 275 275 275 275 275 276 276 276 276 276 276 276 276 277 277 277 277 278 278 278 278 278 278 278 278 279 279 279 279 279 280 280 280 280 280 280 280 281 281 281 281 281 281 281 282 282 282 282 282 282 282 283 283 283 283 283 283 283 283 284 284 284 284 284 284 285 285 285 285 285 285 285 285 285 285 286 286 286 286 286 286 286 286 287 287 287 287 287 287 287 288 287 287 287 288 288 288 288 288 289 289 289 289 289 289 289 289 289 289 289 289 290 291 290 290 290 290 290 290 291 290 291 291 292 292 292 292 292 292 292 293 292 293 293 293 293 293 294 294 294 294 294 294 295 294 295 294 295 295 295 295 295 295 295 296 296 296 296 296 296 296 296 296 296 297 297 297 297 297 298 297 297 297 297 296 296 296 296 297 297 297 297 297 297 297 297 298 298 298 298 298 298 298 298 298 298 298 298 298 299 299 299 299 299 299 299 299 299 299 299 299 299 299 299 299 299 300 300 300 300 300 300 300 300 300 300 300 300 300 300 300 300 300 300 300 300 300 301 301 301 244 245 245 245 246 247 247 247 248 249 248 248 248 249 249 249 250 251 250 250 250 251 251 251 252 252 252 253 253 253 254 254 254 254 254 254 253 253 254 254 254 254 254 254 255 255 256 256 256 256 256 256 256 257 257 257 257 257 258 258 258 258 259 259 259 259 259 259 259 259 259 260 260 260 260 260 261 261 261 261 261 261 262 262 262 262 262 262 263 263 263 263 263 264 264 264 264 264 264 264 264 265 265 265 265 265 266 266 266 266 266 266 267 267 267 267 268 268 268 268 268 268 269 269 269 269 269 269 269 269 269 270 270 270 270 270 270 270 271 271 271 271 272 272 272 272 272 273 272 272 272 272 272 272 273 273 273 273 273 273 274 274 274 274 274 274 274 274 274 274 275 275 275 275 275 275 276 276 276 276 276 276 276 277 277 277 277 278 278 278 278 278 278 278 279 279 279 279 279 279 280 280 280 280 280 280 281 281 281 281 281 281 281 282 282 282 282 282 282 282 283 283 283 283 283 283 283 283 283 284 284 284 284 284 285 285 285 285 285 285 285 285 286 286 286 286 286 286 286 286 286 286 286 287 287 287 287 287 287 288 288 288 288 287 288 288 288 288 289 289 289 289 289 289 289 289 289 289 289 289 289 290 291 290 289 290 290 290 291 291 290 291 291 292 292 292 292 292 292 292 293 293 293 293 293 293 293 294 294 294 294 294 294 294 294 294 295 295 295 296 295 295 296 296 296 296 296 296 296 296 296 296 296 296 297 297 297 297 297 298 298 298 298 297 296 296 296 297 297 297 297 297 297 297 297 297 298 298 297 298 298 299 299 298 298 298 298 298 299 299 299 299 299 299 299 299 299 299 299 299 299 299 299 299 300 300 300 300 300 300 300 300 300 300 300 300 300 300 300 300 300 300 300 300 300 301 301 301 301 301 301 301 301 301 301 301 301 301 246 247 247 247 248 249 248 248 248 248 249 249 250 250 250 250 250 251 252 251 251 252 252 252 252 253 253 254 254 254 254 254 254 254 254 254 254 254 255 255 255 255 255 256 256 256 256 256 257 257 257 257 257 258 258 258 258 258 258 259 259 259 259 259 259 259 259 260 260 260 260 260 260 261 261 261 261 262 262 262 262 262 262 262 263 263 263 263 263 264 264 264 264 264 264 265 265 265 265 265 265 265 266 266 266 266 266 266 267 267 267 267 268 268 268 268 268 268 268 269 269 269 269 269 269 269 270 270 270 270 270 271 271 271 271 271 271 271 272 272 272 272 272 272 272 272 272 272 272 273 273 273 273 273 273 274 274 274 274 274 274 274 274 274 274 274 274 275 275 275 276 276 276 276 276 276 276 276 277 277 277 277 277 278 278 278 278 278 278 279 279 279 279 279 279 280 280 280 280 280 280 280 281 281 281 281 281 281 282 282 282 282 282 282 282 283 283 283 283 283 283 283 283 283 284 284 284 284 284 285 285 285 285 285 285 285 285 286 286 286 286 286 286 286 286 286 286 286 286 287 287 287 287 287 287 288 288 288 288 288 288 288 288 289 289 289 289 289 289 289 289 289 289 289 289 289 289 290 290 290 290 290 290 290 291 290 291 291 291 292 292 292 292 292 292 292 293 293 293 293 293 293 293 293 294 294 294 294 294 294 294 294 295 295 295 295 296 296 296 296 296 296 296 296 296 296 296 296 296 296 296 297 297 297 298 298 298 298 298 297 296 296 296 297 297 297 297 297 298 297 298 297 297 298 298 298 298 298 299 299 298 298 298 298 299 299 299 299 299 299 299 299 299 299 299 299 299 299 300 300 300 300 300 300 300 300 300 300 300 300 300 300 300 300 300 300 300 300 300 300 301 301 301 301 301 301 301 301 301 301 301 301 301 301 301 246 247 247 247 247 247 248 248 249 250 250 250 251 251 251 251 252 252 252 252 252 252 253 253 254 254 255 255 254 255 255 254 255 255 255 255 255 256 255 256 256 256 257 257 257 257 257 257 257 258 258 258 258 258 259 259 259 259 259 259 260 260 260 260 260 260 260 261 261 261 261 261 261 262 262 262 262 262 262 263 263 263 263 263 263 264 264 264 264 265 265 265 265 265 265 265 266 266 266 266 266 266 267 267 267 267 267 268 268 268 268 268 268 268 269 269 269 269 269 269 269 270 270 270 270 270 271 271 271 271 271 271 272 272 272 272 272 272 272 272 272 272 272 272 273 273 273 273 274 274 274 274 274 274 275 275 275 275 275 275 275 275 275 275 275 276 276 276 276 276 276 276 277 277 277 277 278 278 278 278 278 278 278 278 279 279 279 279 279 280 280 280 280 280 280 280 280 281 281 281 281 281 282 282 282 282 282 282 282 282 283 283 283 283 283 283 283 283 283 284 284 284 284 285 285 285 285 285 285 285 285 286 286 286 286 286 286 286 286 286 286 286 287 287 287 287 287 287 287 287 288 288 288 288 288 288 288 288 289 289 289 289 289 289 289 289 289 289 289 289 290 290 289 289 289 290 290 290 290 291 290 290 291 291 291 292 292 292 292 292 293 293 293 293 293 293 294 294 294 294 294 294 294 294 294 294 295 295 295 295 295 296 296 296 296 296 296 296 296 296 296 296 296 297 297 296 297 297 297 297 297 298 297 298 297 296 296 297 297 297 297 297 297 298 297 298 298 297 298 298 299 298 299 298 298 298 298 298 298 299 299 299 299 300 300 300 300 300 300 300 300 300 300 300 300 300 300 300 300 300 300 300 300 300 299 300 300 300 300 300 300 300 300 300 301 301 301 301 301 301 301 301 301 301 301 301 301 301 301 301 301 246 247 249 249 250 250 251 251 251 251 252 251 251 252 252 252 253 254 254 254 254 254 254 255 255 255 255 256 256 256 256 256 256 256 256 256 257 257 257 257 257 257 258 258 258 258 258 258 259 259 259 259 260 260 260 260 260 261 261 261 260 260 261 261 261 261 261 261 262 262 262 262 262 263 263 263 263 263 264 264 264 264 264 265 265 265 265 265 265 265 266 266 266 266 266 267 267 267 267 267 267 268 268 268 268 268 268 269 269 269 269 269 269 269 269 270 270 270 270 270 270 271 271 271 271 271 272 272 272 272 272 272 272 272 272 272 272 272 273 273 273 273 273 274 274 274 274 275 275 275 275 275 275 276 276 275 275 275 276 276 276 276 276 276 276 277 277 277 277 277 278 278 278 278 278 278 278 278 279 279 279 279 279 280 280 280 280 280 280 281 281 281 281 281 281 281 282 282 282 282 282 282 282 283 283 283 283 283 283 283 284 284 284 284 284 284 284 285 285 285 285 285 285 285 286 286 286 286 286 286 286 286 286 286 286 287 287 287 287 287 287 287 287 288 288 288 288 288 288 288 288 288 289 289 289 289 289 289 289 289 289 289 289 290 290 291 290 289 289 290 290 290 291 291 291 290 291 291 291 292 292 292 292 292 293 293 293 293 293 293 294 294 294 294 294 294 294 294 294 295 295 295 295 295 295 296 296 296 296 296 296 297 296 296 296 297 296 297 297 297 297 297 297 297 297 298 298 297 297 296 297 297 297 297 297 297 298 298 298 298 298 298 298 298 298 299 299 299 298 298 298 298 299 299 299 299 299 299 299 299 299 300 300 300 300 300 300 300 300 300 300 300 300 300 300 300 300 300 300 300 300 300 300 300 300 300 300 301 301 301 301 301 301 301 301 301 301 301 301 301 301 301 301 301 301 249 249 249 250 251 251 251 251 251 251 252 252 253 253 253 253 253 253 254 254 254 254 254 255 256 256 257 257 257 257 256 256 256 257 257 257 257 257 257 257 258 258 258 258 258 259 259 259 260 260 260 260 260 260 260 260 260 260 260 261 261 261 261 261 261 262 262 262 262 262 263 263 263 263 263 263 264 264 264 264 264 265 265 265 265 265 265 265 266 266 266 266 266 267 267 267 267 267 267 268 268 268 268 269 269 269 269 269 269 269 269 269 269 270 270 270 270 270 271 271 271 271 271 272 272 272 272 272 272 272 272 272 272 272 273 273 273 273 273 273 273 274 274 274 274 274 275 275 275 275 275 275 276 275 275 276 276 276 276 276 276 276 277 277 277 277 277 277 277 278 278 278 278 278 278 278 279 279 279 279 279 279 279 280 280 280 280 281 281 281 281 281 281 281 282 282 282 282 282 283 283 283 283 283 283 283 283 283 283 284 284 284 284 284 285 285 285 285 285 285 285 286 286 286 286 286 286 286 286 286 287 286 287 287 287 287 287 287 287 287 287 288 288 288 288 288 288 288 288 289 289 289 289 289 289 289 289 289 289 289 289 290 290 290 290 290 290 290 290 290 291 291 291 290 291 291 291 292 292 292 292 293 293 293 293 293 293 294 294 294 294 294 294 294 294 294 294 295 295 295 295 295 296 296 296 296 296 296 296 297 297 297 297 297 296 296 297 297 298 297 297 297 297 297 298 297 297 296 297 297 297 297 297 298 298 298 298 298 298 298 298 298 298 299 299 300 299 299 298 298 299 299 299 299 299 300 300 300 300 300 300 300 300 300 300 300 300 300 300 300 300 300 300 300 300 300 300 300 300 300 300 300 300 300 300 301 301 301 301 301 301 301 301 301 301 301 301 301 301 301 301 301 301 249 251 251 251 251 251 251 252 252 253 253 253 254 254 253 253 253 253 254 254 254 254 255 255 256 256 257 257 257 257 256 256 257 258 258 257 257 257 258 258 258 258 258 259 259 259 260 260 260 260 259 260 260 260 261 261 261 261 261 261 262 262 262 262 262 262 262 263 263 263 263 263 263 264 264 264 264 264 264 265 265 265 265 265 265 265 265 266 266 266 266 267 267 267 267 267 267 267 268 268 268 269 269 269 269 269 269 269 269 269 269 270 270 270 270 270 271 271 271 271 271 272 272 272 272 272 272 272 272 272 272 272 273 273 273 273 273 273 273 274 274 274 274 274 275 275 275 275 275 275 275 275 275 276 276 276 276 276 276 276 277 277 277 277 277 277 277 277 278 278 278 278 278 278 279 279 279 279 279 279 280 280 280 280 280 280 281 281 281 281 281 281 282 282 282 282 282 283 283 283 283 283 283 283 283 283 284 284 284 284 284 284 285 285 285 285 285 285 285 286 286 286 286 286 286 286 286 286 287 286 287 287 287 287 287 287 287 288 288 288 288 288 288 288 288 288 288 288 289 289 289 289 289 289 289 289 290 290 290 290 290 290 290 290 290 290 290 290 291 291 290 291 291 291 291 292 292 292 293 293 293 293 293 293 294 294 294 294 294 294 294 294 294 294 295 295 295 295 295 295 296 296 296 296 296 296 297 297 297 297 297 297 297 297 297 297 297 297 297 297 297 298 298 297 297 297 297 297 297 298 298 298 298 298 298 298 298 298 298 298 298 299 299 299 300 299 299 298 299 299 299 299 299 300 300 300 300 300 300 300 300 300 300 300 300 300 300 300 300 300 300 300 300 300 300 300 301 300 300 300 300 300 300 301 301 301 301 301 301 301 301 301 301 301 301 301 301 302 302 302 301 250 250 251 251 251 252 252 252 252 253 253 253 253 253 253 253 254 255 255 255 255 255 255 255 256 256 256 257 258 257 257 258 258 258 258 258 258 257 257 258 258 259 259 259 259 259 259 259 260 260 260 261 261 261 261 261 262 262 262 262 262 262 262 262 262 262 263 263 263 263 263 264 264 264 264 264 264 265 265 265 265 265 265 265 265 265 266 266 266 266 267 267 267 267 267 267 268 268 268 268 269 269 269 269 269 269 269 269 269 270 270 270 270 271 271 271 271 271 271 271 271 272 272 272 272 272 272 272 272 272 272 273 273 273 273 273 273 274 274 274 274 274 274 275 275 275 275 275 276 276 276 276 276 276 276 276 276 277 277 277 277 277 277 277 278 278 277 278 278 278 278 278 279 279 279 279 279 279 280 280 280 280 280 280 280 281 281 281 281 281 281 281 282 282 282 282 282 283 283 283 283 283 283 283 283 284 284 284 284 284 285 285 285 285 285 285 285 286 286 286 286 286 286 286 286 286 286 287 286 287 287 287 287 287 287 287 288 288 288 288 288 288 288 289 289 288 289 289 289 289 289 289 290 290 290 290 291 290 290 290 290 290 290 290 291 291 291 290 290 291 291 291 291 292 292 292 292 292 293 293 293 293 293 294 294 294 294 294 294 294 294 294 295 295 295 295 295 295 295 295 296 296 296 296 296 296 297 297 297 297 297 297 297 297 297 297 297 297 297 297 298 298 298 297 297 297 297 297 298 298 298 298 298 298 298 298 298 298 299 298 298 298 299 300 299 299 299 299 299 299 299 299 299 300 300 300 300 300 300 300 300 300 300 300 300 300 300 300 300 300 300 300 300 300 301 301 300 300 300 300 300 301 301 301 301 301 301 301 301 301 301 301 301 301 301 301 302 302 302 250 251 251 251 252 252 252 252 252 252 253 253 253 253 253 254 254 254 255 255 256 256 256 256 256 256 256 257 258 258 258 258 259 258 258 258 258 258 258 259 259 259 259 259 259 259 259 260 260 261 261 261 261 261 261 261 262 262 262 262 262 262 262 262 262 263 263 263 263 263 263 264 264 264 264 264 264 265 265 265 265 265 265 265 265 266 266 266 266 266 266 267 267 267 267 268 268 268 268 268 268 269 269 269 269 269 269 269 269 270 270 270 270 271 271 271 271 271 271 271 271 272 272 272 272 272 272 273 272 273 273 273 273 273 273 273 273 274 274 274 274 274 275 275 275 275 275 275 276 276 276 276 276 277 276 276 276 276 277 277 277 277 277 277 278 278 278 278 278 278 278 278 279 279 279 279 279 279 280 280 280 280 280 281 281 281 281 281 281 281 281 281 282 282 282 282 282 283 283 283 283 283 283 283 283 284 284 284 284 284 285 285 285 285 285 285 285 286 286 286 286 286 286 286 286 286 287 287 286 287 287 287 287 287 287 288 288 288 288 288 288 288 288 289 289 289 289 289 289 289 289 289 290 290 290 290 291 291 291 291 291 290 290 290 291 291 291 290 290 291 291 291 291 292 292 293 293 292 292 293 293 293 293 293 294 294 294 294 294 294 294 295 295 295 295 295 295 295 295 295 296 296 296 296 297 297 297 297 297 297 297 297 297 297 297 298 297 297 298 298 298 298 298 297 297 297 297 297 298 298 298 298 298 298 298 298 299 299 299 299 299 299 299 299 300 300 299 299 299 299 299 299 299 300 300 300 300 300 300 300 300 300 300 300 300 300 300 300 300 300 300 300 300 300 300 301 300 300 300 300 300 301 301 301 301 301 301 301 301 301 301 301 301 301 302 302 302 302 302 250 250 251 252 252 252 252 252 252 252 252 252 253 253 253 254 254 255 255 255 255 256 256 257 257 256 256 256 256 257 257 257 258 258 258 258 258 258 258 258 259 259 259 259 259 259 259 259 260 260 261 261 261 261 261 261 261 262 262 262 262 261 262 262 263 263 263 263 263 263 263 264 264 264 264 264 264 265 265 265 265 265 265 266 266 266 266 266 266 266 266 267 267 267 267 267 267 267 268 268 268 268 268 269 269 269 269 269 270 269 270 270 270 270 270 270 270 271 271 271 272 272 272 272 272 272 272 272 273 273 272 272 272 273 273 273 273 273 274 274 274 274 275 275 275 275 275 275 276 276 276 276 276 277 277 276 276 276 277 277 277 277 277 277 277 277 278 278 278 278 279 279 279 279 279 279 279 279 280 280 280 280 280 281 281 281 281 281 281 281 281 281 282 282 282 282 282 282 282 283 283 283 283 283 283 283 284 284 284 284 284 285 285 285 285 285 285 286 286 286 286 286 286 286 286 286 287 287 287 287 287 287 287 287 287 287 288 288 288 288 288 288 288 289 289 289 289 289 289 289 289 289 290 290 290 290 291 291 291 291 291 291 291 291 291 291 291 291 291 290 291 291 291 291 292 292 293 293 293 293 293 293 293 293 293 293 294 294 294 294 294 295 295 295 295 295 295 295 295 295 296 296 296 297 297 297 297 298 297 297 297 297 297 297 298 298 298 298 298 298 298 298 298 298 298 297 297 297 297 298 298 298 298 298 298 298 298 298 299 299 299 299 299 300 300 301 300 299 299 299 299 299 299 299 300 300 300 300 300 300 300 300 300 300 300 300 300 301 301 301 301 300 301 301 301 301 301 300 300 300 300 300 301 301 301 301 301 301 301 301 301 301 301 301 301 301 302 302 302 302 251 251 252 252 252 251 252 252 252 253 254 253 254 254 254 254 254 254 255 255 255 256 257 257 256 256 257 256 257 257 257 258 259 259 259 259 258 259 259 259 259 259 259 259 259 260 260 260 260 261 261 261 262 261 262 262 262 262 262 262 262 262 263 263 263 263 263 263 264 264 264 264 264 265 265 265 265 265 265 265 266 266 266 266 266 266 267 267 267 267 267 267 267 267 267 268 268 268 268 268 268 269 269 269 269 269 270 270 270 270 270 270 271 271 271 271 271 271 271 272 272 272 272 273 273 273 272 272 273 273 273 273 273 273 274 274 274 274 274 274 275 275 275 275 275 276 276 276 276 276 276 277 276 276 276 276 276 277 277 277 277 278 278 278 278 278 278 278 279 279 279 279 279 279 280 280 280 280 280 280 281 281 281 281 281 281 281 281 281 281 282 282 282 282 282 282 283 283 283 283 283 283 283 284 284 284 284 284 284 285 285 285 285 285 286 286 286 286 286 286 286 286 286 286 287 287 287 287 287 287 287 287 287 287 288 288 288 288 288 288 289 289 289 289 289 289 289 289 289 289 290 290 290 290 291 291 291 291 291 291 291 291 290 291 291 291 291 291 290 291 291 291 292 292 293 293 293 293 293 293 293 293 293 293 294 294 294 294 294 294 295 295 295 295 295 295 295 295 296 296 296 296 297 297 297 297 298 298 297 297 297 297 298 298 298 298 298 298 298 298 298 298 298 297 297 297 297 298 298 298 298 298 298 298 298 298 299 299 299 299 299 299 300 300 300 299 299 299 299 299 300 300 300 300 300 300 300 300 300 300 300 300 301 301 301 301 301 301 301 301 301 301 301 301 301 301 300 300 300 300 301 301 301 301 301 301 301 301 301 301 301 301 302 302 302 302 302 251 251 251 251 252 252 252 253 253 253 253 253 254 254 254 255 255 255 254 254 255 255 256 257 257 257 257 257 257 257 258 258 258 259 260 259 259 259 259 259 259 259 259 260 260 260 260 260 261 260 261 261 262 262 262 262 262 262 262 262 262 262 263 263 263 263 263 263 263 264 264 264 265 265 265 265 265 265 265 265 266 266 266 266 267 267 267 267 267 267 267 267 267 267 268 268 268 268 268 269 269 269 269 269 269 269 269 270 270 270 270 271 271 271 271 271 271 271 271 272 272 272 272 273 273 273 273 272 273 273 273 274 273 273 273 274 274 274 274 275 275 275 275 275 275 275 276 276 276 276 276 277 277 276 276 276 277 277 277 277 277 278 278 278 278 278 279 279 279 279 279 279 279 279 280 280 280 280 280 281 281 281 281 281 281 281 282 282 282 282 282 282 282 282 283 283 283 283 283 283 283 284 284 284 284 284 284 284 284 285 285 285 285 285 286 286 286 286 286 286 286 286 286 286 287 287 287 287 287 287 287 287 287 288 288 288 288 288 288 288 288 289 289 289 289 289 290 289 289 290 290 290 291 291 291 291 291 291 291 291 291 291 291 291 291 291 291 291 291 291 291 291 292 293 293 293 293 294 294 294 294 294 294 294 294 294 294 294 294 294 294 295 295 295 295 295 295 296 296 296 296 296 296 296 296 297 297 297 297 297 298 298 297 298 298 298 298 298 298 298 298 298 299 298 297 297 297 298 298 298 298 298 298 298 298 298 298 299 299 299 299 299 299 300 300 300 300 300 299 300 300 300 300 300 300 300 300 300 300 300 300 301 301 301 301 301 301 301 301 301 301 301 301 301 301 301 301 301 300 300 301 301 301 301 301 301 301 301 301 302 301 302 302 302 302 251 251 251 252 252 252 252 252 253 253 254 254 254 255 255 255 255 255 255 255 255 255 257 258 258 258 258 257 257 258 258 258 259 259 259 259 259 258 258 259 259 260 260 260 260 260 260 260 261 261 261 261 262 262 262 262 262 262 262 261 262 263 263 263 263 263 263 263 263 263 264 264 264 265 265 265 265 266 266 266 266 266 266 266 267 267 267 267 267 267 267 268 267 267 268 268 268 269 269 269 269 269 269 269 269 269 270 269 270 270 270 270 270 271 271 271 271 272 272 272 272 272 272 273 273 273 273 273 273 273 273 274 274 274 273 274 275 275 275 275 275 275 275 275 275 275 275 276 276 276 276 277 277 277 277 277 277 277 277 277 277 277 278 278 278 278 279 279 279 279 279 279 279 279 280 280 280 280 280 281 281 281 281 281 281 281 282 282 282 282 282 282 282 282 283 283 283 283 283 283 283 284 284 284 284 284 284 284 284 285 285 285 285 286 286 286 286 286 286 286 286 286 286 286 287 287 287 287 287 287 287 287 287 288 288 288 288 288 288 288 289 289 289 289 289 289 289 289 289 290 290 290 291 291 291 291 291 291 291 291 291 291 291 291 292 292 291 291 291 291 292 292 292 293 293 293 293 294 294 294 294 294 294 294 294 294 294 294 294 294 294 294 294 295 295 295 296 296 296 296 296 296 296 296 297 297 297 297 297 297 298 298 298 298 298 298 298 298 298 298 298 298 298 299 298 297 297 298 298 298 298 298 299 299 298 298 298 299 299 299 299 299 299 300 300 301 300 300 300 300 300 300 300 300 300 301 301 300 300 300 301 301 301 301 301 301 301 301 301 301 301 300 301 300 300 300 301 301 301 301 301 301 301 301 301 301 301 301 302 302 302 302 302 302 251 251 251 252 252 252 252 253 253 254 254 254 254 254 254 254 254 255 256 255 255 256 256 257 257 258 259 258 257 257 258 258 259 259 260 259 259 259 259 259 259 260 260 260 261 261 261 261 261 261 261 261 262 262 262 262 262 262 262 262 262 262 263 263 263 264 264 264 264 263 263 264 264 265 265 265 265 265 266 266 266 266 266 267 267 267 267 267 267 267 267 268 268 268 268 268 268 269 269 269 269 268 268 269 269 270 270 270 271 271 270 270 270 271 271 271 271 271 272 272 272 272 273 273 273 273 273 273 273 273 273 273 274 274 274 275 275 275 275 275 275 275 275 275 275 275 275 276 276 276 276 276 277 277 277 277 277 277 277 277 277 277 278 278 278 278 279 278 279 279 279 279 280 280 280 280 280 280 281 281 281 281 281 281 281 282 282 282 282 282 282 282 282 283 283 283 283 283 283 284 284 284 284 284 284 284 284 284 285 285 285 285 285 286 286 286 286 286 286 286 286 286 287 287 287 287 287 287 287 287 287 287 288 288 288 288 288 288 288 288 288 289 289 289 289 289 289 290 290 290 290 290 290 291 291 291 291 291 291 291 291 291 291 291 292 292 292 291 291 291 291 292 293 293 294 294 294 294 294 294 294 294 294 294 294 294 294 295 295 295 295 294 295 295 295 295 295 295 296 296 296 297 296 296 297 297 297 297 297 297 298 298 298 298 298 298 297 298 298 298 299 298 298 298 299 298 298 298 298 298 298 299 299 299 299 298 299 299 299 299 299 299 299 300 300 300 300 300 300 300 300 300 300 300 300 301 301 301 301 301 301 301 301 301 301 301 301 301 300 300 300 300 300 301 301 301 301 301 301 301 301 301 301 301 301 301 301 301 302 302 302 302 302 302 251 251 251 252 253 253 254 253 254 254 253 254 254 255 256 256 257 257 257 257 256 257 257 258 259 258 258 258 258 258 259 260 260 261 261 260 260 259 259 260 261 261 261 261 261 261 261 261 261 262 262 262 262 262 262 262 262 262 262 263 263 264 264 264 264 264 264 264 264 264 264 265 265 265 266 266 266 266 266 266 267 267 266 267 267 267 267 268 268 268 268 269 268 268 268 268 268 268 268 269 269 269 269 270 270 270 271 270 271 271 271 271 271 271 272 272 272 272 272 272 272 273 273 273 273 273 273 274 274 274 274 274 274 275 275 275 274 274 275 275 275 275 275 276 276 276 276 276 276 276 277 277 277 277 277 278 278 277 277 278 278 278 278 278 279 279 279 279 280 280 280 280 280 280 280 281 281 281 281 281 281 281 282 282 282 282 282 282 282 283 283 283 283 283 283 284 284 284 284 284 284 284 284 284 284 285 285 285 285 286 286 286 286 286 286 286 287 287 287 287 287 287 287 287 287 287 287 287 288 288 288 288 288 288 288 288 288 289 289 289 289 289 289 289 290 290 290 290 290 290 291 291 291 291 291 291 291 292 291 291 292 292 291 291 291 291 291 292 292 293 293 294 294 294 294 294 294 294 294 294 294 294 294 294 294 295 295 295 295 295 295 295 296 296 296 296 296 297 297 297 297 297 297 297 297 298 298 298 298 298 298 298 298 298 298 298 298 298 299 298 298 298 299 299 299 298 299 299 299 300 300 299 298 299 299 299 299 299 299 300 300 300 300 300 301 300 300 300 300 300 300 300 301 301 301 301 301 301 301 301 301 301 301 301 301 301 301 301 301 301 301 301 301 301 301 301 301 301 301 301 301 301 301 301 301 302 302 302 302 302 252 252 252 253 253 253 253 253 254 254 255 255 256 256 256 257 257 257 257 257 258 258 259 259 259 259 259 259 259 260 260 261 261 260 259 259 260 260 261 261 261 261 261 261 261 261 262 262 262 262 262 262 262 262 262 262 262 263 263 264 264 264 264 265 265 265 265 264 265 265 265 266 266 266 266 266 266 266 266 266 267 267 267 268 268 268 268 268 268 268 268 268 268 268 268 268 269 269 269 270 269 269 270 270 271 271 271 270 270 271 271 272 272 272 273 272 272 272 272 273 273 273 272 273 273 273 274 274 274 274 275 275 275 274 274 275 275 275 275 275 276 276 276 276 276 276 276 276 276 277 277 277 277 278 278 277 277 278 278 279 279 279 279 279 279 280 280 280 280 280 280 280 281 281 281 281 281 281 281 282 282 282 282 282 282 282 283 283 283 283 283 283 284 284 284 284 284 284 284 285 285 285 285 285 285 285 285 286 286 286 286 286 286 286 286 287 287 287 287 287 287 287 287 287 287 288 288 288 288 288 288 288 288 288 289 289 289 289 289 289 289 289 290 290 290 290 290 291 291 291 291 291 291 291 291 291 292 292 292 292 291 291 291 291 291 292 293 293 293 294 294 294 294 294 294 294 294 294 294 294 295 295 295 295 295 295 296 296 296 296 296 296 297 297 297 297 297 297 297 297 297 297 298 298 298 298 298 298 298 298 298 298 298 298 298 298 298 298 299 299 299 299 300 299 299 299 299 299 300 299 298 299 299 299 299 299 300 300 300 300 300 300 301 301 300 300 300 300 300 300 301 301 301 301 301 301 301 301 301 301 301 301 301 301 301 301 301 301 301 301 301 301 301 301 301 301 301 301 301 301 301 301 301 302 302 302 252 252 252 253 253 253 254 254 254 254 255 256 256 257 257 256 257 258 258 258 259 259 259 259 260 260 260 260 261 261 261 261 260 260 260 260 261 261 261 262 262 262 262 262 262 262 262 263 263 263 263 263 263 263 263 263 263 263 264 265 265 265 265 265 265 266 265 265 265 265 265 265 266 266 266 266 267 267 267 267 267 268 268 269 269 269 268 268 268 268 268 268 269 269 269 269 270 270 270 270 270 270 270 271 271 271 271 271 271 272 272 272 272 273 273 273 273 273 273 273 273 273 273 273 273 274 274 274 275 275 275 275 274 275 275 275 275 276 276 276 276 276 276 276 276 276 277 277 277 277 277 277 277 277 277 277 278 278 279 279 279 279 279 279 280 280 280 280 280 280 280 280 280 280 281 281 281 281 281 281 282 282 282 282 282 282 282 282 283 283 283 283 283 283 283 283 283 284 284 284 284 284 285 285 285 285 285 285 285 286 286 286 286 286 286 286 286 286 287 287 287 287 287 287 287 287 288 288 288 288 288 288 288 288 288 289 289 289 289 289 289 289 289 289 290 290 290 290 291 291 291 291 291 291 291 291 291 292 291 291 291 291 291 291 292 292 293 293 293 293 294 293 294 294 294 294 294 294 294 294 294 294 294 295 294 295 296 296 296 296 296 296 296 296 297 297 297 297 297 297 297 297 297 297 298 298 297 297 297 297 297 297 297 297 297 297 298 298 298 298 298 299 300 299 299 299 299 300 299 299 299 299 300 300 300 300 300 300 300 300 300 301 301 301 300 300 300 300 301 301 301 301 301 301 301 301 301 301 301 301 301 301 301 301 301 301 301 301 301 301 301 301 301 301 301 301 301 302 302 302 302 302 302 302 302 252 252 253 254 253 254 254 254 254 254 255 256 257 257 256 256 257 258 258 259 259 259 260 260 260 260 260 261 261 261 261 261 261 261 261 261 261 261 261 262 262 262 262 262 262 263 263 263 264 264 264 263 263 263 263 263 263 263 264 264 265 265 265 265 266 265 265 265 265 265 266 266 266 266 267 267 267 267 267 267 267 268 268 268 269 269 269 269 269 268 269 269 268 269 269 269 269 269 269 270 270 270 271 271 271 271 271 271 271 272 272 272 272 273 273 273 273 273 273 274 273 273 273 273 273 274 274 274 275 275 275 275 275 276 276 275 276 277 276 276 276 276 276 276 277 277 277 277 277 277 277 278 278 278 278 278 278 278 279 279 279 279 279 280 280 280 280 280 280 281 280 280 281 281 281 281 281 281 281 282 282 282 282 282 282 282 282 283 283 283 283 283 283 283 283 283 284 284 284 284 284 285 285 285 285 285 285 285 285 286 286 286 286 286 286 286 287 287 287 287 287 287 287 287 287 288 288 288 288 288 288 288 288 288 289 289 289 289 289 289 289 289 290 290 290 290 290 291 291 291 291 291 291 291 291 291 291 291 291 291 291 291 292 292 292 293 293 293 294 294 294 294 294 294 294 295 295 295 295 294 294 295 295 295 295 295 295 296 296 296 296 296 296 297 297 297 297 297 297 297 297 297 297 298 298 297 297 297 297 297 297 298 297 297 297 297 298 298 298 298 299 299 299 299 299 299 300 300 300 299 299 300 300 300 300 300 300 300 301 301 301 301 301 301 300 300 300 300 301 301 301 301 301 301 301 301 301 301 301 301 301 301 301 301 301 301 301 301 301 301 301 301 302 302 301 301 301 301 301 302 302 302 302 302 302 252 252 253 253 253 254 255 255 255 255 256 256 256 257 257 258 258 259 259 260 260 260 260 260 261 261 261 261 261 261 261 261 262 262 262 262 262 262 262 262 263 263 263 263 263 264 264 264 264 264 263 263 263 264 264 264 264 264 264 265 265 265 266 265 266 266 266 267 267 267 267 267 267 267 267 267 267 268 268 268 268 268 269 269 269 269 269 270 270 270 270 270 270 270 270 270 270 270 271 272 272 272 272 272 272 272 272 272 272 273 273 273 274 273 273 274 274 273 273 274 273 273 274 274 275 275 275 275 275 275 276 276 276 276 277 277 276 276 276 276 276 277 276 277 277 277 277 277 278 278 278 278 278 278 278 279 279 279 279 280 280 280 280 280 280 280 281 280 281 281 281 281 281 281 281 281 282 282 282 282 282 282 282 282 283 283 283 283 283 283 283 283 284 284 284 284 284 284 285 285 285 285 285 285 285 286 286 286 286 286 286 287 286 287 287 287 287 287 287 287 287 288 288 288 288 288 288 288 288 288 289 289 289 289 289 289 289 289 289 290 290 290 290 291 291 291 291 291 291 291 291 291 291 291 292 292 291 291 292 292 292 292 293 294 294 294 294 295 295 295 295 295 295 295 295 295 295 295 295 295 295 296 296 295 296 296 296 296 296 296 297 297 297 297 297 297 298 297 297 298 298 298 298 297 297 297 298 298 298 298 298 297 297 297 298 298 298 298 298 299 299 299 299 299 300 300 300 299 299 300 300 300 300 300 301 301 301 301 301 301 301 300 300 300 300 301 301 301 301 301 301 301 301 301 301 301 301 301 301 301 301 301 301 301 301 301 301 302 302 302 302 302 302 302 302 302 302 302 302 302 302 252 253 254 255 255 255 255 255 256 257 256 257 257 258 258 259 259 260 260 260 260 260 261 261 261 261 262 262 262 262 263 263 263 263 263 262 262 263 263 263 263 263 263 263 263 264 263 263 263 264 265 264 264 265 265 264 265 265 266 266 266 266 266 267 267 268 267 267 268 267 267 267 268 268 268 268 268 268 268 269 269 269 269 270 270 270 271 271 271 271 272 271 271 271 271 272 272 272 272 272 272 272 272 272 272 272 273 273 273 274 273 274 274 274 273 273 274 274 274 274 274 275 275 275 275 276 276 276 277 276 277 277 277 276 277 277 277 277 277 277 277 277 277 277 277 277 278 279 279 279 279 279 279 279 279 280 280 280 280 280 281 281 281 281 281 281 281 281 281 281 281 281 282 282 282 282 282 282 282 282 282 282 283 283 283 283 283 283 284 284 284 284 284 284 284 285 285 285 285 285 285 286 286 286 286 286 286 286 287 287 287 287 287 287 287 287 287 288 288 288 288 288 288 288 288 288 289 289 289 289 289 289 289 289 289 289 290 290 290 290 291 291 291 291 290 291 291 291 291 291 292 292 292 292 292 292 292 292 293 293 294 294 294 295 295 295 295 295 295 295 295 296 296 296 296 296 296 296 296 296 295 296 296 296 296 296 297 296 297 297 297 297 297 297 298 297 298 298 298 298 298 297 297 298 298 298 298 298 298 297 298 298 298 298 298 298 299 299 299 299 299 299 300 300 300 300 300 300 300 300 300 301 301 301 301 301 301 301 300 300 300 300 301 301 301 301 301 301 301 301 301 301 301 301 301 301 301 301 301 301 301 301 302 302 302 302 302 302 302 302 302 302 302 302 302 302 302 302 254 254 255 255 255 255 256 257 258 258 258 258 259 259 259 259 260 260 260 260 261 261 261 261 261 261 262 262 263 263 263 263 263 263 263 262 262 263 263 263 263 263 263 263 263 263 263 264 264 264 264 264 265 265 265 265 265 266 266 266 266 267 267 268 268 268 268 268 268 268 268 268 268 268 268 268 268 268 269 269 270 270 270 271 271 271 271 271 271 271 272 272 272 272 272 272 272 272 272 272 272 272 272 272 272 273 273 273 273 274 274 274 274 273 273 273 274 274 274 274 275 275 275 276 276 277 277 277 277 277 277 276 276 276 277 277 276 277 277 277 277 277 277 277 278 278 279 279 279 279 279 279 279 280 280 280 280 280 280 280 281 281 281 281 281 281 281 281 281 281 282 282 282 282 282 282 282 282 282 282 283 283 283 283 283 283 283 284 284 284 284 284 284 285 285 285 285 285 285 285 286 286 286 286 286 286 286 287 287 287 287 287 287 288 288 288 288 288 288 288 288 288 288 288 289 289 289 289 289 289 289 289 289 289 289 290 290 290 290 290 291 291 291 290 291 291 291 291 291 292 292 292 292 292 293 293 293 293 294 294 294 295 295 295 295 296 296 296 296 295 296 296 296 296 296 297 297 296 296 296 296 296 296 296 296 297 297 297 297 297 297 297 297 297 298 298 298 298 298 298 298 297 297 297 298 298 298 298 297 298 298 298 298 299 298 298 298 299 299 300 300 300 300 300 300 300 300 300 300 300 301 301 301 301 301 301 301 301 301 301 301 301 301 301 301 301 301 301 301 301 301 302 302 301 301 301 301 301 301 301 301 301 301 302 302 302 302 302 302 302 302 302 302 302 302 302 302 254 254 254 255 255 255 256 256 256 257 258 258 259 259 259 259 259 259 260 260 260 261 261 261 261 261 261 261 261 262 262 262 263 263 263 263 263 263 263 263 263 263 263 263 263 263 263 264 264 265 265 265 265 265 265 265 265 265 266 266 267 267 267 268 268 268 269 269 268 268 268 269 268 268 268 268 268 268 269 269 270 270 270 271 271 271 271 271 271 271 271 272 272 272 272 272 272 272 272 272 272 272 273 273 273 273 273 273 273 273 274 274 274 274 273 273 273 274 274 274 275 275 275 275 275 276 276 276 276 277 277 277 276 276 276 276 276 277 278 277 278 277 277 278 278 278 278 279 279 279 279 280 280 280 280 280 280 280 280 280 280 281 281 281 281 281 281 281 281 281 282 282 282 282 282 282 282 282 282 282 283 283 283 283 283 283 283 283 284 284 284 284 284 285 285 285 285 285 285 285 285 285 286 286 286 286 286 286 287 287 287 287 287 287 287 287 288 288 288 288 288 288 288 288 289 289 289 289 289 289 289 289 290 290 290 290 290 290 290 290 290 290 290 291 291 291 291 291 291 292 292 292 292 292 292 293 293 293 294 294 294 295 295 295 295 296 296 296 296 296 296 296 296 296 296 296 296 296 296 296 296 296 297 297 297 297 297 297 297 297 297 297 297 297 297 298 298 298 298 297 297 297 297 297 297 298 298 298 298 298 298 298 298 299 299 299 299 298 298 299 300 300 300 300 300 301 300 300 300 300 300 301 301 301 301 301 300 301 301 301 301 301 301 301 301 301 301 301 301 301 301 302 302 301 301 301 301 301 301 301 301 301 301 301 301 302 302 302 302 302 302 302 302 302 302 302 302 302 254 255 256 256 256 256 257 257 257 257 258 259 260 260 260 260 260 261 261 261 261 261 261 260 261 261 261 262 262 263 263 263 263 263 264 264 264 264 263 263 264 263 264 264 264 265 265 265 265 266 266 265 266 266 266 266 266 267 267 268 268 268 269 269 269 269 269 269 269 269 269 269 269 269 269 269 270 270 270 271 271 271 271 271 271 271 271 271 272 272 272 272 272 272 272 272 272 272 272 273 273 273 273 273 273 273 274 274 274 274 274 273 274 274 274 275 275 275 275 275 275 276 276 276 276 276 277 277 277 277 277 277 277 277 277 278 278 278 277 278 279 279 278 278 279 279 279 279 280 280 280 280 280 280 280 280 280 281 281 281 281 281 281 281 281 282 282 282 282 282 282 282 282 282 282 282 282 283 283 283 283 283 283 284 284 284 284 284 285 285 285 285 285 285 285 286 285 285 285 286 286 286 286 286 286 287 287 287 287 287 287 287 288 288 288 288 288 288 289 289 289 289 289 289 289 289 289 289 290 290 290 290 290 290 290 290 290 290 291 291 291 291 291 291 291 292 292 292 292 292 292 292 292 292 293 293 293 294 294 294 295 295 295 296 296 296 297 297 297 297 297 296 296 296 296 296 297 297 297 297 297 297 297 297 297 297 297 297 297 297 297 297 297 297 297 297 297 297 298 297 297 297 298 298 298 298 298 298 298 298 298 299 299 299 299 299 299 299 300 300 300 300 300 301 300 300 300 300 300 301 301 301 301 301 301 301 301 301 301 301 301 301 301 301 301 301 302 302 302 302 301 301 301 301 301 301 301 301 301 301 301 301 301 302 302 302 302 302 302 302 302 302 302 302 254 255 255 256 256 256 256 256 256 257 258 258 259 260 260 260 261 261 261 261 261 261 261 261 260 261 261 262 262 263 263 263 263 263 263 263 264 264 264 264 264 264 264 264 265 265 264 265 265 265 265 265 265 266 266 267 267 267 267 268 268 268 268 268 269 269 268 269 269 269 270 270 269 270 270 270 270 270 270 271 271 271 271 271 272 272 272 271 271 272 272 271 272 272 272 272 272 272 273 273 273 273 274 273 273 274 274 274 274 275 275 274 274 274 275 275 275 275 275 275 276 276 276 276 276 276 277 277 277 277 277 278 278 278 278 278 278 278 278 278 279 279 278 278 279 279 279 279 279 280 280 280 280 280 280 280 281 281 281 281 281 281 281 281 282 282 282 282 282 282 282 282 282 282 282 283 283 283 283 283 283 283 283 284 284 284 284 285 285 285 285 285 285 285 285 285 285 285 286 286 286 286 286 286 286 287 287 287 287 287 287 287 288 288 288 288 288 288 288 289 289 289 289 289 289 289 289 289 290 290 290 290 290 290 290 290 291 291 291 291 291 291 291 291 291 292 292 292 292 292 292 292 292 292 292 292 292 292 293 293 293 294 294 295 296 296 296 296 295 296 296 296 296 297 297 297 297 298 298 298 298 298 298 298 298 298 298 298 298 298 297 297 296 297 297 297 297 297 297 298 298 297 298 298 298 298 298 298 298 298 298 299 299 299 299 299 299 299 299 299 300 300 300 300 300 300 300 300 301 301 301 301 301 301 301 301 301 301 301 301 301 301 301 301 301 301 301 302 302 302 302 301 301 301 301 301 301 301 301 301 301 301 301 301 302 302 302 302 302 302 302 302 302 302 254 255 255 255 256 256 257 257 258 257 257 258 259 258 259 259 260 261 261 261 261 260 260 261 262 262 262 263 263 263 263 263 264 264 264 263 263 264 264 264 264 265 264 264 264 264 265 265 265 265 265 266 266 267 267 267 267 267 268 268 268 268 268 268 268 268 269 269 269 270 270 270 270 270 270 270 270 271 271 271 271 271 272 272 272 272 272 272 272 272 272 272 272 272 272 273 273 273 273 273 273 274 274 274 274 274 274 274 275 275 274 274 275 275 275 275 275 275 275 276 276 276 276 276 277 277 277 277 277 277 277 278 278 278 278 278 278 278 278 278 278 278 279 279 279 279 279 279 279 279 280 280 280 280 280 280 281 281 281 281 281 281 281 282 282 282 282 282 282 282 282 283 283 283 283 283 283 283 283 283 283 284 284 284 284 285 285 285 285 285 285 285 285 285 285 285 286 286 286 286 286 286 286 287 287 287 287 287 287 287 288 288 288 288 288 288 288 288 288 289 289 289 289 289 289 289 290 290 290 290 290 290 290 290 290 290 291 291 291 291 291 291 291 292 292 292 292 292 292 292 292 293 293 293 293 292 292 293 293 294 294 294 295 295 295 295 295 295 296 297 297 296 296 297 297 297 297 298 298 298 298 298 298 299 299 298 298 298 298 298 297 297 296 297 297 297 298 298 298 298 298 298 298 298 298 298 299 299 298 298 299 299 299 299 299 299 299 299 299 300 300 300 300 300 300 300 300 301 301 301 301 301 301 301 301 301 301 301 301 301 301 301 301 301 301 301 302 302 302 302 302 301 301 301 301 301 301 301 301 301 301 301 301 302 302 302 302 302 302 302 302 302 302 302 254 255 256 256 257 257 257 258 257 256 257 258 258 258 258 259 259 260 261 261 261 260 260 261 261 262 262 262 263 263 263 264 264 264 264 263 263 264 264 264 264 265 265 264 264 265 265 265 265 265 266 266 267 266 266 266 267 267 268 268 268 268 268 269 269 269 269 269 270 270 270 270 270 270 270 270 270 271 271 271 271 271 271 272 272 272 272 273 273 273 272 272 272 273 273 273 273 273 273 273 274 274 274 274 274 275 275 275 275 275 275 275 275 275 275 276 275 276 276 276 276 276 276 277 277 277 276 277 277 278 278 277 278 278 278 278 278 278 278 278 278 279 279 279 279 279 279 280 280 280 280 280 280 280 280 281 281 281 281 281 281 281 282 282 282 282 282 282 282 282 283 283 283 283 283 283 283 283 283 283 284 284 284 284 285 285 285 285 285 285 285 285 285 286 286 286 286 286 286 286 286 286 287 287 287 287 287 287 288 288 288 288 288 288 288 288 288 288 289 289 289 289 289 289 290 290 290 290 290 290 290 290 290 290 291 291 291 291 291 291 291 291 291 291 291 292 292 292 292 292 292 293 293 294 293 293 293 293 293 293 294 295 295 295 295 295 295 296 297 297 297 296 297 297 296 297 297 298 298 298 298 298 299 299 298 299 299 299 298 298 297 296 297 297 297 298 298 298 298 298 298 298 298 298 298 298 299 299 299 299 299 298 299 300 299 299 300 300 300 300 300 300 300 300 300 300 300 301 301 301 301 301 301 301 301 301 301 301 301 301 301 301 301 301 302 302 302 302 302 302 302 301 301 301 301 301 301 301 301 301 301 301 302 302 302 302 302 302 302 302 302 303 302 255 255 255 256 256 257 257 257 256 257 257 258 258 258 258 259 259 260 261 261 261 260 260 261 261 261 262 263 263 263 263 264 264 264 264 263 263 264 264 264 264 265 265 265 265 265 265 265 265 266 266 267 266 266 266 267 268 268 268 268 268 268 269 269 269 269 269 270 270 270 270 270 270 270 270 270 271 271 271 271 271 271 272 272 272 272 273 273 273 273 272 272 272 273 273 273 273 273 274 274 274 274 274 274 275 275 275 275 275 275 275 275 275 275 275 276 276 276 276 276 276 276 277 277 277 277 277 277 278 278 278 278 278 278 278 278 278 278 278 279 279 279 279 279 279 280 280 280 280 280 280 281 281 281 281 281 281 281 281 281 281 281 282 282 282 282 282 282 282 283 283 283 283 283 283 283 283 283 283 284 284 284 284 284 284 285 285 285 285 285 286 286 286 286 286 286 286 286 286 286 286 287 287 287 287 287 288 288 288 288 288 288 288 288 288 288 288 289 289 289 289 289 290 290 290 290 290 290 290 290 291 291 291 291 291 291 291 291 292 291 291 291 291 292 292 292 293 292 292 292 293 293 293 294 293 294 294 294 295 294 295 294 295 295 295 296 296 296 296 296 296 296 296 297 297 298 298 298 298 298 298 298 299 299 299 299 299 299 298 298 297 296 297 298 298 298 298 298 298 298 298 298 298 299 299 299 299 299 299 299 299 299 300 300 300 300 300 300 300 300 300 300 300 300 300 301 301 301 301 301 301 301 301 301 301 301 301 301 301 301 301 301 301 301 302 302 302 302 301 301 301 301 301 301 301 301 301 301 302 301 302 302 302 302 302 302 302 302 302 303 303 303 256 257 256 257 258 258 258 259 259 260 260 261 261 261 261 261 261 261 262 262 263 263 263 264 264 263 264 264 264 264 264 264 264 264 265 265 265 265 265 265 266 266 266 266 266 266 266 267 267 267 268 268 268 268 268 269 269 269 269 270 270 270 270 270 270 271 270 270 270 271 271 271 271 271 271 271 272 272 272 272 273 273 273 273 273 273 273 273 273 273 273 274 274 274 274 274 274 275 275 275 276 275 275 275 275 275 275 275 276 276 276 276 276 276 276 277 277 277 277 277 277 277 277 278 278 278 278 278 278 278 279 279 279 279 279 279 280 280 280 280 280 280 280 281 281 281 281 281 281 281 281 281 281 281 281 282 282 282 282 282 282 283 283 283 283 283 283 283 283 283 283 283 284 284 284 285 285 285 285 285 285 285 286 286 286 286 286 286 286 286 286 286 286 287 287 287 287 287 287 288 288 288 288 288 288 288 288 288 288 289 289 289 289 289 290 290 290 290 290 290 290 290 290 291 291 291 291 291 291 291 292 292 292 291 292 292 292 292 292 293 293 293 293 294 293 293 293 293 294 294 295 295 295 295 295 295 295 295 296 296 296 296 296 296 297 297 297 297 297 298 298 298 298 298 298 299 299 299 299 299 299 299 298 297 296 297 297 298 298 298 299 298 298 298 298 298 299 299 298 299 299 300 299 299 300 300 300 300 300 300 300 300 300 300 300 300 300 301 301 301 301 301 301 301 301 301 301 301 301 301 301 301 301 301 302 301 301 302 302 302 302 301 301 301 301 301 301 301 302 302 302 302 302 302 302 302 302 302 302 302 303 303 303 303 303 303 257 257 257 257 258 258 259 260 259 260 261 261 261 261 261 261 262 262 263 263 263 263 263 263 264 264 264 264 264 264 264 264 265 265 265 265 265 265 265 266 266 266 266 266 266 267 267 267 267 268 268 268 268 268 269 269 269 269 270 270 270 270 270 270 271 271 270 270 270 271 271 271 271 271 271 272 272 272 272 273 273 273 273 273 273 273 273 273 273 273 273 274 274 274 274 275 275 275 275 276 275 275 275 275 275 275 275 276 276 276 276 276 277 277 277 277 276 277 277 277 278 278 278 278 278 278 278 278 278 279 279 279 279 279 279 280 280 280 280 280 280 280 281 281 281 281 281 281 281 281 281 281 281 281 282 282 282 282 282 283 283 283 283 283 283 283 283 283 283 284 284 284 284 284 285 285 285 285 285 286 286 285 285 286 285 286 286 286 286 286 286 286 287 287 287 287 287 287 287 287 288 288 288 288 288 288 288 288 289 289 289 289 289 290 290 290 290 290 290 290 290 291 291 291 291 291 291 291 291 292 292 292 291 292 292 292 293 293 293 293 293 294 293 293 293 293 294 294 294 294 295 295 295 296 296 296 296 297 297 297 297 296 296 297 297 298 298 297 298 298 298 298 298 299 299 299 299 299 299 299 299 298 297 296 297 297 298 298 298 298 298 298 298 298 298 298 298 298 299 299 300 300 300 300 300 300 300 300 300 300 300 300 300 300 300 300 301 301 301 301 301 301 301 301 301 301 301 301 301 301 301 302 302 302 302 302 301 301 301 301 301 301 301 301 301 302 302 302 302 302 302 302 302 302 302 302 302 302 303 303 303 303 303 256 256 257 257 257 258 259 259 259 260 261 261 262 261 261 261 261 262 263 263 263 263 263 263 264 264 264 264 264 264 265 265 265 265 265 265 266 266 266 266 266 266 266 267 267 267 267 267 267 268 268 268 268 269 269 269 269 269 270 270 270 270 270 271 271 271 271 271 270 271 271 271 271 271 272 272 272 272 272 273 273 273 273 273 273 273 273 273 273 273 274 274 274 274 274 275 275 275 275 275 275 275 275 275 275 275 275 276 276 276 276 277 277 277 277 277 277 277 277 277 277 278 278 278 278 278 278 278 278 279 279 279 279 280 280 280 280 280 280 280 280 281 281 281 281 281 281 282 282 281 281 281 281 281 282 282 282 282 282 283 283 283 283 283 283 283 284 284 284 284 284 284 284 285 285 285 285 285 285 285 285 285 286 286 286 286 286 286 287 287 286 286 287 287 287 287 287 287 287 287 287 288 288 288 288 288 288 288 288 289 289 289 289 290 290 290 290 290 290 290 291 291 291 291 291 291 291 291 291 291 291 292 291 292 292 293 293 293 293 293 293 294 294 294 294 294 294 294 295 295 295 295 295 295 296 296 296 296 297 297 297 297 297 296 297 298 298 298 298 298 298 298 298 299 299 299 299 299 299 299 299 299 297 297 297 297 298 298 298 298 298 299 299 299 299 299 298 299 298 299 300 300 300 300 300 300 300 300 300 300 300 300 300 300 300 300 301 301 301 301 301 301 301 301 301 301 301 301 301 301 301 301 302 302 302 302 302 301 301 301 301 301 302 302 302 302 302 302 302 302 302 302 302 302 302 303 303 258 259 259 259 260 260 260 261 262 262 261 261 262 262 263 263 263 263 263 263 264 264 264 264 264 264 264 265 265 265 265 265 266 266 266 266 267 267 267 267 267 267 267 267 268 269 269 268 269 269 269 269 269 270 270 270 270 270 271 271 271 271 271 271 271 271 271 272 271 272 272 272 272 273 273 273 273 274 274 274 274 274 274 274 274 274 274 274 274 274 274 275 275 275 276 275 275 275 275 275 275 276 276 276 276 276 276 276 277 277 277 277 277 277 277 277 277 278 278 278 278 278 278 279 279 279 279 279 280 280 280 280 280 280 280 280 281 281 281 281 281 282 282 282 282 281 281 282 282 282 282 282 282 282 282 283 283 283 283 283 283 283 284 284 284 284 284 285 285 285 285 285 285 285 285 285 285 286 286 286 286 286 286 286 287 287 287 287 287 287 287 287 287 287 287 288 288 288 288 288 288 288 288 289 289 289 289 289 290 290 290 290 290 290 290 290 291 291 291 291 291 291 291 291 291 292 292 292 292 292 292 292 292 293 293 293 293 294 294 294 294 294 295 295 296 296 296 295 296 295 296 296 296 296 297 297 297 297 297 297 298 298 298 298 298 299 299 299 299 299 299 299 299 299 299 299 299 298 297 297 297 298 298 298 298 299 299 299 299 299 299 299 299 299 299 300 300 300 300 300 300 300 300 300 300 300 300 300 300 300 300 301 301 301 301 301 301 301 301 301 301 301 301 301 301 301 301 302 302 302 302 301 301 301 302 302 302 302 302 302 302 302 302 302 302 302 302 302 303 258 258 258 258 259 260 260 260 261 262 262 261 261 262 263 263 263 263 263 263 263 263 264 264 264 264 264 264 265 265 265 265 265 266 266 266 266 266 266 267 267 267 267 267 268 268 269 269 269 269 269 269 269 269 269 270 270 270 270 270 270 271 271 271 271 271 271 271 272 272 272 272 272 272 272 273 273 273 273 274 274 274 274 274 274 274 274 274 274 274 274 275 275 275 276 276 275 275 275 275 275 275 275 276 276 276 276 276 276 277 277 277 277 277 277 277 277 277 277 278 278 278 278 278 279 279 279 279 279 279 280 280 280 280 280 280 280 281 281 281 281 281 282 282 282 282 281 282 282 282 282 282 282 282 282 283 283 283 283 283 283 283 283 284 284 284 284 285 285 285 285 285 285 285 286 285 286 285 286 286 286 286 286 286 286 286 287 287 287 287 288 287 287 287 287 288 288 288 288 288 288 289 289 289 289 289 289 289 289 290 290 290 290 290 290 290 290 291 291 291 291 291 292 292 292 292 292 292 292 292 292 292 293 293 293 293 293 293 293 294 294 294 295 295 296 296 296 296 296 296 296 296 296 296 296 296 297 298 298 298 298 298 298 298 298 298 299 299 299 299 299 299 299 299 299 299 299 299 298 297 297 297 297 298 298 298 299 299 299 299 299 299 299 299 299 299 300 300 300 300 301 300 300 300 300 300 300 300 301 300 300 300 301 301 301 301 301 301 301 301 301 301 301 301 301 301 301 301 302 302 301 301 301 301 301 302 302 302 302 302 302 302 302 302 302 302 302 302 302 303 303 258 259 260 259 259 259 259 260 261 262 261 261 261 262 262 263 263 263 264 264 264 264 264 264 264 264 265 265 265 265 265 265 265 266 266 266 266 267 266 267 267 267 267 267 268 268 269 269 269 269 269 269 269 269 269 269 270 270 270 270 270 270 271 271 271 271 271 271 272 272 272 272 272 272 272 273 273 273 273 274 274 274 274 274 274 274 274 274 274 274 275 275 275 275 276 276 275 275 275 275 275 276 276 276 276 276 276 276 276 276 276 276 277 277 277 277 277 277 278 278 278 278 279 279 279 279 279 279 279 279 280 280 280 280 280 281 281 281 281 281 281 281 281 281 282 282 282 282 282 282 282 282 282 283 283 283 283 283 283 283 283 283 284 284 284 284 284 284 285 285 285 285 285 286 285 285 286 286 286 286 287 287 287 286 286 287 287 287 287 287 288 287 287 287 287 288 288 288 288 288 289 289 289 289 289 289 289 289 289 290 290 290 290 290 290 290 290 291 291 291 291 291 291 292 292 292 292 292 292 293 293 293 293 294 293 293 293 294 294 294 294 294 295 295 295 295 295 296 296 296 296 297 297 297 297 297 297 297 298 298 299 298 299 298 298 298 298 298 299 299 299 299 299 299 299 299 299 299 298 298 297 297 297 298 298 298 299 299 299 299 299 299 299 299 299 299 300 300 300 300 301 301 301 300 300 300 300 300 300 300 300 300 300 301 301 301 301 301 301 301 301 301 301 301 301 301 301 301 302 302 301 301 302 301 302 302 302 302 302 302 303 302 303 302 302 303 302 303 303 303 303 259 260 260 260 259 259 260 260 261 261 261 262 262 262 262 263 263 263 264 264 264 264 264 264 265 265 265 265 265 265 265 265 266 266 266 266 266 267 267 267 267 267 268 268 268 269 269 269 269 269 269 269 269 269 270 270 270 270 270 270 270 271 271 271 271 271 271 272 272 272 272 272 272 272 273 273 273 274 274 274 274 274 274 275 274 274 274 274 274 275 275 275 275 276 276 275 275 275 275 275 276 276 276 276 277 277 277 277 277 277 277 277 277 277 277 277 277 278 278 278 278 279 279 279 279 279 279 279 280 280 280 280 280 280 281 281 281 281 281 281 281 281 281 282 282 282 282 282 282 282 282 282 283 283 283 283 283 283 283 284 284 284 284 284 284 285 285 285 285 285 285 285 286 286 286 286 286 287 286 286 286 287 287 287 287 287 287 287 287 288 287 287 287 287 288 288 288 288 289 289 289 289 289 289 289 289 289 289 289 290 290 290 290 290 291 291 291 291 291 291 291 291 292 292 292 292 292 293 293 293 293 293 293 294 293 293 294 294 294 294 295 295 295 295 295 296 296 297 296 296 296 297 297 297 297 298 297 298 298 298 298 298 298 298 298 299 299 299 299 299 299 299 299 299 299 298 298 298 298 298 297 298 298 298 298 299 299 299 299 299 299 299 299 299 299 300 300 300 300 300 301 301 301 301 301 301 300 301 301 301 301 301 301 301 301 301 301 301 301 301 302 302 301 301 301 302 301 301 301 301 302 302 302 302 302 303 303 303 303 303 303 303 303 303 303 303 303 303 303 250 250 258 259 260 260 260 260 260 259 260 261 261 261 261 261 262 262 263 264 264 264 264 264 264 264 264 264 264 265 265 265 265 265 265 265 266 266 266 266 267 267 267 267 268 268 268 268 269 269 269 269 269 270 270 270 270 270 270 270 270 270 270 270 270 271 271 271 272 272 272 272 272 272 272 272 273 273 273 273 274 274 274 274 274 274 275 275 275 274 274 274 275 275 275 275 275 276 275 275 275 275 275 275 276 276 276 276 276 277 277 277 277 277 277 277 277 277 278 278 278 278 278 278 279 279 279 279 279 279 279 280 280 280 280 280 280 281 281 281 281 281 281 281 281 281 282 282 282 282 282 282 282 283 283 283 283 283 283 283 283 284 284 284 284 284 284 284 285 285 285 285 286 286 286 286 286 286 286 287 287 287 287 286 286 287 287 287 287 287 287 287 288 288 288 287 288 288 288 288 289 289 289 289 289 289 289 289 289 289 289 290 290 290 290 290 290 291 291 291 291 291 291 291 291 292 292 292 292 292 292 293 293 293 293 293 294 294 294 294 294 294 295 295 295 295 295 295 296 296 296 297 297 297 297 297 297 297 298 298 298 298 298 298 298 298 298 298 298 298 299 299 299 299 299 299 299 298 298 299 299 298 298 297 298 298 298 298 299 299 299 299 299 299 299 299 300 300 301 300 300 300 300 301 301 301 301 301 301 301 301 301 301 301 301 301 301 301 301 301 301 301 301 302 302 302 302 302 302 302 301 302 302 302 302 302 303 303 303 303 303 250 252 251 258 258 258 258 259 260 260 261 261 260 260 260 260 261 261 261 262 262 263 263 264 264 264 264 264 264 264 264 264 264 264 265 265 266 266 265 265 265 266 266 266 267 267 267 267 268 268 268 268 269 269 269 269 269 270 270 270 271 270 270 270 270 271 271 271 271 271 271 271 272 272 272 272 272 272 273 273 273 273 273 274 274 274 274 274 274 274 275 275 275 275 275 275 275 275 275 275 275 276 275 275 275 275 275 275 276 276 276 276 276 277 277 277 277 278 278 278 278 278 278 278 278 278 278 278 278 279 279 279 280 279 280 280 280 280 280 281 280 281 281 281 281 281 281 281 281 282 282 282 282 282 282 282 282 283 283 283 283 283 283 283 283 284 284 284 284 284 284 285 285 285 285 285 285 286 286 286 286 286 286 286 287 287 287 287 287 287 287 287 287 287 287 288 288 288 288 288 288 288 288 288 289 289 289 289 289 289 289 289 290 290 290 290 290 290 290 290 290 291 291 291 291 291 291 291 291 291 292 292 292 292 292 292 293 293 293 294 294 294 294 295 295 295 295 295 295 295 296 296 296 296 296 296 296 297 297 297 297 297 297 298 298 299 298 298 298 298 298 298 299 299 299 299 299 299 299 299 299 299 299 299 299 298 298 298 298 298 298 298 299 299 299 299 299 299 299 299 300 300 301 301 300 300 300 301 301 301 301 301 301 301 301 302 301 301 301 301 302 301 301 301 301 301 301 302 302 302 302 301 301 301 301 302 302 302 302 302 303 250 252 253 252 251 250 251 251 251 257 258 258 258 259 258 259 260 260 260 260 260 261 261 260 261 261 261 261 261 262 262 263 264 264 264 264 264 264 264 265 265 265 265 265 265 266 266 266 265 265 266 266 267 267 267 267 267 267 267 268 268 269 269 269 269 269 269 270 270 270 270 271 271 271 271 271 271 271 271 271 271 271 272 272 272 272 272 272 273 273 273 273 273 274 274 274 274 274 275 275 275 275 275 275 275 275 275 275 275 275 276 275 275 275 275 276 275 275 276 276 276 276 276 277 277 278 278 278 278 278 278 278 278 279 279 279 278 278 279 279 279 280 279 280 280 280 280 280 281 280 281 281 281 281 281 281 282 282 282 282 282 282 282 282 282 282 283 283 283 283 283 283 283 283 284 284 284 284 284 285 285 285 285 285 285 285 286 286 286 286 286 286 286 286 287 287 287 287 287 287 287 287 287 287 287 288 288 288 288 288 288 288 288 289 289 289 289 289 289 289 290 290 290 290 290 290 290 290 290 291 291 291 291 291 291 291 291 292 292 292 292 292 292 292 293 293 293 294 294 294 294 295 294 294 294 295 295 295 296 296 296 297 296 297 297 297 297 297 297 297 297 298 298 298 299 299 298 298 298 298 299 299 299 299 299 299 299 299 299 300 300 300 299 299 298 298 298 298 298 298 298 299 299 299 299 299 299 299 300 300 300 301 301 301 301 300 301 301 301 301 301 301 301 302 302 302 301 301 302 301 301 301 301 301 301 301 302 302 302 302 301 301 302 302 302 302 302 302 303 303 250 252 253 254 253 251 253 254 253 252 251 258 258 259 259 259 259 260 260 261 261 260 260 260 260 260 261 262 261 262 261 261 262 263 264 264 264 264 264 265 265 265 265 266 266 266 266 266 266 266 266 266 266 266 266 267 267 267 267 267 268 268 268 268 269 269 269 269 269 269 270 270 270 270 270 270 271 271 271 272 272 271 271 271 272 272 272 272 272 272 273 273 273 273 273 273 274 274 274 274 275 274 275 275 275 275 275 275 276 276 276 276 276 275 275 275 276 276 276 276 276 276 276 277 277 277 277 278 278 278 278 278 278 278 279 279 279 279 279 279 279 279 279 280 280 280 280 280 280 280 280 280 281 281 281 281 282 281 281 282 282 282 282 282 282 282 282 282 283 283 283 283 283 283 283 284 284 284 284 284 284 285 285 285 285 285 285 286 286 286 286 286 286 286 286 286 286 287 287 287 287 287 287 287 287 287 288 288 288 288 288 288 288 288 289 289 289 289 289 289 289 290 290 290 290 290 290 290 290 290 290 291 291 291 291 291 291 291 291 292 292 292 292 292 293 293 293 293 294 294 294 294 295 295 294 294 294 295 295 296 296 296 296 296 297 297 297 297 297 297 297 298 298 298 298 298 298 299 298 298 298 299 299 299 299 299 299 299 299 299 299 300 300 300 299 299 298 298 298 298 298 298 299 299 299 299 299 299 300 299 300 300 300 301 301 301 301 301 301 301 301 301 301 301 301 302 302 302 301 301 302 301 302 301 301 301 301 301 302 302 302 302 302 302 302 302 302 302 302 302 303 303 250 252 253 253 253 253 254 255 255 253 252 252 252 252 257 257 258 258 258 259 259 260 260 260 260 261 261 261 260 260 261 261 262 262 262 262 262 262 262 263 263 264 264 264 265 265 265 266 266 266 266 266 266 266 266 266 266 267 267 266 266 266 267 267 268 268 268 268 269 269 269 269 269 269 269 270 270 270 270 270 271 270 270 271 271 272 272 272 271 271 272 272 272 273 273 273 273 273 273 273 273 274 274 274 274 275 274 275 275 275 275 275 276 276 276 276 276 276 275 275 275 276 276 277 276 276 277 277 277 277 278 278 278 278 277 278 278 278 278 278 279 279 279 279 279 279 279 279 280 280 280 280 280 280 280 281 281 281 281 281 281 282 282 282 282 282 282 282 282 282 282 282 283 283 283 283 283 283 283 283 283 284 284 284 284 284 285 285 285 285 286 286 286 286 286 286 286 286 286 286 286 287 287 287 287 287 287 287 287 287 287 288 288 288 288 288 288 288 288 289 289 289 289 289 289 290 290 290 290 290 290 290 290 290 290 291 291 291 291 291 291 291 291 292 292 292 292 292 292 293 293 294 294 294 294 294 294 294 295 294 294 294 295 295 295 296 296 296 297 297 297 297 298 298 298 298 298 298 298 298 299 298 299 299 299 299 299 299 299 299 299 299 299 299 299 299 299 299 299 299 299 299 299 298 298 298 299 299 299 299 299 299 299 300 300 300 300 300 301 301 301 301 301 301 301 301 301 301 301 302 302 302 302 302 301 301 301 302 302 302 302 302 302 302 302 302 302 302 302 302 302 302 302 302 302 303 303 251 252 253 253 254 254 255 255 254 254 254 254 253 252 257 257 258 258 258 258 258 259 259 260 260 259 260 261 261 261 260 260 261 261 262 263 262 262 262 263 263 263 264 264 264 264 265 265 265 265 265 265 265 265 265 266 266 266 267 267 267 267 267 267 266 267 267 268 268 268 269 269 269 269 269 269 270 270 270 270 270 270 271 271 271 271 271 271 271 272 272 271 271 272 273 273 273 273 273 273 273 273 273 274 274 274 274 274 275 275 275 275 275 275 276 276 276 276 276 276 275 275 275 276 276 277 277 277 277 277 277 278 278 278 278 278 278 278 278 278 278 278 278 278 279 279 279 279 279 279 280 280 280 280 280 280 280 281 281 281 281 281 281 281 282 282 282 282 282 282 282 282 282 283 283 283 283 283 283 283 283 283 283 284 285 285 285 285 285 285 285 286 286 286 286 286 286 286 286 286 286 286 286 287 287 287 287 287 287 287 287 287 288 288 288 288 288 288 288 289 289 289 289 289 289 289 289 290 290 290 290 290 290 290 290 290 290 291 291 291 291 291 291 291 291 292 292 292 292 292 292 293 293 293 293 293 293 294 294 294 294 294 294 294 295 295 295 296 296 296 297 297 297 297 297 297 298 298 298 298 298 299 299 298 299 299 299 299 299 299 299 299 299 299 300 299 299 299 299 299 299 299 299 298 298 298 298 299 299 299 299 299 299 299 300 300 300 300 300 300 301 301 301 301 301 301 301 301 301 301 302 302 302 302 301 301 302 301 301 302 302 302 302 302 302 302 302 302 302 302 302 302 302 302 302 303 303 303 303 303 252 253 253 254 254 255 255 255 255 255 254 253 253 253 253 253 257 257 258 258 258 258 259 259 259 260 259 260 260 261 261 261 260 261 261 262 262 263 262 262 263 264 264 264 264 264 265 265 265 264 264 264 265 265 265 265 265 265 266 266 266 267 267 267 267 267 267 267 267 268 268 268 269 269 269 269 269 269 270 270 270 270 270 270 271 271 271 271 271 271 271 271 271 271 272 272 273 273 273 273 273 273 273 273 274 274 274 274 274 275 275 275 275 275 275 276 276 276 276 276 276 276 275 275 276 276 276 276 277 277 277 277 277 278 278 278 278 278 278 278 278 278 278 278 278 278 278 279 279 279 279 280 280 280 280 280 280 280 281 281 281 281 281 281 281 281 282 282 282 282 282 282 282 282 282 282 283 283 283 283 283 283 284 284 284 284 284 284 284 285 285 285 285 285 286 286 286 286 286 286 286 286 286 286 286 286 287 287 287 287 287 287 287 287 288 288 288 288 288 288 288 289 289 289 289 289 289 289 289 290 290 290 290 290 290 290 290 290 291 291 291 291 291 291 291 291 292 292 292 292 292 292 292 293 293 293 294 293 293 294 294 294 294 294 294 295 295 295 295 296 296 296 297 297 297 297 297 297 298 298 298 298 298 298 298 299 299 299 298 298 299 299 299 299 299 299 299 299 299 299 299 298 299 299 299 298 298 298 299 299 299 299 299 299 299 299 300 300 300 300 300 300 301 301 301 301 301 301 301 301 301 301 301 302 302 302 302 301 301 301 302 302 302 302 302 302 302 302 302 302 302 302 302 302 302 302 302 302 303 303 303 251 253 254 254 255 255 255 255 256 255 254 254 253 255 255 255 255 255 255 255 255 254 255 255 255 255 255 255 255 255 256 256 256 257 257 257 258 258 258 258 259 259 259 259 260 260 260 261 261 261 261 261 262 262 262 262 263 263 263 263 264 264 264 265 265 265 265 265 264 264 264 265 265 265 266 266 266 266 266 267 267 267 268 268 268 268 268 267 268 268 269 269 269 269 269 269 270 270 270 270 270 271 271 271 272 272 272 272 272 271 271 271 271 272 272 273 273 273 273 273 274 273 273 274 274 274 274 275 275 275 275 275 275 276 276 276 276 276 276 276 275 276 276 276 276 276 276 276 277 277 277 278 278 278 278 278 278 278 278 278 278 278 278 278 279 279 279 279 280 280 280 280 280 280 281 281 281 281 281 281 281 281 281 281 282 282 282 282 282 283 283 282 282 283 283 283 283 283 283 284 284 284 284 284 284 284 284 285 285 285 285 286 286 286 286 286 286 286 286 286 286 286 286 286 287 287 287 287 287 287 287 288 288 288 288 288 288 288 289 289 289 289 289 289 289 289 289 289 290 290 290 290 290 290 291 291 291 291 291 291 291 291 291 292 292 292 292 292 292 292 292 293 293 293 293 293 293 293 293 293 293 294 294 295 295 296 296 296 296 296 297 297 297 297 297 297 298 298 298 298 298 298 299 299 299 299 298 298 298 299 299 299 298 298 299 299 299 299 299 299 298 298 299 298 298 299 299 299 299 299 299 299 299 299 300 300 300 300 300 300 301 301 301 301 301 301 301 301 301 301 301 302 302 302 302 302 302 302 302 302 302 302 302 302 302 302 302 302 302 302 302 302 302 303 303 303 303 303 303 253 254 254 254 255 255 255 255 254 253 253 254 255 256 256 256 257 257 257 256 255 256 257 257 256 256 256 256 256 257 257 258 258 258 258 259 259 259 259 259 259 259 260 260 261 261 261 261 261 261 261 262 262 262 262 262 263 263 264 264 265 265 265 265 265 265 265 265 265 265 265 265 266 266 266 266 266 267 267 267 268 268 268 268 268 268 268 268 269 269 269 269 270 270 270 270 270 270 270 271 271 271 271 272 272 272 272 272 272 272 272 271 272 272 273 273 273 273 274 274 274 274 274 274 274 275 275 275 275 275 276 276 276 276 276 276 276 276 276 276 276 276 276 276 277 276 277 277 277 278 278 278 278 279 278 278 278 279 279 279 278 279 279 279 279 279 280 280 280 280 280 280 281 281 281 281 281 281 281 281 281 282 282 282 282 282 283 283 283 283 283 283 283 283 283 283 284 284 284 284 284 284 284 284 284 284 285 285 285 286 286 286 286 286 286 286 286 286 286 286 286 286 286 287 287 287 287 288 288 288 288 288 288 288 288 288 289 289 289 289 289 289 289 289 289 289 289 290 290 290 290 291 291 291 291 291 291 291 291 291 291 292 292 292 292 292 292 292 293 293 293 293 293 294 294 294 294 294 294 294 294 294 295 295 295 296 296 297 297 297 297 297 298 298 298 298 298 298 298 298 299 299 298 298 298 298 298 298 299 299 298 298 298 299 299 300 299 299 299 298 298 298 298 299 299 299 299 299 299 299 299 299 300 300 300 300 300 300 301 301 301 301 301 302 302 301 301 301 302 302 302 302 302 302 302 302 302 302 302 302 302 302 302 302 302 302 302 302 302 302 302 303 303 303 303 303 303 254 254 254 255 255 255 254 254 254 254 254 254 256 257 257 257 257 257 257 258 258 258 258 258 258 258 257 257 257 257 258 258 258 258 258 259 259 259 259 259 259 260 260 260 260 261 261 261 261 261 262 262 262 262 262 263 263 264 264 265 265 265 265 265 265 265 265 265 265 265 265 266 266 266 266 266 267 267 268 267 267 268 268 268 268 267 268 269 269 269 269 270 270 270 270 270 270 271 271 271 271 271 271 272 272 272 272 273 272 272 272 272 272 272 273 273 274 273 274 274 274 274 274 275 275 275 275 275 275 276 276 276 276 276 276 276 277 276 276 276 276 277 277 277 277 277 277 277 278 278 278 278 278 279 278 279 279 279 279 279 279 279 279 279 280 280 280 280 280 280 281 281 281 281 281 281 281 281 281 282 282 282 282 282 282 283 283 283 283 283 283 283 283 283 283 284 284 284 285 285 285 284 284 284 284 285 285 285 286 286 286 286 286 286 286 286 286 286 286 286 286 287 287 287 287 288 288 288 288 288 288 288 288 288 288 289 289 289 289 289 289 289 289 289 289 289 290 290 290 291 291 291 291 291 291 291 291 291 291 292 292 292 292 292 292 293 293 293 293 293 293 293 294 294 295 294 295 294 295 295 295 295 296 296 296 296 296 297 297 297 297 297 298 298 298 298 298 298 298 299 299 298 298 298 298 299 299 299 299 298 298 298 299 299 299 299 299 298 298 298 298 298 299 299 299 299 299 299 299 299 299 300 300 300 300 300 300 301 301 301 301 301 301 302 301 301 301 301 302 302 302 302 302 302 302 302 302 302 302 302 302 303 302 302 302 302 302 302 302 303 303 303 303 303 303 303 254 254 255 256 256 255 254 255 255 255 255 256 257 258 258 258 258 258 258 258 258 258 258 259 259 258 258 258 258 258 257 258 258 258 259 259 259 259 260 260 260 260 261 261 261 261 261 262 261 262 262 262 262 262 263 263 263 264 264 265 265 265 265 265 265 265 265 265 265 266 266 266 266 266 266 267 267 267 268 268 267 268 268 268 268 268 269 269 269 269 269 269 270 270 270 271 271 271 271 271 272 271 271 271 272 272 272 272 272 272 273 273 273 273 273 274 274 274 274 274 275 275 275 275 275 275 275 275 276 276 276 276 276 277 276 277 276 276 276 276 277 277 277 277 277 277 277 277 278 278 278 278 279 279 279 279 279 279 279 279 279 279 279 280 280 280 280 280 280 281 281 281 281 281 281 281 281 282 282 282 282 282 282 283 283 283 283 283 283 283 283 283 283 283 284 284 284 284 285 285 285 285 284 285 285 285 286 286 286 286 286 286 286 286 287 287 286 286 287 287 287 287 287 287 287 288 288 288 288 288 288 288 288 289 289 289 289 289 289 290 290 289 289 290 290 290 290 290 291 291 291 291 291 291 291 291 291 292 292 292 292 292 292 293 293 293 293 293 293 293 293 294 294 295 295 295 295 295 295 295 295 296 296 296 296 296 297 297 297 297 297 298 298 298 298 298 298 298 298 298 297 298 298 299 299 299 299 299 298 298 298 299 299 299 299 299 299 298 298 298 299 299 299 299 299 299 299 300 300 300 300 300 300 300 300 300 301 301 301 301 301 301 301 301 301 301 301 301 301 302 302 302 302 302 302 302 302 302 302 302 302 302 302 302 302 302 303 303 303 303 303 303 303 255 256 257 257 256 256 256 256 256 257 256 258 258 258 258 258 258 259 259 259 259 259 259 259 259 259 258 258 258 258 259 259 259 259 259 259 259 260 260 260 260 260 260 261 261 262 261 262 262 262 263 263 263 263 264 264 264 265 265 265 265 265 265 265 265 265 265 266 266 266 266 266 266 266 267 267 267 267 268 268 268 268 268 268 269 269 269 270 270 270 270 270 270 270 271 271 271 270 271 271 271 271 272 272 272 272 273 273 272 272 272 272 273 273 274 274 274 274 274 274 275 275 275 275 275 276 276 276 276 276 276 276 276 277 277 276 276 276 277 277 277 277 277 277 277 277 277 278 278 278 278 279 279 279 279 279 279 279 279 279 279 280 280 280 280 280 280 280 281 281 281 281 281 281 281 281 282 282 282 282 282 282 283 283 283 283 283 283 283 283 283 283 283 284 284 284 285 285 285 285 284 285 285 285 286 286 286 286 286 286 286 286 287 287 287 287 287 287 287 287 287 287 287 287 288 288 288 288 288 288 288 289 289 289 289 289 289 289 290 290 290 289 289 289 290 290 291 291 291 291 291 291 291 291 291 292 292 292 292 292 292 293 293 293 293 293 293 293 293 293 294 294 294 294 295 295 295 295 295 296 296 296 296 296 297 297 297 297 297 298 298 298 298 298 298 298 298 298 297 298 298 299 299 299 299 298 298 298 298 298 298 299 298 298 298 298 298 298 298 299 299 299 299 299 299 299 300 300 300 300 300 300 300 300 300 301 301 301 301 301 301 301 302 302 301 301 301 301 301 301 302 302 302 302 302 302 302 302 302 302 302 302 303 302 302 303 303 303 303 303 303 303 257 257 256 256 256 256 256 257 257 257 258 258 258 258 258 259 260 259 259 260 260 260 260 259 259 259 259 259 260 260 260 260 260 260 259 259 260 261 261 260 261 261 261 262 263 262 263 263 263 263 263 263 263 264 264 264 264 265 265 265 266 266 265 265 265 266 266 266 266 266 266 267 267 267 267 267 267 268 268 269 268 268 268 268 269 269 270 270 270 270 270 270 271 271 271 271 271 271 270 271 271 272 272 272 272 273 273 273 272 272 272 273 273 274 274 274 274 274 274 275 275 275 275 275 276 276 276 276 276 277 277 277 277 277 276 276 276 277 277 277 277 277 277 277 277 278 278 278 278 278 278 279 278 279 279 279 279 279 280 280 280 280 280 280 280 280 280 281 281 281 281 281 281 281 281 282 282 282 282 282 282 282 283 283 283 283 283 283 283 284 284 283 283 284 284 285 285 285 285 285 285 285 285 285 286 286 286 286 286 286 286 287 287 287 287 287 287 287 287 287 288 288 288 288 288 288 288 288 289 289 289 289 289 289 289 289 289 290 290 290 290 289 289 290 290 291 291 291 291 291 291 291 291 292 292 292 292 292 292 292 293 293 293 293 293 293 293 293 293 294 294 295 295 295 294 295 295 296 296 296 295 296 296 297 297 297 297 297 298 298 298 298 298 298 298 298 297 298 298 299 299 299 299 298 298 299 299 298 299 299 298 299 299 298 299 299 299 299 299 299 299 299 299 299 300 300 300 300 300 300 300 300 300 300 301 301 302 302 301 301 301 302 302 301 301 301 301 302 301 302 302 302 302 302 302 302 302 302 302 302 303 303 303 303 303 303 303 303 303 304 304 257 257 257 257 257 257 257 257 257 257 257 258 258 258 258 259 259 259 260 260 260 260 260 260 260 260 260 260 261 261 261 261 261 261 261 260 260 261 261 262 262 263 263 263 263 263 264 264 264 264 264 264 264 264 264 264 264 265 265 265 266 266 266 266 266 266 266 266 266 267 267 267 267 267 267 267 267 268 268 268 269 269 269 269 269 269 269 270 270 271 271 271 271 271 271 271 271 271 271 271 271 271 272 272 271 271 272 271 272 273 273 273 273 273 273 274 274 274 274 275 275 275 275 276 276 276 276 276 276 276 277 277 277 277 276 276 276 276 277 277 277 277 277 277 278 278 278 278 278 278 278 279 279 279 279 279 279 280 280 280 280 280 280 280 280 280 280 280 281 281 281 281 281 281 281 282 282 282 282 282 282 283 283 283 283 283 283 283 284 284 284 284 284 284 284 285 285 285 285 285 285 285 285 285 285 286 286 286 286 286 286 286 287 287 287 287 287 287 287 287 288 288 288 288 288 288 288 289 289 289 289 289 289 289 289 289 289 290 290 290 289 289 290 290 290 291 291 291 291 291 291 291 291 292 292 292 292 292 293 293 293 293 293 293 293 293 293 293 294 294 294 294 295 295 294 295 295 296 296 295 295 295 296 296 297 297 297 297 298 298 298 298 298 298 298 298 297 297 298 298 299 298 298 298 298 298 298 299 298 299 298 298 298 299 299 298 299 299 299 299 299 299 299 300 300 300 300 300 300 300 300 300 300 300 301 302 302 302 302 302 302 302 302 302 302 302 302 302 302 302 302 302 302 302 302 302 302 302 302 303 303 303 303 303 303 303 303 303 303 304 304 257 257 257 257 257 257 257 258 257 257 258 258 258 259 259 260 260 260 260 260 260 260 261 261 260 260 261 261 261 262 262 261 261 261 261 261 262 262 263 263 263 263 264 264 264 264 264 264 264 265 264 264 264 264 264 264 265 265 265 266 266 266 266 266 266 266 267 267 267 267 267 267 267 267 267 267 268 268 268 269 269 269 269 269 270 270 270 270 271 271 271 271 271 271 271 271 271 271 271 271 271 271 271 272 272 271 272 273 274 274 273 273 273 273 274 274 274 274 274 275 275 275 275 276 276 276 276 276 276 277 277 277 277 276 276 277 277 277 277 277 277 277 277 278 278 278 278 278 279 279 279 279 279 279 279 279 280 280 280 280 280 280 280 280 280 280 280 281 281 281 281 281 281 281 282 282 282 282 282 282 283 283 283 283 283 283 284 284 284 284 284 284 284 284 285 285 285 285 285 285 285 285 285 285 286 286 286 286 286 286 286 287 287 287 287 287 287 288 288 288 288 288 288 288 288 288 289 289 289 289 289 289 289 289 289 289 290 290 290 290 289 290 290 291 291 291 291 291 291 291 291 292 292 292 292 292 293 293 293 293 293 293 293 293 293 294 294 294 294 294 294 294 295 294 295 295 296 296 296 295 295 295 296 297 297 297 297 298 298 298 298 299 299 299 298 298 297 297 298 298 298 298 298 298 298 298 299 299 299 299 299 299 299 299 299 299 299 299 299 299 299 299 299 300 300 300 300 300 300 300 300 300 300 301 302 302 302 302 302 302 302 302 302 302 302 302 302 302 302 302 302 302 302 302 302 302 302 303 303 303 303 303 303 303 303 303 303 303 304 304 257 257 257 257 257 257 258 257 258 258 258 258 258 259 260 260 260 261 261 260 260 261 261 261 261 261 262 262 262 262 262 262 262 262 262 262 263 263 263 263 264 264 264 264 264 264 264 265 265 265 265 265 265 265 265 264 265 266 266 265 265 266 266 266 266 266 267 267 267 267 267 267 267 267 267 268 268 268 269 269 269 269 270 270 270 270 270 271 271 271 272 272 272 272 271 271 271 271 272 272 272 273 273 273 272 272 273 273 273 274 274 273 274 274 274 274 274 275 275 275 275 275 276 276 276 276 276 277 277 277 277 277 276 277 277 277 277 277 277 277 277 278 278 278 278 278 278 279 279 279 279 279 279 279 280 280 280 280 280 280 280 280 280 280 281 281 281 281 281 281 281 281 281 282 282 282 282 282 282 282 283 283 283 283 283 283 284 284 284 284 284 284 285 285 285 285 285 285 285 285 285 285 285 286 286 286 286 286 286 287 287 287 287 287 287 287 288 288 288 288 288 288 288 288 288 289 289 289 289 289 289 289 289 289 290 290 290 290 290 290 290 290 291 291 291 291 291 291 292 291 292 292 292 292 292 293 293 293 293 293 293 293 293 294 294 294 294 294 294 294 294 294 295 294 295 295 296 295 295 296 296 296 297 297 297 297 297 298 298 298 298 299 299 299 299 298 298 297 298 298 298 298 298 298 298 299 299 298 299 299 299 299 299 299 299 299 299 299 299 299 299 300 300 300 300 300 300 300 301 301 300 300 302 302 302 302 302 302 302 302 302 302 302 302 302 302 302 302 302 302 302 302 302 303 303 303 303 303 303 303 303 303 303 303 303 303 304 304 304 257 256 257 257 257 257 257 258 258 258 258 258 259 260 260 260 261 261 261 260 261 261 261 261 262 262 262 262 262 262 262 262 263 263 263 263 263 263 263 263 263 264 263 264 264 264 265 265 265 265 265 265 265 264 265 265 265 266 266 265 266 266 266 267 267 267 267 267 267 267 267 267 267 268 268 268 268 269 269 269 269 269 270 270 270 270 270 271 271 271 271 271 271 271 271 271 272 272 272 272 273 273 273 273 272 273 273 273 274 274 274 274 275 274 275 275 275 275 275 275 275 276 276 276 276 276 277 277 277 277 278 277 277 277 277 277 277 277 277 278 278 278 278 278 278 278 279 279 279 279 279 279 279 280 280 280 280 280 281 281 281 281 281 281 281 281 281 281 281 281 281 281 282 282 282 282 282 282 283 283 283 283 283 283 283 284 284 285 284 284 285 285 285 285 285 285 286 285 286 286 286 286 286 286 287 286 286 286 286 286 287 287 287 287 288 288 288 288 288 288 288 288 288 288 288 289 289 289 289 289 289 289 290 290 290 290 290 290 290 290 290 291 291 291 291 291 292 292 292 292 292 292 292 292 293 293 293 293 293 293 293 294 294 294 294 294 294 294 294 294 294 294 295 295 296 296 295 295 295 296 296 297 297 297 297 297 297 298 298 298 298 299 299 299 298 298 298 297 297 298 298 298 298 298 298 299 299 299 299 299 299 299 299 299 299 299 299 299 300 300 300 300 300 300 300 300 300 301 301 301 301 302 302 302 302 302 302 302 302 302 302 302 302 302 302 302 302 302 302 302 303 303 303 303 303 303 303 303 303 303 303 303 303 304 303 304 304 304 256 257 258 258 258 258 258 258 258 259 258 259 260 260 260 261 261 261 260 261 261 261 261 261 262 261 261 262 262 262 262 263 263 263 263 263 263 263 263 263 263 263 263 264 264 265 265 265 265 265 265 265 265 265 265 265 265 265 265 266 266 266 266 267 267 267 267 267 267 268 268 268 268 268 268 268 269 269 269 269 270 270 270 270 270 270 270 271 271 271 271 271 271 271 271 272 272 272 272 272 273 273 273 273 273 273 274 274 274 274 275 275 275 275 275 275 275 275 276 276 276 276 276 276 276 277 277 277 277 278 277 277 277 277 277 277 278 278 278 278 278 278 278 278 279 279 279 279 279 279 279 280 280 280 280 280 280 281 281 281 281 281 281 281 281 281 281 281 281 281 281 282 282 282 282 282 282 283 283 283 283 283 284 284 284 284 284 285 285 285 285 285 285 285 285 286 286 286 286 286 286 286 286 287 287 287 287 287 287 286 287 287 287 288 288 288 288 288 288 288 288 289 289 288 288 289 289 289 289 289 290 290 290 290 290 290 290 290 290 290 291 291 291 291 292 292 292 292 292 292 292 292 292 293 293 293 293 293 293 293 294 294 294 294 294 294 294 294 294 294 295 295 295 296 296 295 296 296 296 296 297 297 298 297 297 297 298 298 298 299 299 299 299 299 299 299 298 298 298 298 298 298 298 298 299 299 299 299 299 299 299 299 299 299 300 300 300 300 300 300 300 300 300 300 300 300 301 301 301 301 302 302 302 302 302 302 302 302 302 302 302 302 302 302 302 302 303 303 303 303 303 303 303 303 303 303 303 303 303 303 303 303 304 304 304 304 257 258 258 259 259 258 259 258 258 258 259 259 260 261 261 261 261 261 261 261 261 261 261 261 261 261 261 262 262 262 262 262 263 263 263 263 263 263 263 263 263 264 264 264 264 265 265 265 265 265 265 266 266 266 265 265 265 265 266 266 266 266 266 267 267 267 267 268 268 268 268 268 268 268 268 269 269 269 269 270 270 270 270 270 271 271 271 271 271 271 271 271 271 271 271 272 272 272 272 272 273 273 273 273 274 274 274 274 274 274 275 275 275 275 275 275 275 275 275 276 276 276 276 276 277 277 277 277 278 277 277 277 277 277 278 278 278 278 278 278 278 278 279 279 279 279 279 279 279 280 280 280 280 280 280 280 281 281 282 282 282 282 282 281 281 281 281 281 281 281 282 282 282 282 282 282 282 283 283 283 284 284 284 284 284 284 285 285 285 285 285 285 285 285 286 286 286 286 286 286 286 287 287 287 287 286 287 287 287 287 287 288 288 288 288 288 288 288 288 288 288 289 288 289 289 289 289 289 289 290 290 290 290 290 290 290 290 290 290 291 291 291 292 292 292 292 292 292 292 292 292 292 292 293 293 293 293 293 293 294 294 294 294 294 294 294 294 294 294 294 295 295 295 295 295 296 296 296 296 297 297 297 298 297 297 298 298 298 298 298 299 299 299 299 299 299 298 298 298 298 298 298 298 299 299 299 299 299 299 299 299 300 299 300 300 300 300 300 300 300 300 301 301 301 301 301 301 301 301 302 302 302 302 302 302 302 302 302 302 302 302 302 302 302 302 302 302 302 302 303 303 303 303 303 303 303 303 303 303 303 303 304 304 304 304 258 258 258 258 258 259 258 258 259 259 259 260 261 261 261 261 261 261 261 261 261 261 261 261 261 262 262 262 262 263 263 263 263 264 264 264 264 263 263 263 264 264 264 264 264 264 265 265 265 265 266 265 266 266 266 265 265 265 265 266 266 266 267 267 267 267 267 268 268 268 268 268 268 269 269 269 269 269 270 270 270 270 270 271 271 271 271 271 271 271 272 272 272 272 271 272 272 272 272 273 273 273 273 274 274 274 274 274 274 275 275 276 275 275 275 275 275 276 276 276 276 276 277 277 277 277 277 278 277 277 277 277 277 278 278 278 278 278 278 278 279 279 279 279 279 279 279 280 280 280 280 280 280 280 281 281 281 281 282 282 282 282 281 281 281 281 281 281 281 282 282 282 282 282 282 283 283 283 283 284 284 284 284 284 284 284 285 285 285 286 285 285 286 286 286 287 287 287 287 287 287 287 287 287 286 287 287 287 287 287 287 288 288 288 288 288 288 288 288 288 288 289 289 289 289 289 289 290 290 290 291 290 290 290 290 290 290 290 291 291 291 292 292 292 292 292 292 292 292 292 292 293 293 293 293 293 293 293 294 294 294 294 294 294 294 294 294 294 294 295 295 295 295 295 295 296 296 296 296 297 297 297 297 297 298 298 298 298 298 298 299 298 299 299 299 299 299 298 298 298 298 298 298 299 299 299 299 299 299 300 300 300 300 300 300 300 300 300 300 300 301 301 301 301 301 301 301 301 302 302 303 303 303 302 302 302 302 302 302 302 302 302 302 302 302 302 303 303 303 303 303 303 303 303 303 303 303 303 303 303 303 304 304 304 258 258 258 258 258 258 259 259 260 260 260 261 261 261 261 261 261 261 262 261 261 261 261 261 262 262 262 263 263 263 263 263 263 264 264 264 263 263 263 264 264 264 264 265 265 265 265 265 265 265 265 266 266 266 266 266 266 266 266 266 266 266 267 266 266 267 267 268 268 269 269 269 269 269 269 269 269 270 270 270 270 271 271 271 271 271 271 271 272 272 272 272 272 272 272 272 272 272 273 273 273 274 274 274 274 274 274 274 275 275 275 275 275 276 276 276 276 276 276 276 276 277 277 277 277 277 278 277 277 277 277 277 278 278 278 278 278 278 279 279 279 279 279 279 279 280 280 280 280 280 280 280 280 281 281 281 281 282 282 282 282 282 282 281 281 281 281 282 282 282 282 283 283 283 283 283 283 283 284 284 284 284 284 284 284 285 285 285 285 285 285 286 286 287 287 286 287 287 287 287 287 287 287 287 287 287 287 287 287 287 288 288 288 288 288 288 288 288 288 289 289 289 289 289 289 290 290 290 291 290 290 290 290 290 290 290 290 291 291 292 292 292 292 292 292 292 292 292 292 293 293 293 293 293 293 294 294 294 294 294 294 295 295 294 294 294 294 295 295 295 295 295 296 296 295 296 296 296 297 297 297 297 297 298 298 298 298 298 298 298 298 299 299 299 299 299 299 299 298 298 298 298 299 299 299 299 299 299 300 300 300 300 300 300 300 300 300 300 300 300 301 301 301 301 301 301 301 302 302 302 303 303 303 303 303 303 303 302 302 302 302 303 303 303 303 303 303 303 303 303 303 303 303 303 303 303 303 303 303 304 304 304 259 259 259 258 258 259 259 260 260 260 260 261 261 261 261 261 261 261 261 261 261 261 261 262 262 262 263 263 263 264 264 264 264 264 264 264 264 264 264 264 264 265 265 265 265 265 266 266 266 266 266 266 266 267 267 267 267 267 266 266 266 266 266 266 266 267 268 269 269 269 269 269 269 269 269 270 270 270 270 271 271 271 271 271 271 272 272 272 272 272 273 272 272 272 272 272 273 273 273 273 273 274 274 274 274 274 274 275 275 275 275 276 276 276 276 276 276 276 276 276 277 277 277 277 277 278 277 277 277 277 277 278 278 278 278 278 279 279 279 279 279 279 279 280 280 280 280 280 280 280 280 281 281 281 281 281 282 282 282 282 282 282 282 281 281 282 282 282 282 282 283 283 283 283 283 283 283 284 284 284 284 284 284 285 285 285 286 286 286 286 286 286 287 287 287 287 287 287 287 287 287 287 287 287 287 287 287 287 287 288 288 288 288 288 288 288 288 289 289 289 289 289 290 290 290 290 291 291 290 290 290 290 290 290 290 291 291 291 292 292 292 292 292 292 292 292 292 293 293 293 293 293 294 294 294 294 294 294 294 294 294 295 295 294 295 295 295 295 295 296 296 296 296 296 296 296 297 297 297 297 297 297 297 297 298 298 298 298 298 298 299 299 299 299 299 298 298 299 299 298 298 299 299 299 300 300 300 300 300 300 300 300 300 300 300 301 301 301 301 301 301 301 302 301 301 302 303 303 302 302 302 302 303 303 303 302 303 303 303 303 303 303 303 303 303 303 303 303 303 303 303 303 303 303 303 303 304 304 304 304 304 259 259 259 258 259 259 260 260 260 260 261 260 261 260 261 261 261 261 261 261 261 262 262 262 262 263 263 263 263 263 264 264 264 265 265 264 264 264 265 265 265 265 265 265 265 266 266 266 266 267 267 267 267 267 267 267 267 266 267 267 267 268 267 267 267 267 268 269 269 269 269 269 270 270 270 270 270 270 271 271 271 271 271 272 272 272 272 272 272 273 273 273 272 272 272 273 273 273 273 274 274 274 274 274 274 274 275 275 275 275 276 276 276 277 277 277 276 276 276 276 277 277 277 277 278 277 277 277 277 277 278 278 278 278 278 279 279 279 279 279 279 280 280 280 280 280 280 280 280 280 281 281 281 281 281 281 282 282 282 282 282 282 281 281 282 282 282 282 282 282 283 283 283 283 283 283 284 285 284 284 284 285 285 285 285 286 286 286 286 287 287 287 287 287 287 287 287 286 287 287 287 287 287 287 287 287 287 288 288 288 288 288 288 289 289 289 289 289 289 289 289 290 290 290 290 291 291 290 290 290 290 290 290 290 291 291 291 292 292 292 292 292 292 292 293 292 293 293 293 293 294 294 294 294 294 294 294 294 294 294 295 295 295 295 295 295 295 296 296 296 297 297 296 296 297 297 297 297 298 298 298 298 297 297 297 298 298 298 298 298 298 298 298 298 298 298 298 299 299 299 299 299 299 300 300 300 300 300 300 300 300 300 300 300 300 301 301 301 301 301 301 301 301 301 301 302 302 302 303 303 303 303 303 303 303 303 303 303 303 303 303 303 303 303 303 303 303 303 303 303 303 303 303 303 303 304 304 304 304 259 259 258 258 258 259 259 259 259 260 260 260 260 260 260 260 260 261 261 262 262 262 263 263 263 263 263 263 263 264 264 264 265 265 265 265 265 265 265 265 265 265 265 265 265 266 266 266 266 266 267 267 267 268 267 268 268 267 268 268 267 267 267 267 267 267 267 268 269 269 269 269 270 270 270 270 270 271 271 271 271 271 271 272 272 272 272 272 272 272 273 273 273 273 273 272 273 273 273 274 274 274 274 274 274 275 275 275 275 275 275 276 276 277 277 277 277 277 277 276 277 277 277 278 278 277 277 277 277 277 278 278 278 278 278 279 279 279 279 279 279 280 280 280 280 280 280 280 280 281 281 281 281 281 281 281 282 282 283 283 282 282 282 282 282 282 282 282 282 282 283 283 283 283 283 283 284 284 284 284 284 285 285 285 285 286 286 286 286 286 287 287 287 287 287 287 287 287 287 287 287 288 288 287 287 288 288 288 288 288 288 288 289 289 289 289 289 289 289 289 289 290 290 290 290 291 291 290 290 290 290 290 290 291 291 291 292 292 292 292 292 292 292 293 293 293 293 293 293 293 294 294 294 294 294 294 294 295 295 295 295 295 295 296 296 295 295 295 296 296 297 297 297 297 297 297 297 297 297 297 297 298 298 298 297 298 298 298 298 298 298 298 298 298 299 299 299 299 299 299 299 299 299 300 300 300 300 300 300 300 300 300 300 300 301 301 301 301 301 301 301 301 301 301 301 302 302 302 303 303 302 303 303 303 303 303 303 302 302 302 303 303 303 303 303 303 303 303 303 303 303 303 303 303 304 304 304 304 258 259 258 258 258 258 258 259 259 260 260 260 260 260 260 260 260 261 262 263 263 263 263 263 263 263 263 263 264 264 264 264 265 265 265 265 265 265 265 266 265 265 265 266 266 266 266 266 267 267 267 267 268 268 268 268 268 268 268 268 268 268 268 268 267 267 268 268 269 269 269 269 269 270 270 270 271 271 271 271 271 272 272 272 272 272 272 273 273 272 273 273 273 273 273 273 273 273 274 274 274 274 274 274 275 275 275 275 275 275 275 276 276 277 277 277 277 277 277 277 277 277 277 278 277 277 277 277 278 278 278 278 278 278 279 279 279 279 279 280 280 280 280 280 280 280 280 281 281 281 281 281 281 281 282 282 282 283 283 283 283 282 282 282 282 282 282 282 282 283 283 283 283 283 283 284 284 284 284 285 285 285 285 285 286 286 286 286 286 286 286 287 286 286 286 287 287 287 287 287 288 288 288 288 288 288 288 288 288 289 289 289 289 289 289 289 289 289 290 290 290 290 291 291 291 291 291 290 290 290 290 290 291 291 291 292 292 292 292 292 292 293 293 293 293 293 293 293 293 294 294 294 294 294 294 294 295 295 295 295 295 295 295 295 295 296 296 296 296 296 297 297 297 297 297 297 297 297 298 297 297 298 298 297 297 298 298 298 298 298 298 299 299 299 299 299 299 299 299 299 299 299 300 300 300 300 300 300 300 300 300 300 300 300 301 301 301 302 301 301 301 301 301 301 302 302 302 303 302 302 302 303 303 303 303 303 302 302 303 303 303 303 303 303 303 303 303 303 303 303 303 303 303 304 304 304 304 259 259 259 259 259 258 258 259 260 260 260 260 260 260 260 260 261 262 262 262 262 263 263 264 264 264 264 264 264 264 264 265 265 265 265 265 265 265 265 265 265 266 266 266 266 266 267 267 267 268 268 268 268 268 268 268 268 268 269 269 269 269 269 268 268 268 268 268 268 269 269 270 270 270 270 271 271 271 271 271 272 272 272 272 272 272 272 273 273 273 273 273 274 273 273 274 273 273 273 274 274 274 275 275 275 275 275 275 276 275 276 276 277 277 277 278 277 278 277 277 277 278 278 277 277 277 277 278 278 278 278 278 278 279 279 279 279 279 280 280 280 280 280 280 280 281 281 281 281 281 281 281 281 282 282 282 282 283 283 283 283 282 282 282 282 282 282 282 283 283 284 284 284 283 284 284 284 284 285 285 285 285 285 286 286 286 286 286 286 286 286 286 287 287 287 287 287 287 287 287 288 288 288 288 288 288 289 289 289 289 289 289 289 289 289 289 290 290 290 290 290 291 291 291 291 290 290 290 290 290 291 291 291 291 292 292 292 292 292 293 293 293 293 293 293 293 293 294 294 294 294 294 294 294 294 295 295 295 295 295 295 295 295 295 296 296 296 296 296 296 297 297 297 297 297 298 298 298 298 298 297 297 297 298 297 298 298 298 298 298 299 299 299 299 299 298 298 299 299 299 299 299 300 300 300 300 300 300 300 300 300 300 300 301 301 301 301 301 301 301 301 301 301 302 302 302 302 302 302 303 303 302 303 303 303 303 303 303 303 303 303 303 303 303 303 303 303 303 303 303 303 303 304 304 304 304 259 260 258 258 259 260 260 260 260 260 260 260 260 261 261 261 262 262 263 263 264 264 264 264 264 264 264 264 264 264 264 265 265 265 265 266 266 266 266 266 266 267 267 267 267 267 267 268 268 268 268 268 268 268 269 269 269 269 269 269 268 268 268 268 268 269 269 270 270 270 270 271 271 271 271 271 271 272 272 272 272 272 272 272 273 273 273 273 273 274 274 274 274 274 274 273 274 274 274 275 275 275 275 275 276 276 276 276 276 276 277 277 278 278 278 278 278 278 278 278 277 277 277 277 278 278 278 278 278 279 279 279 279 279 279 280 280 280 280 280 280 281 281 281 281 281 281 281 281 281 282 282 282 282 282 283 283 283 283 283 282 283 282 283 283 283 283 284 284 284 284 284 284 284 285 285 285 285 285 285 286 286 287 286 286 286 286 287 287 288 287 287 287 287 287 287 287 287 288 288 288 288 289 289 289 289 289 289 289 289 289 289 290 290 290 290 291 291 291 291 291 291 290 290 290 290 291 291 291 291 292 292 292 292 292 293 293 293 293 293 293 293 293 293 293 293 294 294 294 294 294 295 295 295 295 295 295 295 296 295 295 296 296 296 296 296 296 296 296 297 298 298 298 298 298 298 298 298 298 298 297 297 297 298 298 298 298 298 299 299 298 298 298 298 299 299 299 299 299 299 299 300 300 300 300 300 300 300 301 301 301 301 301 301 301 301 301 301 301 301 302 302 302 302 303 303 303 303 303 303 303 303 303 303 303 303 303 303 303 303 303 303 303 304 304 303 303 303 304 304 304 304 304 304 259 258 259 260 261 260 260 260 260 260 261 261 261 261 261 262 262 263 264 264 264 264 264 264 264 264 264 264 264 264 265 265 265 265 266 266 266 266 266 267 267 267 267 267 268 268 268 268 268 268 268 269 269 269 269 269 269 269 269 270 270 269 269 270 270 271 270 270 270 271 271 271 271 271 271 272 272 272 272 272 272 272 273 273 273 273 273 274 274 274 274 274 274 274 274 274 274 275 275 275 275 275 276 276 276 276 276 276 277 277 277 278 278 278 278 278 278 278 277 277 277 278 278 278 278 278 278 279 279 279 279 279 279 280 280 280 280 280 280 281 281 281 281 281 281 281 281 281 282 282 282 282 282 283 283 283 283 283 283 283 283 283 283 283 283 283 284 284 284 284 284 284 285 285 285 285 285 285 286 286 287 286 287 287 287 287 287 287 288 287 287 287 287 287 287 288 288 288 288 288 288 289 289 289 289 289 289 289 290 290 290 290 290 290 291 291 291 291 291 290 290 290 290 291 291 291 291 291 292 292 292 292 292 293 293 293 293 293 293 293 293 293 294 294 294 294 294 294 295 295 295 295 295 295 295 295 295 295 296 296 296 296 296 296 296 296 296 296 297 297 298 298 298 298 299 299 299 299 298 298 298 298 298 298 298 299 299 299 299 299 299 299 299 299 299 300 300 299 299 300 300 301 300 300 300 300 300 301 301 301 301 301 301 301 301 301 301 301 302 303 303 303 303 303 303 303 303 303 303 303 303 303 303 303 303 303 303 303 303 303 304 304 304 304 303 303 303 304 304 304 304 304 260 259 259 260 260 259 260 260 260 261 261 262 262 262 263 263 263 263 264 264 265 265 265 265 265 265 264 264 265 265 265 265 265 265 266 266 266 266 267 267 267 267 267 267 268 268 268 268 268 268 268 268 269 269 269 268 269 269 269 269 269 270 270 270 270 270 271 271 271 271 271 271 271 271 271 272 272 272 272 273 272 272 273 273 273 273 273 273 274 274 274 275 274 274 274 274 275 275 275 275 275 276 276 276 276 276 276 277 277 277 277 278 278 278 279 279 278 278 277 277 278 278 278 278 278 278 278 279 279 279 279 279 280 280 280 280 280 280 281 281 281 281 281 281 281 281 281 281 282 282 282 282 282 282 283 283 283 283 283 283 283 283 283 283 283 284 284 284 284 284 284 284 285 285 285 286 286 286 286 286 287 287 287 287 287 287 287 287 287 288 288 288 287 288 288 288 288 288 288 289 289 289 289 289 289 289 289 290 290 290 290 290 290 290 291 291 291 291 291 290 290 291 291 291 291 291 291 292 292 292 292 292 293 293 293 293 293 293 293 293 293 293 294 294 294 294 294 295 295 295 295 295 295 295 296 296 295 295 296 296 296 296 296 297 297 297 297 297 297 297 297 298 298 298 298 299 299 299 299 299 299 298 298 299 299 299 299 299 299 300 300 300 301 301 302 302 301 300 300 300 300 301 301 300 301 301 301 301 301 301 301 301 301 301 301 301 301 301 303 303 303 303 303 303 303 303 303 303 303 303 303 303 303 303 304 304 303 303 303 303 304 304 304 304 304 303 304 304 304 304 304 304 304 259 259 259 260 260 261 261 261 261 262 263 264 264 264 264 264 264 265 265 265 265 266 265 265 265 265 265 265 265 265 265 266 266 266 266 266 267 267 267 267 267 268 268 268 268 268 269 269 268 269 269 269 269 269 269 269 269 269 269 269 269 269 270 270 270 271 272 272 272 271 272 272 272 272 272 272 272 272 273 273 273 273 273 274 274 274 274 274 274 275 274 274 274 274 275 275 275 276 276 276 276 276 277 277 277 277 277 277 277 278 278 279 279 278 278 278 277 278 278 278 278 278 278 279 279 279 279 279 279 280 280 280 280 280 280 281 281 281 281 281 281 281 282 282 282 282 282 282 282 282 282 283 283 283 284 284 284 283 283 283 283 283 284 284 284 284 284 284 285 284 285 285 286 286 286 286 286 287 286 287 287 286 287 286 286 287 287 288 288 288 288 288 288 288 288 289 289 289 289 289 289 289 290 290 290 290 290 290 290 290 290 290 290 291 290 290 290 291 291 291 291 291 291 291 292 292 292 292 292 293 293 293 293 293 293 293 293 293 293 294 294 294 294 295 295 295 295 295 295 295 295 295 295 296 296 296 296 296 296 296 297 297 297 297 298 298 298 298 298 298 298 298 299 299 299 299 299 299 299 299 299 299 299 299 299 299 300 301 302 301 301 302 302 302 301 301 300 300 301 301 301 301 301 301 301 301 301 301 301 301 301 302 302 302 302 303 303 303 303 303 303 303 303 303 303 303 303 303 303 303 303 304 304 304 304 304 304 304 304 304 304 303 304 304 304 304 305 305 304 304 304 259 260 260 260 261 261 262 262 262 263 264 264 264 264 265 265 265 265 265 265 265 266 266 266 266 266 266 266 266 266 266 266 266 266 266 267 267 267 267 268 268 268 268 268 268 268 268 269 269 269 269 270 270 270 269 269 270 270 270 270 269 269 269 270 270 271 271 272 272 272 272 272 272 272 272 272 272 273 273 273 273 274 274 274 274 274 274 274 275 275 275 275 275 275 275 275 276 276 276 276 276 277 277 277 277 277 277 278 278 278 279 279 279 278 277 278 278 278 278 278 279 279 279 279 279 279 279 280 280 280 280 280 280 280 281 281 281 281 281 281 282 282 282 282 282 282 282 282 282 282 283 283 283 284 284 284 284 283 283 284 284 284 284 284 284 284 284 285 285 285 285 285 286 286 286 286 286 286 287 287 287 287 287 287 287 287 287 287 288 288 288 288 288 289 289 289 289 289 289 289 289 290 290 290 290 290 290 290 290 290 290 290 291 291 291 291 291 291 291 291 291 291 291 292 292 292 292 293 293 293 293 293 293 293 293 293 293 294 294 294 294 294 295 295 295 295 295 295 295 295 295 296 296 296 296 296 296 296 296 297 297 297 297 297 298 298 298 298 298 298 298 299 299 299 299 299 299 300 300 300 300 299 299 300 300 300 300 301 301 301 301 301 301 302 302 301 300 301 301 302 302 301 301 301 302 301 301 301 301 302 302 302 302 302 303 303 303 303 303 303 303 304 303 303 303 303 303 303 303 303 304 304 304 304 304 304 304 304 304 304 304 304 304 304 304 305 305 305 304 304 305 260 260 261 261 262 262 262 262 263 263 263 264 264 264 265 265 265 265 265 265 266 266 266 266 266 266 266 266 266 266 266 266 266 266 266 267 267 267 268 268 268 268 268 268 268 268 268 268 269 268 269 269 270 270 269 269 269 270 270 270 270 269 269 269 270 270 271 271 271 272 272 272 272 271 272 272 272 272 273 273 274 274 274 274 274 274 274 274 275 275 275 275 275 275 275 275 276 276 276 276 277 277 277 277 277 277 278 278 278 278 279 279 279 279 278 278 278 278 278 278 278 279 279 279 279 279 279 280 280 280 280 280 280 280 281 281 281 281 281 281 282 282 282 282 282 282 282 282 282 283 282 283 283 283 283 283 283 283 283 284 284 284 284 285 284 284 285 285 285 285 285 285 285 286 286 286 286 287 287 287 287 287 287 287 287 288 287 287 287 288 288 288 288 289 289 289 289 289 289 289 289 289 290 290 290 290 290 290 290 290 290 290 291 291 290 291 291 291 291 291 292 292 292 292 292 292 292 293 293 293 293 293 293 293 294 294 294 294 294 294 294 294 295 295 295 295 295 295 295 295 296 296 296 296 296 296 296 296 296 297 297 297 297 297 298 298 297 297 298 298 298 298 299 299 299 299 299 299 299 300 300 300 300 300 300 300 300 301 300 301 301 301 302 302 302 302 301 301 301 302 302 302 302 301 302 302 301 302 302 302 302 303 302 302 303 303 303 303 303 303 303 304 303 303 303 303 303 303 303 304 304 304 305 304 304 304 304 304 304 304 304 304 304 304 304 304 305 305 304 305 305 305 260 261 261 261 261 262 262 263 263 263 264 264 264 264 265 265 265 265 265 266 266 266 266 266 267 267 266 266 266 266 267 267 267 267 267 267 267 267 268 268 268 268 268 268 268 268 268 268 269 268 268 269 269 269 269 269 270 270 270 270 270 270 270 270 270 270 270 270 271 271 271 271 272 272 272 272 272 272 273 273 274 274 274 274 274 274 274 275 275 275 275 275 275 274 275 275 275 276 276 276 277 277 277 277 277 277 277 277 278 278 279 279 279 278 278 278 278 278 278 279 279 279 279 279 279 279 280 280 280 280 280 281 281 281 281 281 281 281 282 282 282 282 282 282 282 283 283 283 283 283 283 283 283 284 284 284 284 284 284 284 284 285 285 285 285 285 285 285 285 285 285 286 286 286 287 287 287 288 287 287 288 288 288 287 287 287 287 288 288 288 288 288 288 289 289 289 289 289 289 289 289 290 290 290 290 290 290 290 290 291 290 290 290 291 291 291 291 291 292 292 292 292 292 292 292 293 293 293 293 293 293 294 294 294 294 294 294 294 294 294 294 295 295 295 295 295 295 296 296 296 296 296 296 296 297 297 297 297 297 297 297 297 297 297 297 298 298 298 298 299 299 299 299 299 299 299 299 299 300 300 300 300 300 300 300 301 301 301 301 302 302 302 302 302 302 302 301 301 301 302 302 302 302 302 302 302 302 302 302 302 303 302 302 303 303 303 303 303 302 303 304 304 303 303 303 303 303 303 304 304 304 304 304 304 304 304 304 304 303 303 304 304 304 304 305 305 305 304 305 305 305 260 260 260 261 261 262 262 263 263 264 264 265 265 265 265 265 265 265 266 266 266 266 267 267 267 267 267 267 267 267 268 268 267 267 267 267 267 267 268 268 268 269 269 269 269 268 268 268 268 269 269 269 270 269 270 270 270 270 271 271 271 271 271 271 270 271 271 271 271 272 273 272 272 272 272 272 273 273 273 273 274 274 274 275 275 275 275 275 275 275 275 275 275 275 275 275 276 276 276 277 277 277 277 277 277 278 278 278 278 278 279 279 278 278 278 278 278 278 279 279 279 279 279 280 280 280 280 280 280 281 281 281 281 281 281 281 282 282 282 282 282 282 282 283 283 283 283 283 283 283 283 283 284 284 284 284 284 284 284 284 285 285 284 285 285 285 285 285 285 285 285 286 286 287 286 287 287 287 287 287 288 287 288 288 288 287 287 288 288 288 288 289 289 289 289 289 289 290 290 290 290 290 290 290 290 290 290 291 291 291 291 291 291 291 291 291 291 292 292 292 292 292 292 293 293 293 293 293 293 294 294 294 294 294 294 294 294 294 294 295 295 295 295 295 295 296 296 296 296 296 296 296 296 296 297 297 297 297 297 297 297 297 297 297 297 298 298 298 299 299 299 299 299 299 299 299 300 300 300 300 300 300 300 301 301 301 301 301 301 302 302 302 302 302 302 302 301 301 301 302 302 302 302 302 302 302 302 302 302 302 302 302 303 303 303 303 303 303 303 304 304 304 303 303 303 303 303 303 304 304 304 304 304 304 304 304 304 304 304 304 304 304 304 304 305 305 305 305 305 306 261 261 261 262 262 262 263 263 264 264 265 265 265 264 265 266 266 266 266 266 266 267 267 267 267 267 267 267 268 268 268 268 268 267 267 267 268 268 269 269 269 269 269 269 269 269 269 269 269 269 270 270 269 269 269 270 271 271 271 271 271 272 272 271 271 272 271 271 272 272 272 272 272 272 272 273 273 273 273 274 274 274 274 275 275 275 275 275 275 275 275 276 276 276 276 276 276 276 277 277 277 277 277 278 278 278 278 278 278 279 279 279 278 279 279 278 279 279 279 279 279 280 280 280 280 280 280 280 281 281 281 281 281 281 282 282 282 282 282 282 282 283 283 283 283 283 283 283 283 283 283 283 284 284 284 284 284 284 285 285 285 284 285 285 285 285 285 285 285 286 286 286 287 286 287 287 287 287 287 288 288 287 288 288 288 288 288 288 288 289 289 289 289 289 289 290 290 290 290 290 290 290 290 290 290 290 291 291 291 291 291 291 291 291 291 291 292 292 292 292 292 293 293 293 293 293 293 293 294 294 294 294 294 294 294 294 294 295 295 295 295 295 295 295 296 296 296 296 296 296 296 296 296 296 297 297 297 297 297 297 298 298 298 298 298 298 299 299 299 299 299 299 299 299 299 300 300 300 300 300 300 300 301 301 301 301 301 301 301 301 301 301 301 302 302 302 301 302 302 302 302 302 302 302 302 302 302 302 302 302 302 303 303 303 303 303 303 303 304 305 305 304 304 304 304 303 304 304 304 304 304 304 304 304 304 304 304 304 304 304 304 304 305 304 305 305 305 305 262 262 262 262 263 263 264 264 264 264 264 264 265 265 265 266 266 266 266 267 267 267 267 267 268 268 268 268 268 268 268 268 268 268 268 268 268 269 269 269 269 269 269 269 269 269 269 269 270 270 270 270 269 269 271 271 271 271 272 272 272 272 272 271 271 272 272 273 272 272 272 272 272 273 273 273 273 274 274 274 274 274 275 275 275 275 275 275 275 276 276 276 276 276 276 276 277 277 277 277 277 278 278 278 278 278 278 279 279 279 279 279 279 279 279 279 279 279 280 280 280 280 280 280 280 281 281 281 281 281 281 281 282 282 282 282 282 282 282 283 283 283 283 283 283 283 283 284 284 284 284 284 284 284 284 285 285 285 285 284 285 285 285 285 285 285 286 286 286 286 287 286 286 287 286 287 287 288 287 287 287 288 288 288 288 288 288 288 289 289 289 289 289 290 290 290 290 290 290 290 290 290 290 291 291 291 291 291 291 291 291 292 292 292 292 292 292 292 292 293 293 293 293 293 293 294 294 294 294 294 294 294 294 294 294 295 295 295 295 296 296 296 296 296 296 296 296 297 296 297 297 297 297 297 297 297 297 297 297 298 298 299 299 299 299 299 299 299 299 299 299 299 299 299 300 300 300 300 300 301 301 301 301 301 301 301 301 301 301 301 302 302 302 302 302 302 302 302 302 302 303 303 302 302 302 303 303 302 303 303 303 303 303 303 303 303 304 305 305 305 305 304 304 304 304 304 304 304 304 304 304 304 304 304 304 304 304 304 304 304 304 304 305 305 305 305 306 263 263 262 262 263 263 263 263 263 264 264 265 265 265 266 266 267 266 267 267 267 267 267 268 268 268 268 268 268 268 268 268 268 269 269 269 268 269 269 269 269 269 269 269 269 269 269 270 270 270 269 270 270 271 271 271 271 271 272 272 272 272 272 272 272 272 273 273 272 272 272 272 273 273 273 273 274 274 274 274 275 275 275 275 275 275 275 275 276 276 276 276 276 276 277 277 277 277 277 277 278 278 278 278 278 278 279 279 279 279 279 279 279 279 279 279 279 280 280 280 280 280 280 280 280 281 281 281 281 281 281 281 281 282 282 282 282 282 283 283 283 283 283 283 283 284 284 284 284 284 284 284 284 285 285 285 285 285 285 285 285 285 285 285 285 286 286 287 287 287 286 286 286 287 288 288 288 288 288 287 288 288 288 288 288 288 288 289 289 289 289 289 289 290 290 290 290 290 290 291 291 291 291 291 291 291 291 291 291 292 292 292 292 292 292 292 292 292 292 293 293 293 293 293 294 294 294 294 294 294 294 294 294 295 295 295 295 296 296 296 296 296 296 296 296 297 297 297 297 297 297 297 297 297 298 298 298 298 298 298 299 299 299 299 299 299 299 300 299 299 299 299 299 300 300 300 300 300 300 300 300 301 301 301 301 301 301 301 302 302 302 302 302 303 302 302 302 302 303 303 303 303 302 303 303 303 303 303 303 304 303 303 303 303 303 303 304 305 305 305 304 304 304 304 304 304 304 304 304 304 304 304 304 304 304 304 304 304 304 305 305 305 305 305 305 306 262 263 263 263 263 263 263 263 264 264 265 265 266 266 266 267 267 266 267 267 267 268 268 268 267 267 267 268 268 268 269 269 269 269 269 269 269 269 269 269 269 269 269 270 269 269 270 270 269 269 270 270 271 271 271 271 271 271 272 272 272 272 272 272 272 272 273 272 272 272 272 272 273 273 273 273 274 274 275 275 275 275 275 275 275 275 275 276 276 276 276 276 277 277 277 277 277 277 277 277 278 278 278 278 278 279 279 279 278 279 279 279 279 279 279 279 279 280 280 280 280 280 280 280 280 281 281 281 281 281 281 281 282 282 282 282 282 282 283 283 283 283 283 283 283 284 284 284 284 284 284 284 284 285 285 285 285 285 285 285 285 285 285 285 285 286 286 286 286 287 287 286 286 287 287 287 287 288 288 288 288 289 288 288 288 288 288 289 289 289 289 289 289 290 290 290 290 291 291 291 291 291 291 291 291 291 291 292 292 292 292 292 292 292 293 293 293 293 293 293 293 293 293 294 294 294 294 294 294 294 294 294 294 295 295 295 295 296 296 296 296 296 297 297 297 297 297 297 297 297 297 297 298 298 298 299 299 299 298 298 299 299 299 299 299 299 299 300 299 299 299 299 300 300 300 300 300 300 300 300 300 301 301 301 301 302 301 302 302 302 302 302 302 302 302 302 302 302 303 303 303 303 303 303 303 303 303 303 303 303 303 304 303 303 303 304 305 305 304 304 305 304 304 304 304 304 304 304 304 304 304 304 304 304 304 304 304 305 305 305 305 305 305 305 305 305 306 263 263 263 263 263 263 264 264 264 264 264 265 265 266 267 267 267 267 267 267 267 268 268 268 268 267 267 267 268 268 268 269 269 269 269 269 269 269 269 269 269 269 270 270 270 270 270 270 270 269 269 270 271 271 271 271 271 271 272 272 273 272 272 272 272 272 273 272 272 272 273 273 273 273 274 274 274 274 274 274 275 275 275 275 275 275 275 276 276 276 276 276 277 277 277 277 277 278 277 277 278 278 278 278 278 279 279 280 279 279 279 279 279 280 280 280 280 280 280 280 280 280 280 280 281 281 281 281 281 281 281 281 281 282 282 282 282 282 283 283 283 283 283 283 284 284 284 284 284 284 284 284 284 285 285 285 285 285 285 285 285 285 285 285 285 286 286 286 286 287 287 287 286 287 287 287 288 288 287 288 288 289 288 289 289 289 289 289 289 289 289 289 290 290 290 290 290 290 291 291 291 291 291 291 291 291 291 291 292 292 292 292 292 292 292 293 293 293 293 293 293 293 293 294 294 294 294 294 294 294 294 294 295 295 295 295 296 296 296 296 296 296 297 297 297 297 297 297 297 298 297 298 298 299 299 299 299 299 298 298 299 300 299 299 299 299 299 299 299 299 299 300 300 300 300 300 300 300 300 300 300 301 301 301 301 302 301 301 302 302 302 302 302 302 302 302 302 303 303 303 303 304 304 304 304 304 303 303 304 304 303 303 304 304 304 305 305 305 304 304 304 304 304 304 304 304 304 304 304 304 304 304 304 304 304 304 305 305 305 305 305 305 306 306 306 306 307 263 264 264 264 264 263 264 264 264 265 265 265 265 266 267 267 267 267 267 267 268 268 268 268 269 268 268 268 268 268 268 268 269 269 269 270 270 270 270 269 269 269 270 270 270 270 270 270 270 269 270 271 271 271 271 271 272 272 272 272 272 272 273 272 272 273 273 273 273 273 273 273 273 273 273 274 274 274 275 274 275 275 275 275 275 275 275 276 276 276 277 277 277 277 277 277 278 278 278 277 278 278 278 278 278 279 279 279 279 279 279 279 279 279 279 279 280 280 280 280 281 281 281 281 281 281 280 281 281 281 281 281 281 282 282 282 282 282 283 283 283 283 283 283 284 284 284 284 284 284 284 284 284 285 285 285 285 285 285 285 285 285 285 285 285 286 286 286 286 287 287 286 286 287 287 287 288 288 287 288 288 289 289 288 289 289 289 289 289 289 289 289 290 290 290 290 290 290 291 291 291 291 291 291 291 291 292 292 292 292 292 292 292 292 292 293 293 293 293 293 293 293 293 294 294 294 294 294 294 294 294 295 295 295 295 295 295 295 296 296 296 296 297 297 297 297 297 297 298 298 298 298 298 299 299 299 299 298 298 298 299 300 300 300 299 299 299 299 299 299 300 300 300 300 300 300 300 300 300 300 301 301 301 301 301 301 302 301 302 302 302 302 302 302 302 302 302 303 302 303 303 303 303 304 304 304 303 303 304 304 304 303 304 304 304 304 305 305 305 304 304 303 304 304 304 304 304 304 304 304 304 304 304 305 305 305 305 305 305 305 305 305 305 306 306 305 306 306 264 264 264 264 264 264 264 264 265 266 266 266 266 266 266 267 267 267 267 267 268 268 268 268 268 269 269 268 268 268 268 268 269 269 269 269 269 269 270 270 270 270 270 270 270 270 270 270 270 270 271 271 271 271 272 271 272 272 272 272 273 273 273 273 273 273 273 273 273 273 273 273 273 273 274 274 275 275 275 275 275 275 275 275 275 275 275 276 276 277 277 277 277 278 278 278 278 278 278 278 278 278 279 278 279 279 280 279 279 279 279 279 279 279 279 279 279 279 280 280 280 281 281 281 281 280 281 281 281 281 281 282 282 282 282 282 282 283 283 283 283 283 283 283 284 284 284 284 284 284 284 284 285 285 285 285 285 285 285 285 286 286 286 286 286 286 286 286 286 287 287 287 287 287 287 288 287 287 288 289 288 288 288 289 289 289 289 289 289 289 289 290 290 290 290 290 291 291 291 291 291 292 291 292 292 292 292 292 292 292 292 292 292 292 292 293 293 293 293 293 293 294 294 294 294 294 294 294 294 294 295 295 295 295 295 295 296 296 296 296 296 297 297 297 297 297 298 298 298 298 298 298 298 298 299 299 298 299 298 299 299 299 300 300 299 300 300 299 299 300 300 300 300 300 300 301 300 301 301 301 301 301 301 301 302 302 301 301 302 302 302 303 303 302 302 302 303 302 303 303 303 303 303 303 304 303 303 303 304 304 304 304 304 304 304 304 305 305 304 304 304 304 304 304 304 304 304 304 304 304 304 305 305 305 305 305 305 305 305 305 305 305 305 305 305 305 306 306 264 264 264 264 264 264 264 264 265 266 266 266 266 266 267 267 267 267 267 267 268 268 268 268 268 269 269 269 268 268 269 269 269 269 269 269 269 269 270 270 270 270 270 270 270 270 270 270 270 270 271 271 271 272 272 272 272 272 272 272 273 273 272 273 273 274 273 273 273 272 273 273 273 273 274 274 274 275 275 276 275 276 276 275 276 276 276 276 276 276 277 278 278 278 278 278 278 278 278 279 279 279 278 279 279 280 280 280 279 278 278 279 280 280 279 280 279 280 280 280 280 280 281 281 281 281 281 281 281 281 282 282 282 282 282 282 282 283 283 283 283 284 284 284 284 284 284 284 284 285 285 285 285 285 285 285 285 285 285 285 286 286 286 286 286 286 286 286 286 287 287 287 287 287 287 287 287 288 288 288 289 288 288 288 289 289 289 289 290 290 289 290 290 290 291 290 291 291 291 291 291 291 292 292 292 292 292 292 292 292 293 292 292 292 292 293 293 293 293 293 293 293 294 294 294 294 294 294 294 295 295 295 295 295 295 295 296 296 296 297 297 297 297 297 297 297 298 298 298 298 298 298 298 298 298 298 298 299 299 299 299 300 299 299 299 300 300 300 299 300 300 300 300 300 300 301 301 301 301 301 301 301 301 301 302 302 301 302 302 302 302 302 303 302 302 302 303 302 302 302 303 303 304 304 304 303 303 303 303 303 304 304 304 304 304 304 304 304 304 304 304 304 304 304 304 304 305 305 304 304 304 305 305 305 305 305 305 305 305 306 305 305 305 305 306 306 306 306 306 307 264 264 265 265 264 264 264 265 266 266 266 267 267 267 267 267 267 267 267 268 268 268 268 269 269 269 269 269 268 269 269 269 269 269 269 269 269 269 270 270 270 271 271 270 270 270 270 270 271 271 271 271 272 272 272 272 272 273 273 273 273 272 272 272 273 273 272 272 272 273 273 273 274 274 274 274 274 275 276 276 276 276 276 276 276 276 276 276 276 277 277 277 278 278 278 278 278 279 279 279 279 279 279 280 280 279 279 279 278 279 280 281 280 279 279 280 280 280 280 280 280 280 281 280 280 280 281 281 281 282 282 282 282 282 282 283 283 283 283 283 284 284 284 284 284 284 284 284 285 285 285 285 285 285 285 285 285 285 285 285 286 286 286 286 286 286 286 286 286 286 287 287 287 288 287 287 288 288 288 288 289 288 288 289 289 289 290 289 290 290 290 290 290 290 291 291 291 291 291 291 291 292 292 292 292 292 292 292 292 292 293 293 293 293 293 293 293 293 293 293 293 294 294 294 294 294 294 295 295 295 295 295 295 295 295 295 296 296 297 297 297 297 297 297 298 298 298 298 298 298 298 298 298 298 299 299 299 299 299 299 300 299 299 300 300 300 300 299 299 300 300 300 300 300 300 301 301 301 301 301 301 301 301 302 301 302 302 302 302 302 302 303 303 303 302 303 303 303 303 303 304 304 304 304 304 303 303 303 303 304 304 304 304 304 304 304 304 304 304 304 304 304 304 304 304 304 304 304 304 305 305 305 305 305 305 305 305 305 305 305 305 305 306 306 305 305 306 306 306 307 264 263 264 264 265 265 264 264 264 265 265 265 266 268 268 268 268 268 268 268 268 268 268 269 269 269 269 270 270 269 269 269 269 269 269 269 269 269 269 269 270 270 270 270 270 270 270 270 271 271 272 271 271 272 272 272 272 272 273 273 273 273 273 273 273 272 273 273 273 274 273 272 273 274 274 275 275 275 275 276 275 276 276 277 277 277 277 277 277 277 277 277 277 278 278 278 278 278 279 279 279 279 279 279 279 279 279 279 279 279 279 279 280 280 280 280 280 280 280 280 280 280 280 280 280 281 281 281 281 281 282 282 283 282 282 282 283 284 283 283 283 283 284 284 284 284 284 284 284 284 285 285 285 285 285 285 286 285 285 285 286 286 286 286 286 286 286 286 286 286 287 288 288 287 287 288 287 288 288 288 288 289 289 288 289 289 289 290 290 290 290 290 290 290 290 291 291 291 291 291 291 291 292 292 292 292 292 292 292 292 293 293 293 293 293 293 294 294 294 294 294 293 293 294 294 294 294 294 294 295 295 295 295 295 295 295 296 296 297 297 297 297 297 297 297 298 298 298 298 298 298 298 299 299 298 299 299 299 299 299 299 299 299 299 300 300 300 299 299 299 300 300 300 300 300 301 301 301 301 301 301 301 301 301 301 301 302 302 302 302 302 302 303 303 303 303 303 303 303 303 303 303 304 304 304 303 303 304 304 304 304 304 304 304 304 304 305 304 304 305 305 305 305 305 305 304 304 304 304 305 305 305 305 305 305 305 305 305 306 305 305 305 305 305 305 305 305 305 306 306 306 306 307 307 307 263 263 263 264 264 265 265 265 264 265 265 265 265 266 267 267 267 267 268 268 268 268 268 268 269 269 269 269 269 270 270 270 270 270 270 270 270 270 270 269 269 270 270 270 270 270 270 270 271 271 272 272 272 272 272 272 272 272 272 273 273 273 273 274 274 273 273 273 274 274 275 273 273 273 273 274 274 275 275 275 276 276 276 276 276 276 277 277 277 277 277 277 278 278 278 278 278 278 278 279 279 280 280 280 280 280 280 280 280 280 279 280 280 280 281 281 281 280 280 280 280 280 280 280 280 281 281 281 281 282 282 282 282 283 283 282 282 283 284 284 284 283 283 284 285 284 285 285 284 284 284 285 285 285 285 285 285 286 285 285 285 286 286 286 286 286 286 287 287 287 286 287 287 287 287 287 288 287 288 288 288 288 289 289 289 289 289 289 290 290 290 290 290 290 290 290 291 291 291 291 291 291 291 292 292 292 292 292 292 292 293 293 293 293 293 294 294 294 294 294 294 294 294 293 294 294 295 294 294 295 295 294 295 295 295 295 295 296 296 297 297 297 297 297 297 297 298 298 298 298 298 298 299 299 299 299 299 299 299 299 299 299 299 299 300 300 300 300 300 300 300 300 300 300 300 300 300 300 301 301 301 301 301 301 301 301 301 301 301 302 302 302 302 302 303 303 303 303 303 303 303 303 303 303 304 304 304 304 304 304 304 304 304 305 304 304 304 305 305 304 304 304 305 305 305 305 305 305 304 304 305 305 305 305 305 305 305 305 305 306 306 306 306 305 305 305 305 305 306 306 306 306 306 306 307 307 261 262 263 263 264 264 265 265 265 265 265 266 266 266 267 267 267 267 266 267 267 267 268 268 268 269 269 269 269 270 270 270 270 270 270 270 270 270 271 271 270 270 270 271 271 271 271 271 271 270 271 271 272 272 272 273 273 273 273 273 273 273 273 272 273 273 273 272 273 274 274 274 273 273 273 274 274 274 274 275 275 275 275 276 276 276 277 277 277 277 278 278 278 278 278 278 278 279 279 279 279 279 279 280 280 281 281 280 280 280 280 279 280 281 281 281 281 282 281 280 280 280 280 280 280 280 281 282 281 281 281 282 282 283 283 283 283 284 284 284 284 284 284 283 284 284 285 285 286 285 285 284 285 285 285 285 285 285 286 285 285 286 286 286 286 286 286 286 287 287 287 287 287 287 287 287 287 288 288 288 288 288 288 288 289 289 289 289 289 290 290 290 290 290 290 290 290 291 291 291 291 291 291 292 292 292 292 292 292 292 293 293 293 293 293 293 294 294 294 294 294 294 294 294 294 294 295 295 295 295 295 295 295 295 295 295 296 295 296 296 297 297 297 297 297 297 297 298 298 298 298 298 298 299 299 299 299 299 299 299 299 299 300 299 299 299 300 300 300 300 301 301 301 300 300 300 300 300 300 301 301 301 301 301 301 301 301 301 301 301 302 302 302 302 302 302 302 302 302 303 303 303 303 303 303 303 303 304 304 305 304 304 305 305 305 305 305 304 304 305 305 305 305 305 305 305 305 305 305 304 304 305 305 305 305 305 305 306 306 306 305 305 306 306 306 306 306 306 305 305 305 305 306 306 306 306 307 307 261 262 262 262 262 263 264 263 264 264 265 265 265 265 265 266 266 266 267 267 267 267 267 267 267 268 269 269 269 269 269 269 270 270 270 269 269 269 270 270 270 271 271 271 271 271 272 272 272 272 271 271 271 272 272 272 272 272 272 273 273 273 274 274 274 273 273 273 273 273 273 273 273 273 273 273 274 274 274 274 274 274 275 275 275 276 276 277 277 277 277 277 277 278 278 278 278 278 278 279 279 279 279 280 280 280 280 280 281 281 280 279 279 279 280 281 282 281 282 281 281 281 280 280 280 280 279 280 281 282 282 282 283 283 283 283 283 283 283 284 284 283 283 283 284 284 284 285 285 285 285 286 285 285 285 285 285 285 285 285 286 285 286 286 286 286 286 286 286 286 287 287 287 287 287 287 287 287 287 287 288 288 288 288 288 288 289 289 289 289 289 289 290 290 290 290 290 291 291 291 291 291 291 291 291 291 292 292 292 293 293 293 293 293 293 293 293 293 293 293 293 294 294 294 294 294 294 295 295 295 295 295 296 296 296 296 296 296 296 295 296 296 296 297 297 297 297 297 298 298 298 298 298 298 299 299 299 299 299 299 299 299 299 299 299 300 299 299 299 300 300 301 301 301 301 301 300 300 301 301 301 301 301 301 301 301 302 302 301 301 301 301 302 302 301 302 302 302 302 302 302 303 302 303 303 303 303 303 303 304 304 305 305 304 305 305 305 305 305 305 305 305 304 304 305 305 305 305 305 305 305 305 304 305 305 305 305 305 305 305 305 305 305 305 305 306 306 306 307 307 306 306 306 306 306 306 306 306 306 261 262 263 263 262 262 263 263 262 263 264 264 264 264 265 266 266 266 267 267 267 267 267 267 267 268 268 269 269 269 269 270 270 270 270 270 269 269 270 270 270 270 270 270 270 271 271 271 271 271 271 271 272 272 273 272 272 272 272 272 273 273 274 274 274 273 273 274 275 274 273 273 273 273 274 274 274 274 274 274 275 275 275 275 276 276 277 277 276 276 276 277 277 278 278 278 278 278 278 279 279 279 280 280 280 280 281 281 281 281 281 279 279 279 280 281 281 282 281 281 280 280 281 281 281 280 280 280 281 281 282 282 283 283 284 284 283 283 283 283 284 284 284 284 284 284 284 284 285 285 286 286 285 285 285 285 285 285 285 285 286 285 285 286 286 286 286 286 286 286 286 287 287 287 287 287 288 288 287 287 288 288 288 288 288 289 289 289 289 289 290 290 290 290 290 290 291 291 291 291 291 291 291 291 291 291 292 292 292 292 293 293 293 293 293 293 293 293 293 293 294 294 294 294 294 294 294 295 295 295 295 296 296 296 296 296 296 296 296 296 296 296 297 297 297 297 297 297 298 298 298 298 298 298 298 299 299 299 299 299 299 299 299 299 299 300 300 300 300 300 300 301 301 301 301 300 300 300 301 302 301 301 301 301 301 301 302 302 302 302 302 302 302 302 302 302 302 303 303 303 304 304 303 303 303 303 303 303 304 304 304 305 304 304 304 305 305 305 305 305 305 305 305 305 305 305 305 305 305 305 305 305 304 305 305 305 305 305 305 305 305 306 306 306 306 306 306 306 307 307 307 307 307 307 306 306 306 306 306 262 262 263 263 263 264 264 264 263 263 263 263 264 265 265 266 266 267 267 267 267 267 267 267 268 268 268 269 269 270 270 270 270 271 270 270 270 270 271 271 271 270 270 271 271 271 271 270 271 271 271 271 272 272 272 272 272 273 273 273 273 273 274 273 273 273 273 274 274 273 273 273 274 274 274 274 275 275 275 275 275 275 275 275 276 276 276 276 276 277 277 278 278 278 278 278 279 279 279 279 279 279 279 280 280 281 281 281 281 281 279 280 280 280 280 281 282 282 281 281 280 280 281 281 280 280 280 281 281 281 282 282 283 284 284 283 283 283 283 283 283 283 283 284 284 285 285 285 285 285 286 286 286 285 285 285 285 285 286 286 285 286 286 286 286 286 286 286 287 286 287 287 287 287 287 288 288 288 288 288 288 288 288 288 289 289 289 289 290 290 290 290 290 290 291 291 291 291 291 291 291 291 292 292 292 292 292 292 292 292 293 293 293 293 293 293 293 293 294 294 294 294 294 294 294 294 295 295 295 295 296 296 296 296 296 296 296 296 296 296 296 296 296 297 297 297 297 298 298 298 298 298 298 299 299 299 299 299 299 299 300 300 299 299 300 300 300 301 300 300 300 301 301 301 301 301 301 301 302 302 301 302 302 301 301 302 303 303 303 303 303 303 303 303 303 304 304 304 304 304 304 304 303 303 303 303 303 304 304 304 305 305 304 304 304 304 304 305 305 305 305 305 305 305 305 305 305 305 305 305 305 305 305 305 305 305 305 306 306 306 306 307 307 307 306 306 307 307 307 307 307 308 307 307 307 306 307 307 307 259 259 259 262 262 263 263 263 263 264 264 265 264 264 264 264 264 264 265 266 266 267 267 267 267 267 267 267 268 269 269 269 269 270 270 270 271 271 271 270 270 271 271 271 271 271 271 272 272 271 271 271 272 272 272 272 272 272 273 273 273 273 273 274 273 274 275 275 274 274 274 274 274 274 274 274 275 275 275 275 275 275 275 275 275 275 275 275 275 275 276 276 276 277 277 278 278 278 278 279 279 279 279 279 279 280 280 280 280 281 281 281 281 281 280 281 280 281 280 280 281 282 281 281 281 281 280 281 281 281 281 281 282 282 282 282 284 284 284 284 284 283 283 283 284 284 284 284 284 284 284 285 285 285 286 286 286 285 285 285 285 285 286 286 285 286 286 286 286 286 286 286 287 287 287 287 287 287 287 288 288 288 288 288 288 288 288 289 289 289 289 289 290 290 290 290 290 291 291 291 291 291 291 291 291 292 292 292 292 292 292 292 292 292 292 293 293 293 293 293 294 294 294 294 294 294 294 294 294 295 295 295 295 296 296 296 296 296 296 296 296 296 296 296 296 297 297 297 297 297 297 298 298 298 298 298 299 299 299 299 299 299 299 300 300 300 300 300 300 300 300 301 301 301 301 301 302 301 301 301 301 301 302 302 302 302 302 302 302 302 303 303 303 304 304 304 304 304 304 304 304 304 304 304 304 304 304 303 303 303 304 304 304 305 305 305 305 304 304 304 304 305 305 305 305 305 305 305 305 305 305 305 305 305 305 305 305 305 305 305 305 305 306 306 306 306 307 307 306 306 307 307 307 307 307 308 308 308 308 307 307 308 307 260 260 260 260 259 259 259 262 262 263 263 263 264 264 265 265 265 265 265 265 264 264 265 266 266 267 267 267 267 267 268 268 269 269 269 269 269 269 270 270 270 271 271 271 271 271 271 271 271 271 272 272 272 272 272 272 273 273 273 273 272 273 274 274 274 274 274 273 273 274 275 275 275 275 275 275 275 274 275 275 274 274 275 275 275 275 275 276 275 276 276 276 276 276 276 276 277 277 278 278 278 278 279 278 278 278 279 279 280 280 280 281 281 282 282 282 282 281 281 281 281 281 281 282 282 281 281 282 281 281 280 281 281 281 281 281 281 282 283 284 284 283 283 284 284 284 284 284 284 284 284 284 284 285 285 285 285 286 286 286 286 285 286 286 286 286 286 285 285 286 286 286 286 286 286 287 287 287 287 287 287 287 288 288 288 288 288 288 288 289 289 289 289 289 289 290 290 290 290 290 291 291 291 291 291 291 291 292 292 292 292 292 292 292 292 292 292 292 293 293 293 293 293 294 294 294 294 294 294 294 295 295 295 295 295 295 296 296 296 296 296 296 296 296 296 296 297 297 297 297 298 298 297 297 298 298 298 299 299 299 299 299 299 299 299 299 300 300 300 300 300 300 300 300 301 301 301 301 301 302 302 302 302 302 301 302 303 303 303 303 303 303 303 303 303 303 304 304 304 305 305 305 305 305 305 304 304 304 304 304 304 304 304 304 304 304 304 305 305 304 304 304 304 305 305 305 305 305 305 305 305 305 305 305 305 306 305 305 305 305 305 305 305 306 306 306 306 306 307 307 307 307 307 307 307 307 307 307 307 307 308 308 308 308 308 308 258 259 259 260 260 260 261 261 261 261 261 260 260 259 259 259 259 259 262 262 263 263 263 263 264 265 265 265 266 266 266 265 265 265 266 267 267 267 267 267 268 268 269 269 269 269 269 269 269 270 270 271 271 271 271 271 271 271 271 272 272 272 272 272 272 272 272 272 273 273 273 272 273 274 274 275 275 274 274 274 274 274 275 275 275 275 275 274 274 274 274 274 274 274 275 276 275 275 276 276 277 277 277 276 276 277 277 278 278 278 278 279 278 278 279 279 279 279 279 279 280 281 281 281 282 282 283 282 282 282 282 282 282 282 282 281 282 282 282 281 281 281 281 281 282 281 281 282 283 283 283 283 283 283 283 284 284 284 284 284 284 285 285 284 285 285 285 286 286 286 287 286 287 287 286 286 286 285 285 286 286 286 286 286 286 287 287 288 288 287 287 287 288 288 289 289 289 289 289 289 289 289 289 289 289 290 290 290 290 290 290 291 291 291 291 291 291 292 292 292 292 292 292 292 292 293 293 293 293 293 293 293 294 294 294 294 294 294 294 295 295 295 295 295 295 295 296 296 296 296 296 296 296 296 296 296 297 297 297 297 298 298 298 297 298 298 298 299 299 299 299 299 299 299 299 299 300 300 300 300 300 300 300 301 301 301 301 302 301 301 302 302 302 302 302 302 303 303 304 304 304 304 304 303 303 303 303 304 304 304 305 305 305 305 305 305 305 304 305 305 305 304 304 304 304 304 304 305 305 305 305 304 304 305 305 305 305 305 305 305 305 305 305 306 305 305 305 305 305 305 306 306 305 306 306 306 306 307 307 307 307 307 307 307 307 307 307 307 308 308 308 308 307 308 308 309 259 259 259 260 260 260 260 260 259 260 260 259 259 259 260 260 260 261 262 263 263 263 262 262 263 263 264 264 264 265 265 266 266 266 266 266 266 266 266 266 267 268 268 268 268 269 268 268 269 269 269 270 270 270 271 271 271 272 271 271 271 272 272 272 272 272 271 272 272 272 272 272 272 273 273 273 273 274 274 275 275 275 275 274 274 275 275 275 275 275 275 275 275 274 274 275 275 276 276 276 277 277 276 276 276 276 276 276 276 277 278 278 278 278 278 279 279 280 280 280 280 280 280 281 281 281 281 282 282 283 283 283 283 283 283 283 283 282 282 282 283 282 281 281 282 281 281 281 281 281 281 282 282 283 283 283 283 283 284 284 285 285 285 284 285 285 285 285 285 286 286 286 287 287 287 287 287 286 287 286 286 285 286 287 286 286 286 286 287 287 287 287 287 287 287 288 288 289 289 289 289 289 289 289 289 289 289 289 290 290 290 290 290 290 291 291 291 291 291 291 292 292 292 292 292 292 292 293 293 293 293 293 293 293 293 294 294 294 294 294 294 295 295 295 295 295 295 295 296 296 296 296 296 296 296 297 296 296 296 297 297 297 297 298 298 298 298 298 298 298 298 299 299 299 299 299 300 300 300 300 300 300 300 300 300 300 301 300 301 301 301 301 301 302 302 302 302 302 302 302 303 303 303 303 304 304 304 303 303 303 303 304 304 304 305 304 304 305 305 305 305 305 305 305 304 304 304 305 305 305 305 305 305 305 304 304 304 305 305 305 305 306 305 305 305 305 305 306 306 306 305 305 305 306 306 306 306 306 306 306 306 306 307 307 307 308 308 308 308 307 307 307 307 307 307 308 308 308 308 260 259 259 259 260 261 260 260 259 259 260 260 260 260 261 261 261 260 261 260 261 261 262 262 263 264 264 265 264 263 263 262 262 263 263 264 264 264 265 265 266 266 267 267 267 266 267 266 266 268 268 268 268 268 268 269 269 269 269 270 270 270 270 271 271 271 272 272 271 272 272 272 272 272 272 272 272 272 273 272 273 273 273 273 274 273 274 274 275 275 275 276 276 275 275 275 275 276 275 275 275 274 274 275 275 276 276 276 276 277 277 277 277 277 277 277 277 276 277 277 278 278 277 278 278 278 279 279 280 280 280 281 282 281 281 282 282 282 282 282 282 282 282 282 282 283 283 283 283 283 282 281 281 281 281 281 281 282 281 281 281 281 282 283 283 282 283 284 285 285 285 284 284 285 285 285 285 285 286 286 286 286 286 287 287 288 287 288 287 287 286 287 287 287 287 287 287 287 287 287 287 287 287 287 288 288 288 289 289 288 289 289 289 289 289 290 290 290 290 290 290 290 291 291 291 291 291 291 291 292 292 292 292 292 292 292 293 293 293 293 293 293 293 294 294 294 294 294 294 294 295 295 295 295 295 295 295 296 296 296 296 296 296 296 297 296 296 296 297 297 297 297 298 298 298 298 298 298 298 298 299 299 299 299 300 300 300 300 300 300 300 300 300 300 300 300 300 301 301 301 302 301 301 302 302 302 302 302 302 302 302 303 303 303 303 304 304 304 303 303 304 304 304 305 305 305 305 305 305 305 305 305 305 305 305 304 305 305 305 305 306 305 305 305 305 305 305 305 305 305 305 305 305 305 306 306 305 306 306 305 305 305 305 306 306 306 306 306 306 306 306 307 307 307 307 307 308 308 308 307 307 307 307 308 308 308 308 309 260 259 260 260 261 261 260 260 260 260 260 261 261 261 262 261 261 261 261 261 262 262 262 262 263 263 264 264 263 263 263 263 263 263 264 264 264 264 265 266 266 266 266 266 267 267 267 268 268 268 268 268 268 268 269 269 270 270 270 270 270 270 270 271 271 271 272 272 272 272 273 273 273 273 273 273 273 273 274 274 274 274 274 274 273 274 274 274 275 275 275 275 275 274 274 275 275 275 275 275 274 275 276 276 276 276 275 276 277 277 277 277 277 277 278 277 277 277 277 277 278 278 278 279 280 279 279 279 280 280 281 281 282 281 282 282 282 282 282 282 282 282 282 282 283 283 284 284 283 282 282 282 282 282 281 282 282 282 282 282 281 281 282 282 283 284 284 284 284 284 285 285 285 286 286 286 286 286 286 287 287 287 287 287 288 288 288 288 288 288 288 288 289 288 287 287 288 288 287 288 288 288 288 288 288 288 289 289 288 289 289 289 289 289 289 290 290 290 290 290 291 291 291 291 291 291 291 292 292 292 292 292 292 292 293 293 293 293 293 293 293 293 294 294 294 294 294 294 294 295 295 295 295 295 295 296 296 296 296 296 296 296 296 297 297 297 296 297 297 297 297 298 298 298 298 298 298 298 299 299 299 299 299 300 300 300 300 300 300 300 300 300 300 300 300 301 301 301 301 301 302 302 301 302 302 302 302 302 302 303 303 303 303 303 304 304 304 304 304 304 304 305 305 305 305 305 305 305 305 305 305 305 305 305 305 305 305 305 306 306 306 306 305 305 305 305 305 305 305 305 305 305 305 305 305 306 306 305 305 306 305 305 306 306 306 306 306 306 306 306 306 307 307 307 307 307 307 308 308 308 307 308 308 308 308 308 309 260 260 260 260 261 261 261 261 261 261 261 261 262 262 262 261 261 261 261 262 262 262 262 262 263 263 263 263 263 263 264 263 263 264 264 264 264 265 266 266 266 266 266 267 267 268 268 268 268 268 268 268 268 269 269 270 270 270 271 270 270 270 271 271 271 271 272 272 272 273 273 273 273 273 273 273 274 274 274 274 274 274 273 274 274 275 275 275 275 275 276 275 274 274 274 275 275 275 275 275 276 276 277 276 276 276 276 277 277 277 277 277 277 277 278 278 278 277 278 279 279 279 279 280 280 280 280 281 281 281 281 282 281 281 282 282 282 282 282 282 282 282 281 282 283 283 283 284 283 283 283 283 283 282 282 282 283 282 282 282 281 282 282 283 284 285 284 284 284 285 285 285 285 285 286 286 286 286 287 287 287 288 288 288 288 288 289 288 289 289 289 289 289 289 289 288 288 288 288 288 288 288 288 288 288 289 289 289 289 289 289 289 289 290 290 290 290 290 290 291 291 291 291 291 291 292 292 292 292 292 292 292 293 293 293 293 293 293 293 294 294 294 294 294 294 294 294 295 295 295 295 295 295 295 296 296 296 296 296 297 297 297 297 297 297 297 297 297 297 297 298 298 298 298 298 298 299 299 299 299 299 299 300 300 300 300 300 300 300 300 301 301 300 300 301 301 301 301 302 302 302 302 302 302 302 302 302 302 303 303 303 303 303 304 304 304 304 304 304 304 304 305 304 305 305 305 305 305 305 305 305 306 305 305 305 305 305 306 306 306 306 306 305 305 305 305 305 305 305 305 305 305 305 305 305 305 305 306 306 306 306 306 306 306 306 306 306 306 307 307 307 307 307 307 307 307 308 308 308 308 309 309 308 308 308 309 260 260 260 261 261 262 262 262 262 261 261 262 262 262 262 262 261 261 261 262 262 262 262 263 263 263 263 264 264 263 263 263 263 263 264 264 265 265 265 266 266 266 266 266 267 267 268 268 268 269 269 269 268 268 268 269 270 270 270 271 271 271 271 271 271 271 271 272 272 272 272 272 272 273 273 273 273 274 274 273 273 273 274 274 275 275 275 276 276 276 276 276 276 275 274 274 274 275 275 276 276 276 277 277 276 277 277 277 277 277 277 278 277 277 277 278 278 277 277 277 278 279 279 280 280 281 280 281 281 281 281 281 281 281 281 281 282 283 282 282 282 282 282 281 281 282 282 282 283 283 283 284 284 283 283 283 283 283 283 282 282 282 282 283 283 284 285 285 284 285 285 286 286 286 286 286 286 287 287 287 287 288 288 288 288 288 289 289 288 288 288 288 289 289 289 289 289 289 289 289 288 288 288 288 288 288 288 289 289 289 289 289 289 289 289 290 290 290 290 290 291 291 291 291 291 292 292 292 292 292 292 292 293 293 293 293 293 293 293 293 294 294 294 294 294 294 294 294 295 295 295 295 295 295 295 296 296 296 296 296 297 297 297 297 297 297 297 297 297 297 298 298 298 298 299 298 299 299 299 299 299 299 299 299 300 300 300 300 300 300 300 301 301 301 301 301 301 301 301 301 302 302 302 302 302 302 302 302 303 303 303 303 303 303 304 304 304 304 304 304 304 304 305 305 305 304 304 305 305 305 306 306 306 306 305 305 305 305 306 306 306 306 306 306 305 305 305 305 305 305 305 305 305 305 305 305 305 306 306 306 306 306 306 306 306 307 306 307 307 307 307 307 307 307 307 307 307 307 307 308 308 308 308 308 308 308 309 309 260 260 261 261 262 262 261 261 261 261 261 262 263 263 262 261 261 261 261 262 263 262 263 263 263 263 263 264 264 264 263 263 263 264 263 263 263 264 264 264 265 267 267 266 266 266 267 267 268 267 268 269 269 269 268 268 268 269 270 270 270 271 271 271 271 271 271 271 272 272 272 272 273 273 273 273 273 273 273 274 274 274 274 274 274 274 274 274 274 275 275 276 276 276 275 275 275 275 275 276 275 276 276 277 277 277 277 277 277 277 277 277 276 277 277 277 277 277 277 277 277 278 278 278 279 279 279 280 281 281 281 281 282 282 282 282 282 281 281 282 282 282 282 282 282 282 282 281 281 282 282 282 282 284 284 284 284 284 283 283 282 282 282 282 282 283 283 283 284 285 285 286 286 286 286 286 287 287 287 287 288 287 288 288 289 288 288 288 289 289 289 289 289 288 288 289 289 289 289 289 289 289 288 288 289 289 289 289 289 289 289 290 290 290 290 290 290 290 290 290 290 290 291 291 291 291 291 292 292 292 292 292 292 292 293 293 293 293 293 293 293 293 294 294 294 294 294 294 294 294 295 295 295 295 295 295 296 296 296 296 296 296 297 297 297 297 297 297 297 297 297 297 298 298 298 299 299 299 299 299 299 299 299 299 299 300 300 300 300 300 301 301 301 301 301 301 301 301 301 301 301 302 302 302 302 302 302 302 302 302 302 303 303 303 303 303 304 304 304 304 304 304 304 305 305 304 305 304 304 305 305 305 305 305 305 305 305 305 305 305 306 306 306 306 306 306 306 305 305 305 305 305 305 305 305 306 306 306 305 306 306 306 306 306 306 306 306 306 306 307 307 307 307 307 307 307 307 307 307 307 307 307 307 308 307 308 308 308 308 308 261 261 260 261 261 261 262 261 261 261 261 261 261 262 262 262 261 261 261 262 263 263 262 262 263 264 263 263 264 264 265 264 264 264 264 264 264 264 264 264 264 265 265 266 265 266 266 266 266 267 267 268 268 268 269 269 269 269 269 270 270 270 270 271 271 271 271 271 272 272 272 273 273 273 273 273 273 273 273 274 274 274 275 275 275 274 274 274 275 275 276 275 275 275 275 275 275 275 275 276 276 275 276 276 277 277 277 277 277 276 276 277 276 276 277 277 277 277 277 278 278 278 278 278 278 278 278 279 280 281 281 281 281 282 282 282 282 281 281 281 281 281 282 282 282 281 282 282 282 281 282 283 282 282 283 284 284 284 284 283 283 282 282 281 282 282 283 284 284 284 285 286 286 287 286 286 286 287 287 287 287 288 288 289 289 289 288 288 288 288 288 288 289 289 288 288 288 289 289 289 290 290 290 290 290 290 290 289 289 289 289 290 290 290 290 290 290 290 290 290 290 290 290 291 291 291 291 291 292 292 292 292 292 292 292 292 292 293 293 293 293 293 293 294 294 294 294 294 294 294 294 295 295 295 295 296 296 296 296 296 296 296 296 297 297 297 297 297 297 297 297 297 297 298 298 298 299 299 299 299 299 299 299 299 299 300 300 300 300 300 300 300 301 301 301 301 301 301 301 301 301 302 302 302 302 302 302 302 302 302 302 302 303 303 303 303 303 304 304 304 304 305 304 304 304 304 304 304 305 305 305 305 305 305 305 305 305 305 305 305 305 305 306 306 306 306 306 306 306 305 305 305 306 305 305 306 306 306 306 305 305 306 306 306 306 306 306 306 306 306 307 307 307 307 307 307 306 306 307 307 307 307 307 307 307 307 308 308 308 308 309 261 261 261 261 261 261 261 262 262 262 262 261 261 261 261 261 261 261 261 261 262 263 263 262 263 264 264 265 264 264 265 265 265 265 265 264 264 264 264 264 264 264 264 265 265 266 267 267 267 268 268 267 267 268 268 268 268 269 269 269 269 269 270 271 271 271 271 271 271 271 272 272 273 273 273 273 273 273 273 273 274 274 274 274 275 275 275 275 275 276 276 276 276 276 276 275 275 275 275 275 276 276 276 276 277 277 277 276 276 277 277 276 276 277 277 277 277 277 277 277 278 278 279 279 279 278 279 279 279 280 281 281 281 281 281 282 282 282 282 282 282 281 280 281 282 282 281 281 281 281 281 281 282 282 282 282 283 283 283 284 284 284 283 282 282 282 282 283 284 285 285 286 286 286 286 285 286 287 287 286 286 287 287 288 288 289 289 288 288 288 288 288 288 288 288 289 289 288 289 289 289 290 290 290 290 290 290 290 290 290 290 290 290 290 291 290 290 290 291 290 290 290 291 291 291 291 291 292 292 292 292 292 292 292 292 292 292 293 293 293 293 293 293 293 294 294 294 294 294 294 294 295 295 295 295 295 296 296 296 296 296 296 296 297 297 297 297 297 297 297 297 298 298 298 298 298 298 299 299 299 299 299 299 299 299 300 300 300 300 300 300 300 300 301 301 301 301 301 301 301 301 302 302 302 302 302 302 302 302 302 303 302 303 303 303 303 303 303 303 304 304 304 304 304 304 304 305 305 305 305 305 305 305 305 305 305 305 305 305 305 305 305 305 306 306 306 306 306 306 306 305 305 306 306 305 305 306 306 306 306 306 306 306 306 306 306 306 306 306 306 306 306 306 306 307 306 306 307 307 307 307 308 308 308 308 308 308 308 308 308 308 309 309 261 261 261 261 262 261 261 260 262 261 261 261 262 261 261 260 260 260 261 262 262 263 263 263 262 263 263 264 265 265 265 266 266 266 266 266 266 266 265 265 264 265 265 265 265 266 266 267 267 268 268 268 268 268 268 268 268 268 268 269 269 269 269 270 270 271 271 271 271 271 271 271 272 272 272 272 272 272 272 272 273 273 273 274 274 275 275 275 275 275 276 276 276 276 277 277 276 275 275 275 276 276 276 276 276 277 277 276 276 276 276 276 276 277 277 278 278 278 278 277 277 278 279 279 280 280 279 280 280 280 280 281 281 281 281 281 282 282 283 283 282 282 282 281 281 281 281 281 281 282 281 281 281 281 281 282 282 283 283 283 283 284 284 284 283 283 282 283 283 284 285 285 286 286 286 286 285 285 286 286 286 286 286 287 287 288 288 288 288 288 288 288 288 288 288 288 288 289 288 289 290 290 290 290 290 290 290 289 290 290 290 290 290 290 290 291 291 290 291 291 291 291 291 291 291 291 291 291 292 292 292 292 292 292 293 293 293 293 293 293 293 293 293 293 294 294 294 294 294 294 294 294 295 295 295 295 296 296 296 296 296 296 296 297 297 297 297 297 297 297 297 297 298 298 298 298 298 298 299 299 299 299 299 299 299 299 300 300 300 300 300 300 300 300 301 301 301 301 301 301 301 301 302 302 302 302 302 302 302 302 302 303 303 303 303 303 303 303 303 304 304 304 304 304 304 304 304 305 305 305 305 305 305 305 305 305 305 305 305 305 305 305 305 306 306 306 306 306 306 306 306 305 305 306 306 306 306 306 306 306 306 306 306 306 306 306 306 306 306 306 306 306 307 307 307 307 307 307 307 307 307 307 308 308 308 308 309 308 308 308 308 308 308 309 260 260 260 261 262 262 261 260 261 262 261 261 261 261 260 261 261 262 262 263 263 263 262 262 262 263 263 263 264 265 265 265 265 265 266 266 267 267 266 266 265 265 265 265 265 265 266 266 266 267 267 268 268 269 269 268 269 269 269 269 270 270 270 270 270 271 271 271 271 271 271 272 272 272 272 272 272 272 273 273 273 273 274 274 274 274 275 275 275 275 275 276 276 277 277 277 277 276 275 275 275 276 276 276 276 277 277 277 277 277 277 276 277 277 277 278 278 278 278 278 278 278 278 279 279 279 280 281 281 281 281 280 280 281 281 281 281 282 282 282 282 282 282 281 281 281 281 282 282 282 282 282 282 282 281 282 283 283 283 283 283 283 283 283 283 283 282 283 284 284 284 284 285 285 285 285 285 286 286 286 286 286 286 287 287 287 288 288 289 289 289 288 288 288 288 288 288 288 288 289 289 289 290 290 290 290 290 290 290 290 290 290 290 291 290 290 291 291 291 291 291 291 291 291 291 291 291 292 292 292 292 292 292 292 292 293 293 293 293 293 293 293 293 293 294 294 294 294 294 294 294 295 295 295 295 295 296 296 296 296 296 296 296 297 297 297 297 297 297 297 297 297 298 298 298 298 298 298 299 299 299 299 299 299 299 299 300 300 300 300 300 301 301 300 301 301 301 301 301 302 302 302 302 302 302 302 302 302 302 302 303 303 303 303 303 303 303 304 304 304 304 304 304 304 305 304 304 304 304 305 305 305 305 305 305 305 305 305 305 305 305 305 305 306 306 306 306 306 306 306 305 305 306 306 306 307 306 306 307 307 307 306 306 306 306 306 307 307 307 306 306 306 306 307 307 307 307 307 307 307 307 307 307 307 308 309 309 309 308 308 308 308 308 309 309 260 260 260 261 261 261 262 261 261 262 262 261 261 261 261 261 262 263 264 264 264 264 263 262 263 264 263 263 264 265 264 264 265 265 266 266 266 267 267 266 265 265 265 265 265 265 265 265 265 266 266 267 268 269 269 269 269 270 270 270 270 270 271 271 271 271 271 271 271 272 272 272 272 273 273 273 273 272 273 273 274 273 274 274 275 275 275 275 276 275 275 276 276 276 277 277 277 277 277 276 276 276 276 277 277 277 277 278 277 277 276 277 278 278 278 278 278 278 278 278 279 278 278 278 279 279 280 281 281 281 281 281 281 281 281 281 281 281 282 282 282 281 281 281 281 282 282 282 282 283 283 282 282 281 281 281 282 282 283 283 284 284 283 283 283 283 282 283 283 284 284 284 284 285 285 285 285 286 286 286 286 287 287 287 288 288 288 289 289 289 288 289 289 288 288 288 289 289 289 289 288 289 289 289 290 290 290 290 290 290 290 290 290 290 291 290 290 291 291 291 291 291 291 291 291 292 292 292 292 292 292 292 292 292 292 293 293 293 293 293 293 294 293 294 294 294 294 294 294 294 295 295 295 295 295 296 296 296 296 296 296 296 296 296 297 297 297 297 297 297 297 297 298 298 298 298 299 298 299 299 299 299 299 299 299 300 300 300 300 300 301 301 301 301 301 301 301 301 301 302 302 302 302 302 302 302 302 302 302 303 303 303 303 303 304 304 303 304 303 303 304 304 304 304 304 304 304 304 304 304 305 305 305 305 305 305 305 305 305 305 305 305 305 306 305 306 306 306 306 305 306 306 306 306 306 306 306 307 307 307 307 307 307 307 306 306 307 307 307 307 306 306 306 306 307 307 307 307 307 307 307 308 308 308 308 309 308 308 308 308 308 308 309 309 309 310 261 261 260 260 260 261 261 261 261 261 261 261 261 262 262 262 263 264 264 264 264 265 264 264 265 265 264 264 263 264 264 265 266 266 266 267 267 267 268 267 266 266 266 266 266 265 266 266 266 265 266 267 268 268 269 269 269 270 271 271 270 271 271 271 271 271 272 272 272 273 272 272 272 273 273 273 273 273 273 273 273 274 274 274 274 275 275 275 275 275 276 276 276 277 277 277 277 277 277 277 277 276 276 276 276 277 277 278 277 277 277 277 277 278 279 279 278 278 278 279 279 278 279 279 279 279 280 281 281 282 282 282 282 282 282 282 282 281 281 282 281 281 281 281 281 282 283 282 283 284 283 282 282 282 282 282 282 282 283 283 284 285 284 283 283 282 283 283 284 284 284 285 285 286 286 286 286 285 285 286 286 286 287 287 288 288 289 289 290 290 289 289 289 288 288 289 289 289 289 289 289 289 289 289 290 290 290 290 290 290 290 290 290 290 290 290 291 290 291 291 291 291 291 291 291 291 292 292 292 292 292 292 292 292 292 293 293 293 293 293 294 294 294 294 294 294 294 294 294 294 295 295 295 295 295 295 296 296 296 296 296 296 296 296 297 297 297 297 297 297 297 298 298 298 298 298 299 299 299 299 299 299 299 299 299 300 300 300 300 301 301 301 301 301 301 301 301 301 301 302 302 302 302 302 302 302 302 302 303 303 303 303 303 303 304 304 303 303 303 303 304 304 305 304 304 304 304 304 304 304 305 305 305 305 305 305 305 305 305 305 305 305 305 305 305 305 305 305 305 305 306 306 306 306 306 306 307 307 307 307 307 307 307 307 307 307 307 307 307 307 306 306 306 307 307 307 306 307 307 307 307 307 308 308 308 308 308 308 308 308 309 308 308 308 309 310 262 262 261 261 260 260 260 261 261 261 261 262 262 262 262 262 263 264 264 264 264 264 264 264 265 265 266 266 265 264 264 265 266 266 266 267 267 268 268 268 268 267 267 267 266 266 267 267 267 266 266 266 267 268 268 269 269 269 270 270 270 270 271 271 271 271 272 272 273 273 273 273 272 273 273 273 274 273 274 273 273 273 274 275 275 275 276 276 276 276 276 276 276 277 277 276 277 277 278 278 277 276 276 276 276 276 277 277 277 277 277 277 278 278 278 279 278 278 279 279 279 278 279 279 280 280 280 281 281 282 282 282 282 282 282 282 282 282 282 281 281 282 282 281 282 282 283 284 284 285 284 283 283 283 282 282 282 282 283 283 284 284 284 283 283 283 283 283 284 284 285 285 286 286 285 285 285 286 286 286 287 287 287 287 288 289 289 290 290 291 291 290 289 288 289 289 289 289 289 289 289 289 289 289 289 289 290 290 290 290 290 291 290 290 290 290 291 291 290 291 291 291 291 291 291 291 292 292 292 292 292 292 293 293 293 293 293 293 293 293 294 294 294 294 294 294 294 294 294 295 295 295 295 295 295 295 296 296 296 296 296 296 296 296 296 297 297 297 297 297 298 298 298 298 298 299 299 299 299 299 299 299 299 299 300 300 300 300 301 301 301 301 301 301 301 301 301 301 301 302 302 302 302 302 302 302 302 303 303 303 303 303 303 303 304 304 303 303 304 304 304 304 304 304 304 304 304 304 304 304 304 305 305 305 305 305 305 305 305 305 305 305 305 306 305 305 306 306 307 306 306 306 306 306 307 307 307 307 308 308 308 308 307 307 307 307 308 308 307 307 307 306 307 306 307 307 307 307 307 307 307 307 308 308 308 308 308 308 308 308 308 308 308 309 309 309 310 262 262 261 261 261 261 261 261 261 262 262 262 262 262 263 264 264 265 264 264 264 264 264 265 266 266 266 265 265 265 266 266 266 266 267 267 268 268 267 268 268 268 267 267 267 267 267 267 266 266 266 267 267 268 268 268 269 269 270 270 270 270 271 271 272 272 273 273 273 273 273 273 273 274 274 274 274 274 274 273 274 275 275 275 275 276 276 276 276 276 276 276 276 277 278 277 277 277 277 277 277 276 276 277 277 277 277 278 277 277 277 278 278 279 279 279 279 279 279 278 279 279 280 281 281 281 281 281 281 282 282 281 281 282 282 282 282 282 282 282 283 282 282 283 283 284 284 285 285 284 284 284 283 283 283 282 282 283 283 283 284 283 283 283 283 283 284 284 284 285 285 285 284 284 285 286 286 286 287 287 288 288 288 289 289 290 291 291 291 290 290 289 289 290 290 289 289 289 289 289 289 289 289 289 290 290 290 290 290 290 291 291 290 290 291 291 291 291 291 291 291 291 292 292 292 292 292 292 292 292 293 293 293 293 293 293 293 294 294 294 294 294 294 294 294 294 295 295 295 295 295 295 295 295 296 296 296 296 296 297 296 296 296 297 297 298 298 298 298 298 298 298 298 299 299 299 299 299 299 299 299 300 300 300 300 301 301 301 301 301 301 301 301 302 302 301 301 302 302 302 302 303 303 303 303 303 303 303 303 303 304 304 304 304 303 304 304 304 304 304 304 304 304 304 304 304 304 304 305 305 305 305 305 305 305 305 305 305 305 305 305 306 305 306 307 306 306 307 307 307 307 307 307 307 307 307 307 307 308 308 308 308 308 308 308 308 308 307 307 306 307 306 306 306 306 306 307 307 307 307 307 307 308 308 308 308 308 308 308 308 308 308 309 310 311 263 262 261 262 262 261 261 262 262 262 263 263 264 264 265 265 264 264 265 264 264 265 265 266 266 266 265 266 266 267 267 267 267 268 268 267 267 267 267 268 268 267 267 266 267 267 266 267 267 267 267 268 268 269 269 269 269 270 270 270 270 270 271 271 272 272 273 273 273 273 274 274 274 274 274 274 274 273 274 274 275 275 275 276 276 276 276 277 277 277 277 277 278 277 278 278 277 277 276 276 277 277 277 277 278 278 278 277 277 278 278 279 279 279 279 278 278 279 279 279 280 281 282 282 281 282 282 281 281 282 283 283 282 281 282 283 284 283 284 283 283 283 284 284 284 284 284 284 283 283 283 282 282 283 283 283 283 283 283 283 283 283 283 283 283 283 284 284 284 284 284 285 286 286 287 287 287 288 288 289 289 289 289 290 290 290 290 290 290 289 290 290 290 290 290 290 289 290 290 290 289 289 289 290 290 290 290 291 291 291 291 291 290 290 291 291 291 291 291 292 292 292 292 292 292 292 292 292 293 293 293 293 293 294 294 294 294 294 293 294 294 294 294 294 295 295 295 295 295 295 295 295 295 296 296 296 297 296 296 297 297 297 297 298 298 298 298 298 298 298 299 299 299 299 299 299 299 299 300 300 300 300 300 301 301 301 301 301 301 301 302 302 302 302 302 302 302 302 302 303 303 303 303 303 303 303 303 304 304 304 304 304 304 304 304 304 304 304 304 303 303 304 304 304 304 304 305 305 305 305 305 305 306 306 306 306 306 306 306 306 306 305 306 306 306 306 306 307 307 307 307 307 307 307 307 308 308 308 308 308 308 308 308 308 308 308 307 307 307 307 306 307 307 306 306 306 307 307 307 308 308 308 308 308 308 308 308 308 308 309 309 310 310 310 311 312 311 263 262 262 262 262 262 262 262 263 264 264 264 264 265 265 264 264 265 266 266 266 267 267 267 266 266 266 267 267 268 268 268 267 267 266 267 267 267 268 268 267 267 266 266 267 268 269 269 269 269 269 269 270 270 270 270 270 271 271 271 271 272 272 273 273 273 273 273 273 274 274 274 274 274 274 274 274 274 275 275 275 276 276 276 276 277 277 277 277 278 278 277 278 278 278 278 277 276 277 278 278 278 278 278 278 277 277 278 278 279 279 279 278 278 279 279 280 280 280 281 282 282 282 281 281 281 281 282 283 282 281 281 282 283 284 284 284 284 284 284 284 284 284 284 284 284 283 282 282 283 283 284 284 283 283 282 283 283 283 283 283 284 284 284 284 284 284 284 284 285 285 286 286 287 287 288 288 288 289 289 289 290 291 291 290 291 291 290 290 290 290 290 290 290 290 290 289 289 289 290 290 290 290 290 290 291 291 291 291 291 291 291 291 291 291 291 291 292 292 292 292 292 292 292 292 293 293 293 293 293 293 294 294 294 293 293 294 294 294 294 294 295 295 295 295 295 295 295 296 296 296 296 297 297 297 296 297 297 298 297 297 297 298 298 298 298 298 298 299 299 299 299 299 299 299 299 300 300 300 300 301 301 301 301 301 301 301 301 301 301 302 302 302 302 302 302 302 303 303 303 303 303 303 303 303 304 304 304 304 304 304 304 304 304 304 304 304 303 304 304 304 305 305 305 305 305 305 305 305 305 305 306 306 305 305 305 305 306 306 305 306 306 306 306 306 307 307 307 307 307 307 307 307 308 308 308 308 308 308 308 308 308 308 308 308 308 307 307 307 307 307 308 307 307 307 307 307 307 307 307 308 308 308 308 309 309 309 309 309 309 310 310 311 310 310 310 310 263 263 263 264 263 263 263 263 264 264 264 264 264 265 264 265 266 266 267 267 268 267 267 267 266 267 267 267 268 268 267 267 267 267 267 267 268 268 267 267 266 266 267 268 268 269 269 270 271 270 270 271 271 271 271 272 272 271 271 271 272 272 273 273 273 273 273 274 274 274 275 274 275 275 275 275 275 275 275 276 276 276 276 277 277 277 277 278 278 278 279 279 279 279 278 278 278 278 278 278 278 278 278 278 277 278 278 279 279 278 278 279 279 279 280 281 280 281 282 283 282 282 282 282 282 282 282 282 282 281 282 283 283 283 284 284 284 284 284 284 284 284 285 284 284 283 283 284 284 284 283 283 283 283 283 283 284 284 283 284 285 285 285 285 284 284 285 285 285 286 287 287 288 288 288 288 288 289 289 290 290 290 289 290 290 290 290 290 290 290 291 291 290 290 290 290 290 290 290 290 290 290 290 290 291 291 291 291 291 291 291 291 291 291 292 292 292 292 292 292 292 292 292 292 293 293 293 293 294 293 293 293 293 293 294 294 294 294 294 295 295 295 295 295 296 295 296 296 296 296 297 297 298 298 298 298 297 297 298 298 298 298 298 298 298 299 299 299 299 299 299 299 299 299 300 300 300 300 301 301 301 301 301 301 301 301 301 302 302 302 302 302 302 302 302 303 303 303 303 303 303 303 304 304 304 304 304 304 304 304 304 305 305 305 305 305 305 305 305 305 305 305 305 305 305 305 305 305 305 305 305 305 305 305 305 306 306 306 306 306 306 306 306 307 307 307 307 307 307 307 307 308 308 308 308 308 308 308 308 308 308 308 308 308 308 308 308 308 308 308 308 307 307 307 307 307 307 307 308 308 308 308 308 309 309 309 309 309 309 309 309 309 309 309 310 311 264 264 264 264 264 264 264 265 265 265 266 266 267 267 268 268 268 268 267 267 267 267 268 268 268 268 267 268 267 267 267 267 268 268 267 267 267 268 268 268 268 269 269 270 270 270 271 272 271 271 272 272 272 272 272 273 273 273 273 274 274 274 274 274 274 275 275 275 275 275 275 275 275 276 276 276 277 277 277 277 277 278 278 278 279 279 279 279 279 279 279 279 279 278 279 279 279 279 278 277 278 278 279 279 279 279 279 279 280 280 281 281 282 282 282 282 283 283 283 282 282 283 283 282 282 282 282 282 283 284 283 284 284 284 284 284 285 285 285 284 283 284 284 284 283 283 284 284 284 284 284 284 284 284 284 285 285 284 284 284 284 285 286 286 287 287 287 288 287 287 288 287 288 288 289 289 289 289 290 290 290 290 290 290 291 291 291 291 291 291 290 290 290 290 290 290 290 290 290 291 291 291 291 291 291 291 291 291 291 291 292 292 292 292 292 292 292 292 293 293 293 293 293 293 293 293 293 293 294 294 294 294 294 294 294 295 295 295 295 296 296 297 296 296 296 296 297 297 298 299 298 298 298 298 298 298 298 298 298 298 299 299 299 299 299 299 299 299 300 300 300 300 301 301 301 301 301 301 301 301 301 301 301 302 302 302 302 302 302 302 303 303 303 303 303 303 303 303 304 304 304 304 304 304 304 304 305 305 305 305 305 306 306 306 306 306 306 305 305 305 305 305 305 305 305 305 305 305 305 305 306 306 306 306 306 306 306 307 307 307 307 307 307 307 307 307 308 308 308 308 308 308 308 308 308 308 308 308 309 308 308 308 309 308 308 308 308 307 307 307 307 307 308 308 308 308 308 308 308 309 309 309 309 309 309 309 309 309 309 310 311 265 265 265 264 264 264 265 266 266 266 267 267 267 268 268 268 268 268 268 268 269 269 269 269 268 268 268 268 267 267 267 267 267 267 267 268 268 268 268 268 269 269 269 270 271 271 271 271 271 272 272 272 272 272 273 273 273 273 274 274 274 274 274 275 275 275 275 275 275 275 275 275 276 276 276 277 277 277 277 278 278 278 278 278 278 279 279 279 279 280 280 279 278 279 279 278 278 278 279 279 279 279 279 279 280 280 279 280 281 281 282 283 283 283 282 283 283 283 283 283 283 283 282 282 282 283 283 283 284 284 284 284 284 284 284 285 285 285 284 284 284 284 284 283 284 284 285 284 284 284 284 284 284 284 285 284 284 284 285 285 285 286 286 287 287 287 288 287 287 287 287 288 289 289 289 289 289 289 290 290 290 290 290 291 291 291 291 291 291 290 290 290 290 290 290 290 290 290 291 291 291 291 291 291 291 291 291 291 292 292 292 292 292 292 292 292 292 293 293 293 293 293 293 293 293 293 293 294 294 294 294 294 294 295 295 295 295 295 296 296 297 296 296 296 296 296 297 298 299 298 298 298 299 299 298 298 298 298 299 299 299 299 299 299 299 299 299 300 300 300 300 300 300 300 301 300 300 300 301 301 301 301 302 302 302 302 302 302 302 303 303 303 303 303 303 303 303 304 304 304 304 304 304 304 304 304 304 305 305 305 305 305 305 306 306 306 306 306 305 305 305 305 305 305 305 305 305 305 306 306 306 306 306 306 306 306 306 307 307 307 307 307 307 307 307 307 308 308 308 308 308 308 308 308 308 309 309 308 308 309 308 309 309 309 308 308 308 307 307 307 308 308 308 308 308 308 308 309 309 310 309 309 309 309 309 309 309 310 310 310 311 311 312 313 313 266 266 266 265 265 266 266 266 267 267 267 268 268 268 268 269 269 269 269 269 269 269 269 269 269 269 268 268 267 267 267 267 267 267 268 268 268 268 269 269 270 270 271 271 271 271 271 271 272 273 273 273 273 273 273 273 273 274 274 274 274 274 275 275 275 275 275 276 275 275 276 276 276 277 277 277 277 278 278 278 278 278 278 278 278 279 279 279 280 280 279 278 278 278 279 278 279 279 280 280 280 279 279 280 280 280 280 280 281 282 283 283 283 283 284 284 283 283 283 283 284 283 282 282 283 283 283 283 283 284 284 285 285 285 285 285 285 285 285 284 284 284 284 284 285 284 284 285 284 284 284 284 285 285 285 285 285 285 285 286 286 286 287 286 287 288 287 287 287 287 288 289 289 289 289 289 290 290 290 290 290 290 291 291 291 291 292 291 290 290 290 291 291 291 291 290 290 291 291 292 292 291 291 291 292 292 292 292 292 292 292 292 293 293 293 293 293 293 293 293 293 293 293 293 293 293 294 294 294 294 295 294 295 295 295 296 296 296 296 297 297 296 296 296 296 297 297 298 299 299 300 300 299 299 298 298 298 299 299 299 299 299 299 299 299 300 300 300 300 300 301 300 300 300 300 301 301 301 301 301 301 302 302 302 302 302 302 302 302 303 303 303 303 303 304 304 304 304 304 304 304 304 304 305 305 305 306 305 305 306 306 306 306 306 306 306 306 306 306 305 305 305 305 305 306 306 306 306 306 306 306 306 306 306 307 307 307 307 307 307 307 307 307 307 307 307 308 308 308 308 308 308 308 308 308 308 308 308 308 309 308 308 309 309 308 307 307 307 307 307 308 307 308 308 309 309 309 309 309 309 308 309 309 309 309 310 310 309 310 310 310 311 311 311 311 312 313 266 266 266 267 267 267 267 268 268 268 268 269 269 269 269 269 269 269 269 270 269 270 269 269 269 268 268 267 267 267 267 268 269 269 269 269 269 270 270 270 271 271 270 270 271 272 272 273 274 274 274 274 274 274 274 274 274 274 274 274 274 275 275 275 276 276 275 276 276 276 277 277 277 278 278 278 278 278 279 279 278 279 279 279 279 280 280 280 279 278 278 279 279 279 280 280 280 280 279 279 280 281 280 280 280 281 282 282 283 283 283 283 283 283 283 282 282 283 283 283 283 282 283 284 285 284 284 284 285 285 285 285 285 285 285 285 284 284 285 284 284 284 284 284 284 284 284 285 285 285 285 285 285 285 285 285 286 285 285 286 286 287 288 287 287 288 288 289 290 290 289 289 290 290 290 290 290 290 291 291 291 291 292 291 291 291 290 290 290 291 290 290 290 290 290 291 292 292 291 292 291 292 292 292 292 292 292 292 292 293 293 293 293 293 293 293 293 293 293 293 293 294 294 294 294 294 295 295 295 295 295 295 296 296 296 296 297 297 297 297 297 297 297 297 298 300 299 299 299 298 298 299 299 299 299 299 299 299 299 299 300 300 300 300 300 301 300 300 300 301 300 301 301 301 301 301 301 302 302 302 302 302 302 302 302 302 303 303 303 303 304 304 304 304 304 304 304 304 305 305 305 305 305 306 306 306 306 306 306 306 306 306 306 306 306 306 306 306 305 305 306 306 306 306 306 306 306 306 306 306 306 306 306 307 307 307 307 307 307 307 307 307 308 308 308 308 308 308 308 308 308 308 308 308 308 308 308 308 309 309 309 308 308 308 307 307 307 307 307 307 308 308 308 309 309 309 309 309 309 309 309 309 309 310 310 310 310 310 310 310 310 311 311 312 313 267 267 267 267 267 268 268 268 268 268 269 269 269 269 269 269 269 270 270 269 269 269 269 269 268 268 268 267 267 267 268 268 269 269 269 269 269 270 271 271 270 271 271 272 273 273 274 274 274 275 275 275 275 275 275 275 275 274 275 275 275 275 275 275 276 276 276 276 277 277 277 277 277 278 278 278 279 279 278 279 279 279 279 280 280 279 279 279 279 279 279 279 279 280 280 280 279 279 280 281 281 280 281 281 282 282 282 283 283 283 283 283 283 283 284 284 283 284 284 283 283 284 285 284 284 284 284 284 284 285 285 285 285 284 284 284 284 284 284 285 285 284 284 284 285 284 284 284 285 285 285 285 285 285 285 285 285 286 286 286 286 287 288 288 289 289 289 290 289 290 290 290 290 290 290 290 290 291 291 291 292 291 291 290 290 290 290 290 291 291 291 291 291 291 292 292 292 292 292 292 292 292 292 292 292 292 292 293 293 293 293 293 293 293 294 294 294 294 294 294 295 295 294 294 295 295 295 295 295 296 296 296 296 297 298 298 298 298 297 297 298 298 300 300 299 299 299 299 299 300 299 299 299 299 299 299 300 299 299 300 300 300 300 300 300 301 301 301 301 302 301 302 302 301 302 302 302 302 302 302 302 302 303 302 302 303 303 304 304 304 304 304 304 304 304 304 305 305 305 305 305 306 306 306 306 306 306 306 306 307 307 307 306 306 306 306 306 306 306 306 306 306 306 306 306 306 306 306 306 306 306 306 306 307 307 307 307 308 308 308 308 308 308 308 308 308 308 308 308 308 308 309 309 308 308 308 308 308 308 308 308 308 308 308 308 308 307 307 307 307 308 308 308 308 309 309 309 309 310 310 310 310 310 310 310 310 311 311 311 312 313 313 314 268 268 268 268 268 268 268 269 269 269 269 269 269 269 269 270 270 269 269 269 268 268 269 269 268 268 268 267 267 268 268 268 269 269 270 270 271 271 270 271 271 271 272 273 274 274 274 274 275 275 275 275 275 275 275 275 275 275 275 275 275 276 276 276 276 277 277 278 278 278 278 278 278 278 278 279 279 279 280 280 280 280 280 280 280 279 279 279 279 279 280 280 280 280 279 280 281 282 281 280 280 281 282 282 282 283 283 283 283 283 283 284 284 284 283 284 284 283 284 284 285 285 284 285 285 285 285 285 285 285 285 284 284 283 284 284 285 285 285 285 285 285 284 284 284 284 284 284 284 285 285 285 285 286 286 286 287 287 287 287 287 287 288 288 288 288 289 289 290 290 291 290 290 291 291 291 291 292 292 292 292 291 291 290 291 291 291 291 291 291 291 291 291 292 292 292 293 293 292 292 292 292 292 292 292 293 293 293 293 293 293 293 293 293 294 294 294 294 295 295 294 294 295 295 296 296 296 296 297 297 297 297 297 298 298 298 298 298 298 299 300 300 300 300 300 300 299 300 300 300 299 299 300 300 300 300 300 299 300 300 300 300 301 301 301 302 302 302 302 302 302 302 302 302 302 303 303 303 303 303 303 303 302 303 303 304 304 304 304 304 304 305 305 305 305 305 305 305 305 306 306 306 306 306 306 306 306 306 307 307 306 306 306 306 306 306 306 306 306 306 306 306 306 306 306 306 306 306 306 306 306 306 306 307 307 307 307 308 308 308 308 308 308 308 308 308 308 308 308 308 309 309 309 308 308 308 308 308 308 308 308 307 308 308 308 307 308 307 307 307 308 309 309 309 309 309 309 309 309 310 311 311 310 310 310 311 312 313 313 313 313 314 269 269 269 269 269 269 269 269 269 270 270 270 269 268 268 268 268 269 269 269 269 268 268 268 268 268 268 269 269 270 270 270 270 270 271 272 272 273 274 274 274 274 274 275 275 275 275 275 275 275 275 275 276 275 275 275 276 276 276 277 277 277 277 278 278 278 278 278 279 279 279 279 279 279 280 280 280 280 280 279 279 279 278 279 279 280 280 281 280 280 280 280 281 281 281 281 281 282 283 282 282 282 283 283 283 283 284 284 283 284 284 284 284 283 284 285 284 285 285 285 285 285 285 285 285 285 284 284 284 283 284 284 284 285 285 285 285 285 284 284 284 284 284 285 285 285 286 286 286 287 286 288 288 287 287 287 287 288 288 288 288 289 290 290 291 291 291 290 291 291 291 291 291 292 292 292 292 291 291 290 290 291 291 291 291 292 291 291 291 291 292 292 293 293 292 292 292 292 292 292 293 293 293 293 293 293 293 293 293 294 294 294 295 295 295 295 295 295 295 296 296 296 297 297 297 297 297 297 298 298 298 298 298 299 299 299 299 299 300 301 300 300 301 301 300 300 300 300 300 300 300 300 300 300 300 300 301 301 301 302 302 302 302 302 302 302 302 302 303 303 303 303 303 303 303 303 303 303 303 303 304 304 304 304 304 304 304 305 305 305 305 305 305 305 305 306 306 306 306 306 306 306 306 306 307 307 307 307 307 307 307 306 306 306 306 306 307 307 306 306 306 306 306 306 306 306 306 307 307 307 307 307 308 308 308 308 308 308 308 308 308 308 308 308 308 309 309 309 309 309 308 308 308 308 308 308 307 308 309 309 308 308 308 308 308 308 308 309 309 309 309 310 310 310 310 310 311 311 310 311 311 312 313 312 311 312 313 314 314 314 313 313 313 313 314 269 269 269 269 269 269 269 269 269 270 270 270 269 268 268 267 268 268 269 269 268 268 268 268 269 269 269 269 269 270 270 270 270 271 272 273 273 274 274 274 274 274 274 275 275 275 275 275 276 276 276 276 276 276 276 276 276 276 276 276 277 277 277 278 278 278 279 279 279 279 279 279 280 280 280 280 280 280 280 280 280 280 279 279 280 280 280 281 280 280 281 281 281 282 282 281 282 283 283 283 282 282 283 284 283 284 284 284 284 284 285 285 284 284 284 284 284 284 285 285 285 285 285 285 285 285 284 284 284 284 284 284 284 285 285 285 285 285 285 285 284 284 284 285 285 285 285 286 286 287 288 288 288 287 287 287 288 288 289 289 289 289 289 290 291 291 291 291 291 292 292 291 291 291 292 292 292 291 291 290 291 291 291 292 292 292 292 291 291 292 291 292 292 293 293 292 292 292 292 293 293 293 293 293 293 293 293 293 293 294 294 295 295 295 295 295 295 296 296 297 297 297 297 297 297 297 297 297 298 298 297 298 298 299 299 299 299 299 300 299 300 301 301 301 300 300 300 300 300 300 300 300 300 300 300 300 301 301 302 302 302 302 302 303 302 302 303 303 303 303 303 303 303 303 303 303 303 303 303 304 304 304 304 304 304 304 304 305 305 305 305 305 305 305 305 305 306 306 306 306 306 306 306 306 306 306 307 306 306 306 306 306 306 306 307 307 307 307 307 307 307 307 307 306 306 307 307 307 307 307 307 307 307 307 308 308 308 308 308 308 308 308 308 308 308 308 308 309 309 309 309 308 309 309 308 308 308 307 308 309 308 308 309 309 309 308 308 308 309 309 309 310 310 310 310 310 310 311 311 311 311 312 311 311 311 311 311 312 313 313 313 312 311 312 312 313 313 269 269 269 269 269 269 270 270 270 270 270 270 269 269 268 268 267 268 268 268 268 268 268 269 270 270 270 270 269 269 270 270 270 271 272 273 273 273 274 274 274 274 274 275 275 276 276 276 276 276 276 276 276 276 276 276 277 277 277 277 277 277 278 278 278 278 278 279 279 279 279 279 280 280 280 280 280 280 280 281 281 280 279 279 279 280 280 281 280 280 280 280 281 282 282 282 282 283 283 283 283 283 283 283 283 284 284 284 283 284 285 285 284 284 285 285 284 284 285 285 285 285 284 284 284 284 284 284 284 284 284 284 284 284 285 285 285 285 285 285 285 285 285 285 285 285 286 286 286 287 288 288 288 287 287 288 289 289 289 289 289 289 290 289 290 291 291 291 292 291 291 291 291 292 292 292 292 291 291 291 291 291 292 292 292 291 291 292 292 292 292 292 292 292 293 293 292 292 293 293 293 293 293 293 293 293 293 293 294 294 294 294 295 295 296 296 296 296 296 296 297 297 297 296 297 297 297 297 298 297 298 298 299 299 299 298 298 299 299 299 299 299 300 300 300 301 301 301 301 301 301 301 300 300 300 300 301 302 302 302 302 302 302 302 303 303 302 302 302 303 303 303 303 303 303 303 303 303 303 304 304 304 304 304 304 304 305 305 305 305 305 305 305 305 305 306 306 306 306 306 306 306 306 306 306 306 307 306 306 306 306 306 306 306 306 307 307 308 307 307 308 307 307 307 307 307 307 306 307 307 307 307 307 308 308 308 308 308 308 308 307 308 308 308 308 308 308 308 308 309 309 308 308 309 309 308 308 307 307 308 309 308 309 309 310 309 309 308 308 309 309 309 310 310 310 311 311 311 312 312 312 311 311 310 310 310 311 311 312 312 312 312 311 311 311 312 312 313 269 269 269 269 270 270 270 270 270 269 269 268 268 268 268 268 268 268 268 268 268 268 269 269 270 270 270 270 270 270 270 270 270 271 272 272 273 274 274 274 274 275 275 275 275 275 276 276 276 276 276 276 276 276 276 277 277 277 277 277 278 278 278 278 278 279 279 279 279 279 279 279 279 280 280 280 280 280 281 281 280 279 279 280 280 280 281 280 281 280 281 281 281 283 283 283 283 284 283 283 283 284 283 284 284 284 284 284 284 285 284 284 284 285 285 285 285 285 285 285 285 284 284 284 283 284 284 284 284 284 284 284 284 285 285 285 285 285 285 285 285 285 285 285 285 286 286 287 287 288 288 288 288 287 288 289 290 290 290 290 290 290 290 290 291 291 292 292 292 291 291 291 292 292 293 292 292 291 291 291 291 291 291 292 292 292 292 293 292 292 292 292 292 292 293 293 293 293 293 293 293 293 293 293 294 293 293 294 294 294 295 295 295 296 296 296 296 296 297 297 297 297 296 297 297 297 297 297 297 298 298 298 298 299 298 298 299 299 299 299 299 300 300 300 300 301 301 301 301 301 301 301 301 301 301 301 301 302 302 302 302 302 302 302 302 302 303 302 302 302 302 302 302 303 303 303 303 304 304 304 304 304 305 305 305 305 305 305 305 305 305 305 305 306 306 306 306 306 306 306 306 306 306 306 306 306 306 306 306 306 306 306 306 307 307 308 308 307 307 308 307 307 308 308 308 308 307 307 307 308 308 307 308 307 308 308 308 308 308 308 308 308 308 308 309 308 308 308 308 309 309 309 309 309 309 308 308 307 308 309 309 309 309 309 309 309 309 308 309 309 309 310 310 311 311 312 312 312 312 312 312 311 310 310 310 310 310 312 311 311 312 312 311 311 311 312 313 314 269 269 269 270 270 270 270 270 269 268 268 267 267 268 269 269 269 269 268 268 268 268 268 269 269 270 270 270 271 271 271 271 271 272 272 272 272 273 274 274 274 274 275 275 275 275 275 276 276 276 276 276 276 277 276 277 277 277 277 277 277 278 278 278 278 279 279 279 279 279 280 280 280 280 280 280 280 280 280 281 281 279 280 280 280 281 281 281 281 281 281 282 282 283 283 283 284 284 283 283 284 284 284 285 285 285 284 284 284 285 285 285 284 285 285 285 285 285 285 285 285 284 284 284 284 284 284 285 285 285 284 284 284 284 285 285 285 285 285 286 285 285 285 285 286 286 286 286 287 287 288 288 288 289 288 290 290 290 291 291 291 291 291 291 291 291 292 292 292 292 292 292 292 293 292 292 292 291 291 292 292 292 292 291 292 292 292 293 292 292 292 293 292 292 292 293 293 293 293 293 294 293 293 294 293 293 293 294 294 294 295 295 295 295 296 296 296 296 297 297 297 297 297 296 297 297 297 297 297 297 298 298 298 298 298 299 299 299 299 299 300 300 300 300 300 300 300 300 300 301 301 301 301 301 301 301 301 302 301 302 302 302 302 302 302 302 302 302 302 302 303 303 303 303 303 303 304 304 304 304 304 305 305 305 305 305 305 305 305 305 305 306 306 306 306 306 306 306 306 306 306 306 306 306 306 306 306 306 306 306 306 306 306 307 307 307 308 308 308 308 308 308 308 308 309 309 308 308 309 309 308 308 307 307 307 307 308 308 309 308 309 309 309 309 309 309 308 308 308 308 308 309 309 309 309 309 308 308 308 308 309 309 309 309 309 309 309 309 309 309 309 309 309 310 311 312 312 312 311 311 311 312 312 311 310 310 311 311 311 311 312 312 311 311 311 312 312 312 313 269 270 270 270 270 270 270 269 268 267 268 268 269 270 269 269 270 269 268 268 268 269 269 269 269 270 270 270 271 272 272 272 273 273 274 272 273 274 274 274 274 274 274 275 275 276 276 276 276 276 276 277 277 277 277 277 277 277 277 278 278 278 278 279 279 279 279 279 280 280 280 280 280 280 280 281 281 281 281 281 280 280 280 281 281 281 281 281 282 282 282 283 284 283 283 284 284 284 284 284 284 284 284 284 284 284 284 284 285 284 284 285 285 286 285 285 286 285 285 285 284 284 284 284 284 284 285 286 285 285 284 284 284 284 284 285 285 285 286 285 285 285 285 285 286 286 286 286 287 288 288 289 289 289 290 290 291 291 292 292 292 292 291 291 291 292 292 292 292 292 292 292 292 292 291 291 291 291 292 292 291 291 291 292 293 293 293 292 292 292 293 292 292 292 292 293 293 292 293 293 293 293 293 293 293 293 293 294 294 295 295 295 295 296 296 296 296 296 296 297 297 297 297 297 297 297 297 297 297 298 298 298 298 298 299 299 299 299 299 300 300 300 300 300 300 300 300 300 300 301 301 301 301 301 301 301 302 302 302 302 302 302 302 302 302 302 302 303 303 303 303 303 303 303 303 304 304 304 304 305 305 305 305 305 305 305 305 305 305 306 306 306 306 306 306 306 306 306 306 306 306 306 306 306 307 307 306 306 306 306 306 306 306 306 306 307 307 307 306 306 307 308 308 308 307 307 307 308 308 309 309 308 308 308 308 308 309 310 309 309 309 309 309 309 308 308 308 308 308 308 309 309 309 309 309 308 308 308 308 308 308 309 309 309 309 310 309 309 309 309 310 310 310 311 311 311 311 311 310 311 312 311 311 311 310 310 311 311 311 311 311 311 311 311 311 311 312 313 313 270 270 270 270 270 270 269 268 268 269 269 269 270 270 270 270 269 268 269 269 269 269 269 269 270 270 270 270 271 271 272 272 273 273 273 273 273 273 274 275 275 274 275 275 276 276 276 276 276 277 277 277 277 277 277 277 277 278 278 278 278 278 279 279 279 279 280 280 280 280 280 280 280 281 281 281 281 281 281 280 280 281 281 281 281 281 281 282 283 283 283 284 283 283 284 284 285 284 284 284 284 284 284 284 284 285 285 285 285 285 285 285 285 285 286 286 285 284 284 284 284 284 285 285 285 285 285 285 285 284 284 284 285 285 286 285 285 285 285 285 285 285 286 286 286 287 287 288 288 289 289 290 290 290 291 291 292 292 292 292 292 292 292 292 292 292 292 292 292 292 292 291 291 291 291 291 291 291 291 291 291 292 292 292 293 293 292 293 292 293 292 292 292 293 293 293 293 293 293 293 294 293 293 293 293 293 294 294 294 295 295 295 295 296 296 296 296 296 297 297 297 297 297 297 297 297 297 298 298 298 298 298 298 299 299 299 299 299 299 299 300 300 300 300 300 300 300 300 301 301 301 301 301 301 301 302 302 302 302 302 302 302 302 302 303 303 303 303 303 303 303 303 304 304 304 304 304 304 305 305 305 305 305 305 305 305 306 306 306 306 306 306 306 306 306 306 306 306 306 306 306 306 306 307 307 306 306 306 307 307 307 306 306 306 306 306 306 305 305 306 306 306 306 306 306 306 307 308 308 309 309 309 309 309 309 309 309 310 310 309 309 309 309 309 308 308 308 308 308 308 308 309 310 310 309 308 308 308 308 308 309 309 309 309 310 310 309 310 309 309 310 311 311 310 310 311 311 310 311 311 311 310 310 310 310 310 310 310 310 311 311 311 312 312 312 312 312 313 314 314 270 270 270 270 271 270 269 269 269 269 269 270 270 270 270 269 269 269 269 269 269 269 269 270 271 271 271 271 271 272 272 272 273 274 274 274 274 274 275 275 275 275 275 276 276 276 276 276 277 277 277 278 278 277 277 277 278 278 278 278 278 278 277 278 278 278 278 278 278 279 279 279 279 280 280 280 280 280 280 279 279 280 280 280 280 281 281 281 281 282 282 281 282 282 282 283 283 283 284 284 283 283 283 284 284 284 284 284 284 284 284 284 285 285 284 284 284 284 284 283 283 284 284 284 284 284 284 284 284 284 285 284 284 284 284 284 284 284 284 285 285 285 285 286 286 286 287 288 288 288 290 291 290 290 291 291 292 292 292 292 292 292 292 292 292 292 292 292 291 291 291 291 291 291 292 292 291 292 292 292 292 293 292 293 292 292 292 292 292 292 292 293 293 293 294 293 293 293 293 293 293 293 294 294 294 294 294 294 294 295 295 295 295 296 296 296 296 296 296 297 296 296 297 297 297 297 297 298 298 298 298 298 298 298 299 299 299 299 299 299 299 299 299 300 300 300 300 300 301 301 301 301 301 301 301 302 302 302 302 302 302 302 302 303 303 303 303 303 303 303 304 304 304 304 304 304 304 304 305 305 305 305 305 305 305 306 306 306 306 306 306 306 306 306 306 306 306 306 306 306 306 306 306 306 306 306 307 307 306 306 305 306 307 306 306 305 305 306 306 306 306 306 306 306 306 307 307 307 308 308 309 309 310 310 309 309 309 310 310 310 310 310 309 309 308 308 308 309 309 309 309 309 309 309 308 308 308 308 308 309 309 309 309 310 310 310 309 309 309 310 310 311 310 310 310 310 310 311 311 311 310 310 311 311 311 311 311 311 311 312 312 312 313 313 313 314 314 314 313 313 314 271 271 271 270 270 269 269 270 270 270 269 269 269 269 269 269 269 270 270 269 269 270 271 271 272 272 273 273 273 273 274 275 274 273 273 274 275 276 276 276 276 276 276 276 276 277 277 277 278 278 277 277 277 277 278 278 278 279 278 277 278 278 278 278 279 279 279 279 279 279 279 280 280 280 280 280 280 280 280 281 281 281 281 281 281 282 282 282 281 281 281 281 282 283 283 283 283 284 283 284 284 284 284 284 284 285 285 285 285 284 284 284 284 284 284 283 283 283 284 284 284 284 284 284 284 285 285 285 284 284 284 284 284 284 284 284 285 285 285 285 286 287 287 287 287 287 288 289 290 291 291 291 291 292 292 292 293 293 293 293 292 292 292 292 292 292 292 291 291 291 292 292 292 292 292 292 292 292 292 292 291 292 291 292 292 292 292 292 293 293 293 294 293 293 293 293 293 293 294 294 295 295 294 294 294 294 295 295 295 295 296 296 296 296 296 297 297 297 297 297 297 297 298 298 298 298 298 298 298 299 299 299 299 299 299 299 299 299 299 300 300 300 300 300 300 301 301 301 301 301 301 301 301 302 302 302 302 302 302 303 303 303 303 303 303 303 303 304 304 304 304 304 304 304 304 305 305 305 305 305 305 305 305 306 306 306 306 306 306 306 306 306 306 306 306 306 306 306 306 306 306 306 306 306 306 306 306 307 307 307 307 307 306 306 306 307 308 307 306 306 306 306 306 307 307 307 308 308 308 308 309 309 309 309 309 309 310 309 309 309 308 308 308 308 309 309 309 309 309 309 309 309 309 309 308 308 308 308 309 309 310 309 309 309 309 309 310 310 310 311 310 310 310 310 310 310 310 310 310 311 311 312 312 312 312 312 312 313 313 314 314 314 314 314 313 313 313 314 271 270 270 270 270 270 270 270 269 269 270 270 269 270 270 271 270 269 269 269 270 271 271 272 273 273 274 274 275 274 274 274 274 274 275 275 276 276 276 277 276 277 277 277 277 277 278 278 278 278 278 278 278 279 279 279 278 278 278 278 279 279 279 279 279 279 279 279 280 280 280 280 280 281 280 281 281 281 281 281 281 281 281 282 281 281 281 281 281 282 283 283 284 284 283 284 285 285 285 284 284 285 286 285 285 284 284 283 284 284 285 284 284 284 284 284 284 284 284 284 284 284 284 285 285 285 285 285 284 284 284 285 285 285 285 285 286 287 287 287 287 287 287 288 288 289 290 291 291 291 292 292 292 292 293 293 293 292 291 292 292 292 292 292 291 291 291 292 293 293 292 292 293 292 292 292 292 292 292 292 292 292 292 292 292 293 293 293 294 294 293 293 293 293 293 294 295 295 294 294 294 294 295 295 295 295 295 296 296 296 296 296 297 297 297 297 297 297 297 298 298 298 298 298 298 298 298 299 299 299 299 299 299 299 299 299 300 300 300 300 300 300 301 301 301 301 301 302 301 301 302 302 302 302 302 302 303 303 303 303 303 303 303 304 304 304 304 304 304 304 304 304 305 305 305 305 305 305 305 305 305 305 305 306 306 306 306 306 306 306 306 306 306 306 306 306 306 306 306 306 306 306 306 306 307 307 307 307 307 306 306 306 307 307 307 307 306 306 306 306 306 307 307 308 307 307 308 308 308 308 308 308 308 309 309 309 309 309 308 308 308 308 309 308 308 309 308 309 309 309 309 309 308 308 308 308 308 309 310 309 309 309 309 310 310 309 310 310 310 310 310 310 309 310 310 311 311 311 312 312 312 313 313 313 313 313 313 313 313 313 312 312 313 314 314 314 271 270 270 270 270 270 269 269 269 270 270 270 271 271 270 270 270 270 270 269 270 271 271 272 273 274 275 275 275 276 275 275 274 275 276 276 276 277 277 277 277 277 277 277 277 278 278 278 278 278 278 279 279 279 279 278 278 278 278 279 279 279 279 279 279 279 279 280 280 280 280 280 281 281 280 281 281 281 281 281 282 282 282 281 281 281 281 282 282 282 283 284 284 283 284 285 285 285 284 285 285 286 285 285 284 283 283 283 284 285 285 285 284 284 284 283 283 283 283 284 284 284 284 284 284 285 285 284 284 284 285 285 285 286 286 286 286 286 286 287 287 287 288 288 289 290 291 291 292 292 292 292 292 293 293 292 292 291 291 291 291 291 291 291 291 292 293 293 293 292 293 293 293 292 292 292 292 293 293 292 292 292 292 293 293 293 293 294 294 293 293 293 293 293 294 295 294 294 294 294 294 295 295 295 295 295 296 296 296 296 297 297 297 297 297 297 297 297 298 298 298 298 298 298 298 298 299 299 299 299 299 299 299 299 299 300 300 300 300 300 300 301 301 301 301 301 302 302 301 302 302 302 302 302 302 302 303 303 303 303 303 303 304 304 304 304 304 304 304 304 304 305 305 305 305 305 305 305 305 306 306 306 306 306 306 306 306 306 306 306 306 306 306 306 306 306 306 306 306 306 306 306 306 306 306 307 307 307 307 307 307 306 307 307 307 307 306 306 306 306 306 307 307 307 308 308 308 308 308 309 309 309 309 308 309 309 309 309 309 309 308 309 308 308 308 308 308 309 309 309 309 309 309 309 308 308 308 309 309 309 309 310 310 310 309 310 309 310 309 309 309 310 310 311 310 311 312 312 312 312 312 312 313 313 313 313 312 312 312 312 313 314 314 314 314 314 271 272 271 270 270 270 270 269 270 270 270 270 271 271 271 270 271 271 271 271 270 270 270 271 272 273 274 275 275 276 276 276 275 275 276 276 276 276 277 277 277 277 277 277 277 277 278 278 278 278 279 278 278 278 279 279 278 278 278 278 279 279 279 279 279 279 279 279 280 280 280 280 280 280 280 281 281 281 281 281 282 282 282 282 281 281 281 281 281 282 282 282 283 283 284 284 285 285 285 285 285 285 286 286 285 284 283 283 283 284 284 285 284 284 284 284 283 283 283 284 284 284 284 284 284 284 284 285 285 284 285 286 286 286 286 286 286 286 286 286 287 287 287 288 289 289 290 290 291 291 292 292 292 292 293 294 293 293 292 292 291 291 292 292 292 292 292 292 293 293 292 292 292 292 293 293 293 293 293 293 293 293 292 292 293 293 293 293 294 294 294 293 293 293 294 294 294 295 294 295 294 295 295 295 295 296 296 296 296 296 296 296 297 297 297 297 297 297 297 298 298 298 298 298 298 298 298 299 299 299 299 299 299 299 299 299 300 300 300 300 300 300 301 301 301 301 301 301 302 302 302 302 302 302 302 302 302 303 303 303 303 303 303 304 304 304 304 304 304 304 304 304 305 305 305 305 305 305 305 305 305 306 306 306 306 306 306 306 306 306 306 306 306 306 306 306 306 306 306 305 306 306 306 306 306 306 307 307 307 308 308 307 307 307 308 308 307 307 306 306 306 306 306 307 307 307 308 307 308 309 309 308 308 309 309 309 309 309 309 309 309 308 308 308 308 308 308 308 309 309 309 309 309 309 309 309 308 308 308 309 309 309 310 309 309 309 309 309 309 309 310 310 311 311 311 311 311 312 312 311 311 312 312 312 313 313 312 312 312 312 313 313 314 314 314 313 313 271 272 271 271 271 271 271 270 269 270 270 271 271 271 271 271 272 272 272 271 272 271 270 270 272 272 273 274 275 275 276 276 276 276 276 276 276 276 276 276 276 276 277 277 277 277 278 278 278 278 278 278 278 278 278 279 279 278 278 278 279 279 279 279 279 279 279 279 280 280 280 280 280 280 280 280 281 281 281 281 281 282 282 282 282 281 280 281 282 282 283 282 282 283 283 284 284 285 285 285 285 285 285 285 285 284 284 283 283 283 284 284 285 284 284 284 284 284 284 284 284 284 284 284 284 284 284 284 285 285 285 285 285 285 286 286 286 286 287 287 287 287 288 288 288 289 290 290 290 291 291 292 292 292 293 293 294 293 292 292 292 292 291 292 292 292 292 292 292 292 292 292 292 292 292 292 293 293 293 293 293 293 293 292 293 293 293 293 293 293 294 294 294 294 294 294 295 295 295 295 295 295 295 295 295 296 296 296 296 296 296 296 297 297 297 297 297 297 297 297 298 298 298 298 298 298 298 298 299 299 299 299 299 299 299 300 300 300 300 300 300 300 300 301 301 301 301 301 301 301 302 302 302 302 302 302 302 302 303 303 303 303 303 303 304 304 304 304 304 304 304 304 305 305 305 305 305 305 305 305 305 305 306 306 306 306 306 306 306 306 306 306 306 306 306 306 306 306 306 306 306 306 306 306 306 307 307 307 307 307 307 307 308 308 307 307 308 308 307 307 307 307 307 306 307 307 307 307 308 308 308 308 308 308 308 309 309 309 309 309 308 308 308 308 308 308 308 308 308 308 309 309 309 309 309 309 309 309 308 308 309 309 309 309 309 308 308 308 309 310 309 309 310 310 310 310 311 312 312 312 310 311 312 312 312 313 313 313 312 312 312 312 313 314 313 313 312 312 272 272 271 271 271 271 271 270 270 271 271 272 271 271 271 272 272 272 272 272 272 271 270 270 272 272 273 274 274 275 276 276 276 276 277 277 277 277 277 276 276 276 276 277 277 278 278 278 278 278 278 278 278 278 279 279 279 278 278 279 279 279 279 279 279 279 279 279 280 280 280 280 280 280 280 280 281 281 281 281 281 281 282 282 281 281 280 281 282 282 283 283 282 282 283 284 284 284 285 285 285 285 285 284 284 284 284 283 283 283 284 284 284 285 285 284 284 284 284 284 284 284 284 285 285 285 285 285 285 285 285 285 285 285 285 286 286 286 287 287 288 288 287 287 288 289 289 290 290 290 291 291 292 292 293 293 293 293 293 292 291 291 291 292 292 292 292 292 293 292 292 292 292 293 293 292 292 292 292 293 293 294 293 293 293 293 294 293 293 293 294 295 295 295 295 295 295 296 295 295 295 295 295 296 296 296 296 296 296 296 296 296 297 297 297 297 297 297 297 297 297 298 298 298 298 298 298 299 299 299 299 299 299 299 299 300 300 300 300 300 300 300 300 301 301 301 301 301 302 302 302 302 302 302 302 302 302 303 303 303 303 303 303 303 303 304 304 304 304 304 304 304 304 305 305 305 305 305 305 305 305 305 305 306 306 306 306 306 306 306 306 306 306 306 306 305 306 306 307 307 306 306 306 306 306 306 307 307 307 308 307 307 307 308 308 308 308 308 308 308 308 307 307 307 307 307 307 307 307 308 308 307 308 308 308 308 309 308 308 309 308 308 308 308 308 308 308 308 308 308 308 309 309 309 309 309 309 309 309 309 308 309 309 309 308 308 309 309 310 310 310 309 309 309 310 310 311 311 311 311 310 310 311 312 313 313 313 313 312 312 312 313 313 313 313 312 312 312 313 272 271 272 272 272 272 271 271 271 271 272 271 271 271 272 272 272 272 272 271 270 271 272 272 273 273 274 274 274 275 276 276 276 277 277 277 277 277 276 276 276 277 277 277 278 278 278 278 278 278 278 279 279 279 279 279 278 278 279 279 279 279 279 279 279 279 280 280 280 280 280 280 280 280 281 281 281 281 281 281 282 282 282 281 281 280 281 281 282 282 283 282 282 283 283 284 284 284 285 284 284 284 284 283 284 284 283 283 284 283 284 284 285 285 285 284 284 284 284 284 284 285 285 285 285 285 284 284 285 285 285 286 286 285 286 286 286 287 287 287 287 287 287 288 288 289 289 290 290 291 291 291 292 293 294 293 293 292 292 291 291 291 292 292 292 292 292 292 292 292 292 292 293 292 293 293 293 293 292 293 293 293 294 294 294 294 294 293 294 294 295 295 295 295 295 295 295 295 295 295 295 296 296 296 296 296 296 296 296 296 296 297 297 297 297 297 297 297 297 298 298 298 298 298 298 299 299 299 299 299 299 299 299 300 300 300 300 300 300 300 300 300 300 301 301 301 301 301 302 302 302 302 302 302 302 303 303 303 303 303 303 303 304 304 304 304 304 304 304 304 304 304 304 305 305 305 305 305 305 305 305 306 306 306 306 306 306 306 306 306 306 306 306 306 305 305 306 306 307 307 307 307 306 306 306 306 307 307 308 308 308 308 308 308 308 308 308 308 308 308 308 307 307 307 307 307 307 307 307 307 307 307 307 308 308 308 308 308 309 308 308 308 308 308 308 309 309 308 308 308 309 309 309 308 309 309 309 309 309 309 309 309 308 308 309 309 310 310 310 311 310 309 309 310 310 310 310 310 311 310 310 311 311 312 313 313 312 312 311 312 312 313 313 313 312 312 312 312 312 312 272 272 272 272 272 272 271 271 271 271 271 271 272 272 271 272 272 272 272 271 271 273 273 273 273 273 274 274 274 275 276 276 277 277 277 277 277 277 277 277 277 277 278 278 279 279 279 279 279 279 279 279 279 279 279 278 278 279 279 279 279 279 279 279 279 280 280 280 280 280 280 280 281 281 281 281 281 282 282 282 282 282 282 281 281 281 281 281 281 282 282 282 283 283 283 283 284 284 283 284 283 283 283 283 284 283 283 284 283 284 284 284 284 285 284 284 284 284 284 284 284 284 284 285 285 284 285 285 285 286 286 286 286 286 286 286 287 287 287 287 287 287 288 288 288 289 290 290 291 291 291 291 292 293 293 293 292 291 291 291 292 291 291 291 292 292 292 292 292 292 292 292 292 293 293 292 293 293 293 293 293 293 294 294 294 294 294 294 295 295 295 295 295 295 294 295 295 295 295 295 295 296 296 296 296 296 296 296 296 297 297 297 297 297 297 297 298 298 298 298 298 298 298 298 298 299 299 299 299 299 299 299 299 300 300 300 300 300 300 300 300 300 301 301 301 301 301 301 302 302 302 302 302 302 302 303 303 303 303 303 304 304 304 304 304 304 304 304 305 305 305 305 305 305 305 305 305 305 305 305 305 305 305 305 306 306 306 306 306 306 306 306 306 306 305 305 306 306 306 307 307 307 307 306 306 306 307 307 308 308 308 308 307 308 308 308 308 308 308 307 307 307 307 307 307 307 307 307 307 307 307 307 307 307 307 307 308 308 308 308 308 308 308 308 309 309 309 308 308 308 308 309 309 308 309 309 309 309 309 308 308 309 309 309 309 309 309 310 310 310 309 309 309 310 310 310 310 310 310 310 310 311 312 312 312 312 312 311 312 312 313 313 313 312 312 311 311 312 312 272 272 272 273 272 272 272 271 272 272 272 272 271 271 271 271 271 271 272 271 271 272 273 273 273 274 274 274 274 275 276 276 276 277 277 277 277 277 277 277 277 277 278 278 279 279 279 279 279 279 279 279 279 279 279 278 278 279 279 279 279 279 280 280 280 280 280 280 280 280 281 281 281 281 281 281 281 282 282 282 282 282 282 281 281 281 281 282 282 282 283 282 283 283 283 283 284 283 283 283 283 283 283 283 283 283 283 284 284 284 285 285 284 284 284 284 284 284 284 284 284 284 284 284 285 284 285 285 286 286 286 286 286 286 286 286 287 287 287 287 287 287 288 288 288 288 289 290 290 291 290 290 291 292 292 292 292 292 292 292 292 292 292 291 291 292 292 292 292 292 292 292 292 292 292 292 292 292 292 292 293 293 294 294 294 294 295 295 295 295 295 295 295 295 295 294 295 295 295 295 295 296 296 296 296 296 296 296 296 297 297 297 297 297 297 297 298 298 298 298 298 298 298 298 298 299 299 299 299 299 299 299 299 300 300 300 300 300 300 300 300 300 301 301 301 301 301 301 301 302 302 302 302 302 302 303 303 303 303 303 303 304 304 304 304 304 304 304 304 305 305 305 305 305 305 305 305 305 305 305 305 305 305 305 305 306 306 306 306 306 307 306 306 306 305 305 306 306 306 306 307 307 307 307 307 307 307 307 307 307 308 308 307 307 307 308 308 308 307 307 308 308 308 308 307 307 307 307 307 307 307 307 307 307 307 307 307 307 308 308 308 308 308 308 308 308 308 308 308 308 308 308 309 308 309 309 309 309 308 308 309 309 309 309 309 310 310 310 310 310 309 309 309 309 310 310 310 310 310 310 310 311 311 311 311 312 313 312 311 312 312 313 313 313 312 312 311 312 312 313 273 273 273 272 272 272 272 272 272 271 271 271 271 271 271 272 272 272 272 272 273 273 273 274 274 274 275 275 276 276 276 277 277 278 278 278 277 277 277 278 278 279 279 279 279 279 279 279 279 279 279 279 278 278 279 279 279 280 280 280 280 280 280 280 280 280 281 281 281 281 281 281 282 282 282 282 282 282 282 282 282 282 281 281 281 282 282 282 282 283 283 283 283 283 283 283 283 283 283 283 283 283 283 283 284 284 284 285 285 285 284 284 284 284 284 285 285 285 285 284 284 284 285 285 285 286 286 286 286 286 286 286 286 287 287 287 287 287 288 288 288 288 289 289 290 289 290 290 291 291 291 291 291 292 292 292 292 292 292 291 292 292 292 293 292 292 292 293 293 292 292 293 293 292 293 293 293 293 293 293 293 294 294 294 295 295 296 295 295 295 295 295 295 295 295 295 295 295 295 296 296 296 296 296 296 296 297 297 297 297 297 297 297 298 298 298 298 298 298 298 298 299 299 299 299 299 299 299 299 300 300 300 300 300 300 300 300 300 300 301 301 301 301 301 301 301 301 302 302 302 302 302 303 303 303 303 303 304 304 304 304 304 304 304 304 304 305 305 305 305 305 305 305 305 305 305 305 305 305 305 306 306 306 306 306 306 307 307 307 306 306 305 305 305 306 306 306 306 306 306 307 307 307 307 307 307 307 307 307 308 308 308 307 307 307 307 308 308 308 308 307 307 307 307 307 307 307 307 307 307 307 307 307 307 307 307 308 308 308 308 307 308 308 308 308 308 308 308 308 308 308 309 309 309 309 308 309 309 309 309 309 310 310 310 311 310 310 309 310 310 309 309 309 310 310 310 310 311 310 310 310 310 312 313 312 311 312 312 313 313 313 312 312 311 312 312 313 313 273 273 273 273 273 272 271 270 271 271 272 272 272 272 272 272 272 272 273 273 274 274 274 275 275 276 276 276 277 277 278 277 277 277 277 278 278 279 279 279 279 279 279 279 279 279 279 280 280 279 279 279 279 279 280 280 280 280 280 280 280 280 280 280 281 281 281 281 282 282 282 282 282 282 282 283 283 282 282 282 281 281 281 282 282 282 283 283 283 283 283 283 283 283 283 283 283 283 283 283 283 284 284 284 284 284 285 285 284 284 284 284 284 284 285 285 285 285 285 285 285 286 286 286 286 286 286 286 286 286 286 286 287 287 288 288 288 288 288 289 289 289 289 290 290 291 291 290 291 291 291 291 292 292 292 292 292 292 292 292 293 293 292 292 293 293 292 292 293 293 293 293 294 294 293 293 293 293 294 294 294 294 295 295 295 295 295 295 295 295 295 295 295 295 295 295 296 296 296 296 296 296 296 297 297 297 297 297 297 297 297 298 298 298 298 298 298 298 298 299 299 299 299 299 299 299 299 300 300 300 300 300 300 300 300 300 301 301 301 301 301 301 301 302 302 302 302 302 302 303 303 303 303 303 304 304 304 304 304 304 304 304 304 305 305 305 305 305 305 305 305 305 305 305 305 305 306 306 306 306 306 307 306 307 307 307 307 307 306 306 306 306 306 306 306 306 306 306 307 308 307 307 307 307 307 307 308 307 307 307 308 307 307 308 308 308 308 307 307 307 307 307 307 307 307 307 307 307 307 307 307 307 307 307 307 308 307 307 308 308 308 308 308 308 308 308 308 309 309 309 309 308 308 309 309 309 309 309 309 310 310 311 310 310 310 310 310 310 310 309 309 310 310 311 310 310 310 310 310 312 313 312 311 312 312 312 313 313 312 312 311 312 312 312 312 273 273 271 271 271 272 272 272 272 272 272 272 272 272 273 273 273 273 273 274 274 275 275 275 276 277 277 278 278 277 277 277 278 278 278 279 279 279 279 279 279 279 279 280 280 280 279 279 279 279 279 279 280 280 280 280 280 280 280 280 280 281 281 281 281 282 282 282 282 282 282 283 283 283 282 282 281 281 281 282 282 282 282 282 283 283 283 284 283 283 283 284 283 283 283 283 284 284 284 284 284 284 284 284 285 285 284 284 284 284 284 284 285 285 285 284 285 285 286 286 286 286 286 286 286 286 286 286 286 286 287 287 287 287 288 288 288 289 289 289 289 290 290 291 290 290 291 291 291 291 292 292 292 292 292 291 292 292 292 292 292 293 293 293 293 293 294 293 294 294 294 293 293 294 294 293 293 294 294 294 294 294 295 295 295 295 295 295 295 295 295 295 296 296 296 296 296 296 296 297 297 297 297 297 297 297 297 297 297 298 298 298 298 298 298 298 298 299 299 299 299 299 299 299 299 299 300 300 300 300 300 300 300 300 300 300 300 301 301 301 301 301 302 302 302 302 303 303 303 303 303 304 304 304 304 304 304 304 304 304 305 305 305 305 305 305 305 305 305 305 305 306 306 306 306 307 306 306 307 307 307 307 307 307 306 306 306 306 306 306 306 306 306 306 306 307 308 308 307 307 307 307 307 307 307 307 307 307 308 307 307 307 308 309 308 307 307 307 306 307 307 307 307 307 307 307 307 307 307 307 307 307 307 307 307 307 308 308 307 307 307 307 308 308 308 308 309 309 308 308 309 309 309 309 309 309 309 310 310 310 310 310 311 311 310 310 310 309 309 309 309 310 310 310 310 311 312 312 312 311 311 312 312 312 313 312 312 311 312 312 312 312 313 314 273 272 271 272 272 272 272 273 273 273 272 272 272 272 273 273 273 274 274 274 275 275 276 277 276 277 277 277 277 277 278 278 278 278 278 279 279 279 279 279 280 280 280 280 280 279 279 279 279 279 279 280 280 280 280 280 280 281 281 281 281 281 281 282 282 282 282 282 282 283 283 282 282 283 282 282 282 282 282 282 282 282 283 283 283 283 284 284 284 284 284 284 283 283 283 283 283 284 284 284 284 284 284 285 285 285 285 285 284 284 284 284 284 285 284 285 285 285 286 286 286 286 287 287 287 287 287 286 286 287 287 288 288 288 289 289 289 289 290 290 290 290 290 290 290 290 291 291 291 292 292 292 292 292 292 292 292 292 292 293 293 294 293 294 294 294 293 294 294 294 293 294 294 295 294 293 293 294 293 293 294 294 294 295 295 295 295 295 295 295 296 296 296 296 296 296 296 297 297 297 297 297 297 297 297 297 297 297 298 298 298 298 298 298 298 298 299 299 299 299 299 299 299 299 300 300 300 300 300 300 300 300 300 300 300 301 301 301 301 301 301 301 302 302 302 303 303 303 303 304 304 304 304 304 304 304 304 305 305 305 305 305 305 305 305 305 305 305 306 305 306 306 306 306 307 307 307 307 307 306 306 306 306 306 306 306 306 306 306 306 306 306 306 306 306 307 308 308 308 308 307 307 307 307 307 307 307 307 307 307 307 308 308 309 308 307 307 307 307 307 307 307 307 307 307 307 307 307 307 307 307 308 307 307 307 307 308 308 308 308 307 307 307 307 308 308 309 308 309 309 309 309 309 309 309 309 310 310 310 310 310 310 310 311 311 311 311 310 309 309 309 310 310 310 311 311 312 312 312 311 311 311 312 313 312 311 311 312 312 312 313 313 313 313 313 273 272 272 272 272 272 272 272 272 272 273 273 274 274 274 273 273 274 274 275 276 277 276 276 276 277 277 278 278 278 278 279 279 279 278 279 279 279 280 280 280 280 280 280 279 279 279 279 279 279 279 280 280 280 280 280 281 281 281 281 281 281 282 282 282 282 282 282 282 282 283 283 283 283 283 282 282 282 282 282 282 283 283 283 283 284 284 284 284 284 284 284 284 283 283 283 284 284 284 284 284 284 284 285 285 286 286 285 285 284 285 285 285 285 285 285 286 286 286 287 287 287 288 287 287 286 286 286 287 287 288 289 289 289 289 290 290 290 290 290 290 290 290 290 290 291 292 291 291 292 292 292 292 292 292 292 292 293 293 293 294 294 294 293 293 293 294 294 294 293 294 294 295 294 293 293 293 294 293 294 294 294 295 294 295 295 295 296 296 296 296 296 296 297 296 297 297 297 297 296 297 297 297 297 297 297 297 297 298 298 298 298 298 298 299 299 299 299 299 299 299 299 299 299 300 300 300 300 300 300 300 300 300 301 301 301 301 301 301 301 301 301 302 302 303 303 303 303 303 304 304 304 304 304 304 304 304 304 305 305 305 305 305 305 305 305 305 305 306 306 306 306 306 306 306 307 307 306 306 306 306 306 306 306 306 306 306 306 306 306 306 306 306 307 307 308 309 309 309 308 308 307 307 307 307 307 307 307 307 307 308 308 309 309 308 308 307 307 307 307 307 308 307 307 307 307 307 307 307 307 308 308 308 308 308 308 308 309 309 309 308 308 308 308 308 308 308 309 309 309 309 309 309 309 309 310 310 309 310 310 310 310 310 311 311 311 311 311 310 310 309 309 309 310 310 311 311 312 312 311 311 312 312 312 311 312 312 313 313 313 313 313 313 313 313 273 273 272 272 272 272 272 272 272 272 273 274 275 274 273 273 274 275 275 276 276 277 276 276 276 276 277 278 278 278 279 279 279 279 279 279 280 280 280 280 280 280 280 280 279 279 279 279 279 280 280 280 280 280 280 280 280 281 281 281 281 282 282 282 282 282 282 282 282 282 282 283 283 283 283 282 282 282 282 282 282 282 282 283 284 284 284 285 285 284 284 284 284 284 284 284 284 284 285 284 284 284 284 285 285 285 285 285 285 284 285 285 286 285 285 286 286 286 287 287 287 287 287 287 287 287 287 286 287 287 287 288 288 288 289 290 290 289 290 290 290 290 290 290 291 291 291 291 291 292 292 293 292 292 292 292 292 293 293 293 294 294 294 294 294 293 293 293 294 293 294 294 295 295 294 294 293 294 294 293 293 294 294 294 295 295 295 296 296 296 296 296 296 296 296 297 296 297 297 297 297 297 297 298 298 297 297 297 297 298 298 298 298 298 298 299 299 299 299 299 300 300 299 300 300 300 300 300 301 300 300 300 301 301 301 301 301 301 301 301 301 301 301 302 302 303 303 303 303 303 304 304 304 304 304 304 304 304 304 305 305 305 305 305 305 305 305 305 305 305 305 305 305 306 306 306 306 306 306 306 306 306 306 306 306 306 306 306 307 307 306 306 307 307 307 307 308 309 310 310 309 308 307 308 307 307 307 307 307 307 308 308 309 309 308 308 307 307 307 307 307 308 308 307 307 307 307 307 307 308 308 308 308 308 308 309 309 309 310 310 309 309 309 308 308 308 308 308 309 309 309 309 309 309 310 310 309 310 310 310 310 310 310 310 310 310 311 311 311 311 311 310 310 309 310 310 311 312 312 312 311 311 312 312 312 312 313 313 312 312 312 313 313 313 313 313 314 313 313 313 314 274 273 273 273 272 272 273 272 272 272 273 274 273 273 273 273 273 275 275 275 275 276 275 276 276 276 276 277 277 278 279 279 279 279 279 280 280 280 280 280 280 280 280 280 279 279 280 280 280 280 281 281 280 280 280 280 281 281 281 281 282 282 282 282 282 282 282 282 282 282 283 283 283 283 283 283 283 283 282 282 282 282 282 283 284 284 284 284 284 284 284 285 285 284 284 284 284 284 284 285 285 284 284 285 285 285 285 285 285 285 285 285 285 286 286 286 286 286 287 287 287 287 286 287 286 287 287 287 286 287 287 288 288 288 288 289 290 289 289 289 290 290 290 290 291 292 291 291 292 292 293 293 292 292 292 292 292 293 293 293 294 295 294 294 294 294 293 293 293 294 295 295 294 294 294 294 294 294 295 294 294 294 294 294 295 295 295 296 296 296 296 296 296 296 296 296 296 297 297 297 297 297 297 298 298 298 297 297 298 298 298 298 298 298 298 299 299 299 299 299 299 300 300 300 300 300 300 301 301 300 300 301 301 301 301 301 301 301 302 301 302 302 302 302 302 303 303 303 303 303 303 304 304 304 304 304 304 304 304 305 305 305 305 305 305 305 305 305 305 305 305 305 305 306 306 306 306 306 306 306 306 306 307 307 307 307 306 307 307 307 307 307 307 307 307 307 307 308 308 308 309 309 309 308 308 308 308 307 307 307 307 308 308 309 309 308 307 307 307 307 307 307 308 308 308 308 307 308 308 308 308 308 309 309 309 309 309 309 310 310 310 310 310 309 309 309 309 309 309 309 309 309 309 310 310 309 310 310 310 311 311 310 310 310 310 310 310 311 311 311 311 311 311 311 310 310 311 311 312 312 312 311 312 312 311 312 313 313 313 312 312 313 313 313 313 313 313 313 313 313 313 314 314 274 274 273 273 273 273 273 273 273 273 273 272 272 273 273 274 274 274 275 275 275 275 276 276 277 277 277 278 278 279 279 280 280 280 280 280 280 280 280 280 281 281 279 280 280 280 280 281 281 281 281 280 280 280 281 281 281 281 282 282 282 282 282 283 282 282 282 283 283 283 283 283 283 283 283 284 283 283 282 282 282 282 283 283 284 284 283 283 284 284 284 285 284 284 284 284 284 285 284 285 284 285 285 285 285 285 285 285 285 285 285 286 286 286 286 287 287 287 287 287 287 287 287 287 287 287 287 287 287 287 287 288 288 289 289 290 289 289 289 289 290 291 291 292 292 292 292 292 293 293 293 292 292 292 293 293 293 294 294 294 294 294 295 294 294 294 293 294 295 295 295 294 295 294 294 295 295 295 295 294 294 295 294 294 295 295 296 296 296 296 296 296 296 297 297 297 297 297 297 297 297 297 297 298 297 297 297 298 298 298 299 298 298 299 299 299 299 299 299 300 300 300 300 301 301 301 301 301 301 301 300 301 301 301 301 301 302 302 302 302 302 302 302 302 303 303 303 303 303 304 304 304 304 304 304 304 304 305 305 305 305 305 305 305 305 305 305 305 305 305 306 306 306 306 306 306 306 306 306 306 307 307 307 306 306 306 307 307 307 307 307 307 307 307 308 308 308 308 308 308 310 310 310 309 308 308 307 307 307 308 309 310 310 309 307 307 307 307 307 307 308 308 308 308 308 308 308 308 308 308 309 309 310 310 310 310 310 309 310 310 310 310 310 310 310 310 309 309 309 309 309 310 310 309 310 310 310 310 311 311 311 311 310 310 310 310 311 311 311 311 311 311 310 310 311 311 312 312 312 312 311 312 311 312 313 313 313 312 312 313 313 312 312 312 313 313 313 313 314 314 314 314 315 274 274 273 273 273 273 273 273 273 273 274 275 275 275 276 276 276 277 277 277 277 277 277 278 278 279 280 280 280 280 280 280 280 280 280 281 281 281 280 280 280 280 280 281 281 281 281 281 280 281 281 281 281 281 282 282 282 282 282 283 282 282 283 283 283 283 284 283 283 283 283 284 283 284 284 283 283 282 282 282 283 284 284 283 283 283 284 284 284 284 284 284 285 285 284 285 285 285 285 285 285 285 285 285 285 286 286 286 286 287 287 287 287 287 286 286 286 286 287 287 287 287 287 287 287 287 287 288 288 288 289 290 289 289 290 290 291 291 291 291 291 291 292 292 292 292 293 292 292 292 293 293 294 294 294 294 293 294 295 295 295 294 294 294 295 295 295 294 294 294 294 295 295 296 295 295 295 295 294 295 295 295 295 295 296 296 296 296 297 297 297 297 297 297 297 297 297 297 297 297 297 297 297 298 298 298 299 299 299 299 299 299 299 299 299 300 299 300 300 301 301 301 300 301 300 300 301 301 301 301 301 301 302 302 302 302 302 302 302 302 303 303 303 303 303 304 304 304 304 304 304 304 304 304 305 305 305 305 305 305 305 306 305 305 305 306 306 306 306 306 306 306 306 306 306 306 306 307 307 307 306 306 306 306 306 306 307 307 307 307 307 307 307 308 308 308 308 310 311 311 310 309 308 308 308 308 309 310 310 310 308 307 307 307 307 307 308 308 309 309 309 309 309 309 309 309 309 309 309 309 310 310 310 309 309 309 309 309 309 310 310 310 310 310 309 309 309 309 310 309 309 310 310 310 310 311 311 311 311 311 311 311 311 311 311 310 310 310 310 310 310 311 311 312 312 312 312 311 312 312 312 313 312 312 313 313 313 312 312 312 312 312 313 313 313 314 314 314 275 275 274 274 274 274 274 274 274 274 274 275 275 276 276 276 276 276 276 277 277 278 278 279 279 280 280 280 280 280 280 280 280 281 281 281 280 280 280 280 281 281 281 281 281 281 281 281 281 281 281 281 282 282 282 282 282 282 282 282 282 283 284 284 283 283 283 284 284 284 284 284 284 284 284 283 282 282 282 282 283 283 283 283 283 283 284 284 284 284 284 285 285 285 285 285 285 285 285 285 285 285 286 286 286 286 286 287 287 287 287 287 287 286 286 287 287 287 287 287 288 288 287 287 287 288 288 289 289 289 289 290 291 291 290 290 290 291 291 291 292 292 292 293 293 293 292 293 293 293 293 293 293 293 293 293 294 294 294 294 294 293 294 295 295 295 294 294 294 294 295 296 295 295 295 295 295 296 295 295 295 295 295 296 296 296 296 296 297 297 297 297 297 297 297 297 297 297 297 298 297 298 298 298 299 299 299 299 300 299 299 299 299 299 299 300 300 301 301 301 301 301 301 301 301 301 301 301 301 302 302 302 303 302 302 302 302 303 303 303 303 303 303 304 304 304 304 304 304 304 304 305 305 305 305 305 305 305 305 306 306 306 306 306 306 306 306 306 306 306 306 306 306 306 306 307 307 307 307 307 306 306 306 306 306 306 307 307 307 307 307 307 308 308 308 309 310 311 311 311 311 310 309 308 310 311 311 310 309 309 308 307 307 307 308 308 308 309 309 309 309 309 309 309 310 310 310 309 309 309 309 309 309 309 309 309 309 309 309 309 309 310 310 310 310 309 310 310 310 310 310 310 310 310 310 311 310 311 311 311 312 312 311 311 310 310 310 310 310 310 310 311 311 312 311 311 312 313 312 312 312 312 312 313 313 313 312 312 312 312 312 312 313 313 314 274 275 275 275 275 275 275 275 276 276 276 277 278 278 278 278 279 279 280 280 280 280 280 280 280 281 281 281 281 280 280 280 280 281 281 281 281 281 281 281 281 281 281 281 282 282 282 282 282 282 282 282 283 283 283 283 283 283 283 283 284 284 284 284 284 284 284 284 284 284 283 283 282 282 282 282 282 282 283 283 283 284 284 284 284 285 285 285 285 285 285 285 285 285 285 285 286 286 287 287 286 287 287 287 288 287 287 287 287 287 287 288 288 288 288 287 287 287 287 288 288 289 289 289 290 290 290 290 290 291 291 291 292 292 292 293 293 293 293 293 293 293 293 293 293 293 294 294 294 293 293 294 293 294 294 294 295 295 295 295 294 294 294 295 296 296 295 295 295 295 296 296 295 295 295 296 295 295 296 296 296 297 296 296 297 297 297 297 297 297 297 297 297 298 298 298 298 299 299 299 299 299 299 299 299 299 299 300 300 301 300 300 301 301 301 301 301 301 301 301 301 301 302 303 303 302 302 302 303 303 302 303 303 303 303 304 304 304 304 304 304 304 304 304 305 305 305 305 305 305 305 305 306 306 306 306 306 306 306 306 306 306 306 306 306 307 307 307 306 307 307 307 307 306 306 307 307 306 307 307 307 307 307 307 307 307 308 308 308 308 310 311 311 311 311 311 310 311 311 311 311 310 310 309 308 307 307 307 308 308 309 310 310 310 310 310 310 310 310 310 309 309 309 309 309 309 309 309 309 309 309 309 309 309 309 310 310 310 310 310 310 310 310 310 310 310 310 310 310 310 310 311 311 312 312 311 312 311 310 310 310 310 310 310 310 310 310 311 311 312 312 312 311 312 312 313 313 313 313 313 312 312 312 312 313 313 313 314 274 275 275 275 276 276 277 277 278 278 279 278 278 279 279 280 280 280 280 280 281 281 281 281 281 282 280 280 280 281 281 281 281 281 281 281 281 281 281 282 282 282 282 282 282 282 282 282 283 283 283 283 283 283 284 284 283 283 284 283 283 284 284 284 284 285 285 284 284 283 283 283 284 284 284 283 282 283 283 284 284 284 285 285 285 285 285 285 285 285 285 285 285 286 286 286 287 287 287 287 287 288 287 287 287 287 287 287 288 288 288 287 287 287 288 288 288 288 289 288 289 290 290 290 290 290 291 291 292 291 292 292 293 293 293 293 294 294 293 293 294 293 294 294 294 294 293 294 295 295 294 294 294 294 295 295 295 295 294 294 295 296 296 296 296 296 295 296 296 296 295 295 296 296 295 295 296 296 296 296 296 296 297 297 297 297 297 297 297 297 298 298 298 298 299 299 299 299 299 299 299 299 300 300 300 300 300 300 300 301 301 302 302 301 302 302 301 301 301 302 303 303 302 303 303 303 303 303 303 303 303 303 304 304 304 304 304 304 304 304 305 305 305 305 305 305 305 305 305 305 306 306 306 306 306 306 306 306 306 306 306 306 307 307 307 307 307 307 307 307 307 307 307 307 307 307 307 307 307 307 307 307 307 308 308 308 308 308 310 311 311 311 311 311 311 311 311 311 311 311 310 309 308 307 307 308 308 308 309 309 310 310 310 310 310 310 310 310 310 309 309 309 309 309 309 309 309 310 310 310 310 310 310 310 310 310 310 310 310 310 310 310 310 310 310 310 310 310 310 311 311 311 311 312 312 311 311 311 311 310 310 310 310 310 310 310 310 311 311 311 312 312 312 312 312 312 312 312 312 312 312 312 312 312 313 314 274 275 276 276 277 277 276 277 278 279 279 279 278 278 279 280 280 280 280 280 281 281 281 281 281 282 281 281 281 281 281 281 281 281 281 281 281 281 281 282 282 282 282 282 282 283 282 282 282 282 283 282 283 283 283 284 283 283 283 284 284 284 284 284 284 285 285 285 285 285 284 284 284 284 284 284 283 283 283 284 284 284 284 285 285 285 285 285 285 285 286 286 286 286 286 286 286 287 287 288 288 288 288 287 288 288 288 287 288 288 288 288 287 287 288 288 288 288 288 289 290 290 290 290 290 290 291 291 291 291 292 292 292 293 293 294 294 294 294 294 293 294 294 294 294 294 294 295 295 295 294 294 294 294 295 295 296 296 295 295 296 297 296 296 295 295 295 295 296 296 296 296 296 296 295 295 295 296 296 296 296 296 296 296 297 297 297 297 297 298 298 298 299 299 299 299 299 299 299 299 299 299 300 300 300 300 300 300 300 300 301 301 302 302 302 302 302 302 302 302 303 303 303 303 303 303 303 303 303 303 303 303 304 304 304 304 304 304 304 304 305 305 305 305 305 305 305 305 305 305 305 305 306 306 306 306 306 306 306 306 306 306 306 307 307 307 307 307 308 308 307 307 307 306 307 307 307 307 307 307 307 308 308 308 308 308 308 308 308 310 311 311 312 311 311 311 311 311 311 310 310 309 309 308 307 307 308 308 308 309 309 309 310 310 310 310 309 309 309 309 309 309 309 309 309 309 309 310 310 310 310 310 310 310 310 310 310 310 310 310 310 310 310 310 310 310 310 310 310 311 311 311 311 311 311 312 312 312 311 312 312 312 312 311 311 311 310 310 311 311 311 311 312 312 312 312 311 311 312 312 312 312 312 313 313 273 275 276 276 277 277 277 277 277 278 278 279 279 278 278 279 280 280 280 280 281 281 281 281 281 281 281 280 281 281 281 281 281 281 281 281 282 282 282 282 282 282 282 283 283 283 283 283 282 282 282 282 282 283 283 283 283 283 283 284 284 284 284 285 284 284 285 285 285 285 285 285 284 284 284 284 284 284 283 283 283 284 284 284 284 285 285 285 285 285 286 286 286 286 286 287 287 287 287 287 287 288 288 288 288 289 289 288 288 288 289 288 288 288 288 288 288 288 288 288 289 289 289 290 290 290 290 290 291 291 291 291 292 293 293 293 293 294 295 295 295 294 294 295 295 295 295 295 296 296 295 295 294 294 294 295 295 296 296 296 295 296 296 297 297 296 295 296 295 295 296 296 296 296 296 296 296 296 296 296 296 296 296 297 297 297 297 297 297 297 298 298 298 298 299 299 299 299 300 300 299 299 299 300 299 299 300 300 300 300 300 300 301 302 302 301 302 302 302 302 303 303 303 303 303 303 302 303 303 303 303 303 303 304 304 304 304 304 304 304 305 305 305 305 305 305 305 305 305 305 305 305 305 305 306 306 306 306 306 306 306 306 306 306 306 306 307 307 307 307 307 308 308 307 307 307 307 308 308 307 307 307 307 308 308 308 308 308 308 308 310 310 311 311 311 311 311 311 311 311 310 310 309 309 309 308 308 308 308 308 309 309 309 310 310 310 309 310 310 310 310 310 309 309 309 309 309 309 309 309 310 310 310 310 310 310 310 310 310 310 310 310 310 310 310 310 310 310 310 310 311 311 311 311 311 311 311 311 311 312 311 311 312 312 312 312 312 311 310 310 311 311 312 312 312 312 312 312 312 312 312 312 312 313 313 313 275 276 276 276 276 277 277 278 278 279 279 279 278 278 279 280 280 280 280 281 281 281 281 281 281 281 280 281 281 281 281 281 281 281 281 282 282 282 282 282 282 282 283 283 283 283 283 283 282 282 282 282 283 283 283 283 283 284 284 284 284 284 284 284 284 285 285 285 285 285 284 284 284 284 283 283 283 283 284 284 284 285 285 285 285 285 285 285 285 285 286 286 286 286 286 286 287 287 287 288 288 288 289 289 289 289 289 289 289 289 289 288 288 289 289 288 288 288 288 288 288 289 290 289 290 290 291 291 291 291 292 292 293 292 293 293 294 294 295 295 295 295 296 295 295 295 295 296 296 296 295 294 295 295 295 296 296 297 296 296 296 296 296 296 296 296 296 295 295 296 296 296 296 296 296 296 296 296 296 296 296 296 297 297 297 297 298 298 297 297 298 298 298 298 299 299 299 299 299 299 299 299 299 300 300 300 300 301 301 301 301 301 302 302 301 301 301 301 302 302 302 303 303 302 302 302 303 303 303 303 303 303 304 304 304 304 304 304 304 304 305 305 305 305 305 305 305 305 305 305 305 305 305 305 306 306 306 306 306 306 306 306 306 306 306 306 307 306 307 307 308 308 308 308 308 307 308 307 307 307 307 307 308 308 308 308 308 308 308 308 309 310 310 310 311 311 311 311 311 311 310 309 309 308 308 308 308 308 309 309 309 309 309 310 309 309 309 310 310 310 310 310 309 309 309 309 309 309 309 309 309 310 310 310 310 310 310 310 310 310 310 310 310 310 310 310 310 310 310 310 311 311 311 311 311 311 311 311 312 311 311 311 311 311 312 312 312 312 311 311 311 311 312 312 312 312 312 312 312 313 313 313 312 312 313 275 276 276 277 277 278 279 279 279 279 279 278 279 279 280 280 280 280 281 281 281 281 281 282 281 281 281 281 281 281 281 281 281 281 282 282 282 282 282 282 283 283 283 283 283 283 283 283 283 283 283 283 283 283 283 284 284 284 284 284 284 284 285 285 285 285 285 285 284 283 283 283 284 284 284 284 285 284 284 285 285 285 285 285 285 285 285 285 286 286 286 286 286 287 286 287 287 288 288 288 288 289 289 289 289 289 289 290 290 289 289 290 289 289 288 288 288 288 289 289 289 290 291 291 291 291 291 291 292 292 292 292 292 293 295 295 295 294 295 295 296 295 295 295 295 295 295 296 296 295 295 296 296 296 296 296 297 297 296 296 297 296 296 296 296 296 296 295 296 296 296 296 296 296 296 296 297 296 296 296 296 297 297 297 298 298 298 298 298 298 298 298 298 299 299 299 299 299 299 300 300 300 300 300 300 300 301 301 302 301 301 301 301 301 301 301 301 302 302 302 302 302 302 302 303 303 303 303 303 303 304 304 304 304 304 304 304 305 305 305 305 305 305 305 305 305 305 305 305 305 305 305 306 306 306 306 306 306 306 306 306 306 306 306 306 306 307 307 307 307 308 308 308 308 308 307 308 307 307 307 307 308 308 308 308 308 308 308 308 308 308 309 310 311 311 311 311 311 311 310 309 309 308 308 308 308 309 309 309 309 309 309 309 309 310 310 310 310 310 310 310 309 310 310 310 310 310 309 309 310 310 309 310 310 310 310 310 310 310 310 310 310 310 310 310 310 310 310 310 310 310 310 311 311 311 311 311 311 311 311 311 311 311 312 312 312 311 311 311 311 311 312 312 312 312 312 312 312 312 312 312 313 277 278 278 279 279 279 279 279 279 279 279 280 280 281 281 281 281 282 282 282 281 281 281 281 281 281 281 282 282 282 282 282 282 282 282 283 283 283 283 283 283 283 283 283 283 283 283 283 283 283 284 284 284 284 284 284 284 285 285 285 285 285 285 285 284 284 284 284 285 284 284 285 285 285 285 285 285 285 285 285 286 286 286 286 286 286 286 286 286 287 287 287 287 287 288 288 288 288 288 289 289 289 289 289 290 290 290 290 290 289 289 289 289 289 289 289 289 290 290 291 291 291 291 292 292 292 292 293 293 293 294 294 294 294 295 295 296 296 296 296 296 295 295 295 296 296 296 297 297 296 296 296 297 297 297 297 297 297 296 296 296 296 296 296 296 296 296 296 296 296 296 296 297 297 296 296 296 297 298 298 298 298 298 298 298 298 298 298 299 299 299 300 299 299 300 300 300 300 300 300 300 300 301 301 301 301 301 301 301 301 301 301 302 302 302 302 302 302 302 302 303 303 303 303 303 303 304 304 304 304 304 304 304 305 305 305 305 305 305 305 305 305 305 305 305 305 305 305 305 306 306 306 306 306 306 306 306 306 306 306 306 307 307 307 307 307 307 308 308 308 308 308 308 308 307 307 307 307 308 308 308 308 308 308 308 308 308 309 310 310 311 311 311 311 311 310 310 309 309 308 308 308 308 309 309 309 309 309 309 309 309 310 310 310 310 310 310 309 310 310 310 310 310 309 309 310 310 310 309 309 310 310 310 310 310 310 310 310 310 310 310 310 310 310 310 310 310 311 311 311 311 311 311 311 311 311 310 311 311 311 311 312 312 312 312 312 311 311 312 312 312 312 312 312 312 312 312 312 277 277 278 279 279 279 279 279 279 280 280 281 281 282 282 282 281 281 281 281 281 281 281 282 282 282 282 282 282 282 283 283 283 283 283 283 283 283 283 284 284 283 283 283 283 283 283 284 284 284 284 284 284 285 285 285 285 285 285 285 285 284 284 284 285 285 284 284 285 285 284 284 285 285 285 285 285 286 286 286 286 286 286 286 286 286 287 287 287 288 288 288 288 289 289 288 288 288 288 288 289 289 289 289 290 290 290 289 289 289 289 289 289 290 291 290 291 291 291 292 291 292 292 293 293 293 294 294 293 294 295 296 296 296 296 297 296 296 295 295 295 296 296 296 296 296 296 296 296 297 297 297 297 297 297 297 296 296 296 296 296 297 296 297 296 296 296 296 297 297 297 296 296 297 298 298 298 298 298 298 298 298 298 298 298 299 299 299 299 299 300 300 300 300 300 300 300 301 301 301 301 301 301 301 301 301 301 301 302 302 302 302 302 302 302 303 303 303 303 303 303 303 304 304 304 304 304 304 304 304 304 304 304 304 304 304 304 304 305 305 305 305 305 305 305 305 306 306 306 306 306 306 306 306 306 306 306 307 307 307 307 307 307 307 307 308 308 308 308 308 307 307 307 307 308 308 308 308 308 308 308 308 308 308 308 308 309 310 311 311 311 310 310 309 309 309 309 309 309 309 309 309 309 309 309 309 309 309 309 310 310 310 310 310 310 310 310 310 310 309 309 310 310 310 310 310 309 310 310 310 310 310 310 310 310 310 310 310 310 310 310 310 310 311 311 311 311 311 311 311 311 311 310 310 310 310 311 311 311 312 312 313 312 312 311 312 311 312 312 312 312 312 277 279 279 279 280 280 281 282 282 281 281 281 281 281 281 282 282 282 282 282 282 283 283 283 283 283 283 283 283 284 284 283 283 284 284 284 283 283 283 284 284 284 284 284 284 284 285 285 285 285 285 285 285 285 284 284 284 285 285 284 284 285 285 284 285 285 285 286 286 286 285 286 286 286 286 286 287 287 287 287 287 288 288 288 288 288 289 289 289 289 289 289 289 289 289 289 289 290 290 290 290 290 289 289 289 289 290 290 290 291 291 291 291 292 292 293 293 293 293 293 293 294 294 295 295 295 296 296 296 296 296 295 295 295 296 296 296 296 296 296 296 296 296 297 296 297 297 297 296 296 296 296 296 297 297 297 297 296 296 296 296 297 297 297 297 296 297 298 298 298 298 298 298 299 298 298 298 298 298 299 299 299 299 300 300 300 300 300 300 300 300 301 301 301 301 301 301 301 301 301 301 302 302 302 302 302 302 303 303 303 303 303 303 303 304 304 304 304 304 304 304 304 304 304 304 304 304 304 305 305 305 305 305 305 305 305 306 306 305 306 306 306 306 306 306 306 306 306 306 306 306 306 306 307 307 307 307 307 307 308 308 308 308 308 308 308 308 308 308 308 308 308 308 308 308 308 308 308 308 308 309 309 310 310 310 310 309 309 309 309 309 309 309 309 309 309 309 309 309 309 309 309 310 310 310 310 310 310 310 310 310 310 310 310 310 310 310 310 310 310 309 310 310 310 310 310 310 310 310 310 310 310 310 310 310 311 311 311 311 311 311 311 311 311 311 310 310 310 310 310 310 310 311 312 312 313 313 312 312 311 312 312 312 312 282 282 282 281 281 281 281 281 281 282 282 282 282 282 283 283 283 283 283 283 283 283 283 284 284 284 284 284 284 284 284 284 284 284 284 284 284 284 284 284 285 285 285 285 285 285 285 285 285 285 285 285 284 284 285 285 285 285 285 285 285 285 286 286 286 286 286 287 287 287 287 287 287 287 287 288 288 288 289 288 289 289 289 289 289 290 290 290 289 289 289 289 290 290 290 290 290 290 290 289 290 290 290 291 291 291 291 292 292 292 292 292 293 293 294 295 295 295 295 295 296 295 296 296 296 295 295 295 296 296 296 296 297 297 297 296 296 296 297 297 297 297 297 296 296 296 297 297 297 297 297 297 296 296 296 297 297 297 297 297 297 297 297 297 298 298 298 299 299 299 299 298 298 299 299 299 299 299 300 300 300 300 300 300 300 301 300 301 301 301 301 301 301 301 301 302 302 302 302 302 302 303 303 303 303 303 303 304 304 304 304 304 304 304 304 304 304 304 304 304 304 305 305 305 305 305 305 305 305 305 306 306 306 306 306 306 306 306 306 306 306 306 306 306 306 306 306 307 307 307 307 307 307 308 308 308 308 308 309 308 308 308 308 308 308 308 308 308 308 308 308 308 308 308 308 308 309 309 309 310 309 309 309 309 309 309 308 309 309 309 309 309 309 309 309 309 309 310 310 310 310 310 310 310 310 309 309 310 310 310 310 310 310 310 310 310 310 310 310 310 310 310 310 310 310 310 310 310 310 311 311 311 311 311 311 311 311 311 311 311 311 311 311 311 311 311 311 311 311 311 312 312 312 311 311 282 282 281 281 281 281 281 281 282 282 282 282 282 283 283 283 283 283 283 283 283 283 283 283 284 284 284 284 284 284 284 284 284 284 284 284 285 285 285 285 285 285 285 285 285 285 285 285 285 285 285 284 285 285 285 285 286 285 285 285 285 286 286 286 286 286 286 286 287 287 287 287 287 288 288 288 289 289 290 289 290 289 289 289 290 289 290 289 289 290 289 289 289 289 289 289 289 290 290 290 290 290 291 291 291 291 291 292 292 293 293 294 294 295 295 295 295 295 295 295 296 296 297 296 295 295 295 295 295 295 296 296 297 297 297 297 297 297 297 297 297 296 296 296 296 296 297 296 297 297 297 297 296 296 297 298 297 297 297 297 297 298 298 298 298 299 299 299 299 299 299 299 299 299 299 299 299 299 300 300 300 300 300 300 300 300 301 301 301 301 302 301 301 301 301 302 302 302 302 302 302 302 303 303 303 303 304 304 304 304 304 304 304 304 304 304 304 304 304 304 305 305 305 305 306 305 305 305 305 305 305 306 306 306 306 306 306 306 306 306 306 306 306 306 307 306 307 307 307 307 307 307 308 308 308 308 308 308 309 309 308 308 308 308 308 308 308 308 308 308 308 309 308 308 308 308 309 309 309 310 310 309 309 309 309 308 309 309 309 309 309 309 309 309 309 309 310 310 310 310 310 310 310 310 310 309 310 310 310 310 310 310 310 310 310 310 310 310 310 310 310 310 310 310 310 310 310 310 311 311 311 311 311 311 311 311 311 311 311 311 311 311 311 311 311 311 311 311 311 311 311 312 282 282 281 281 281 281 281 282 282 282 282 282 282 282 282 283 283 283 283 283 284 284 284 284 284 284 284 284 284 284 284 284 284 285 285 285 285 285 285 285 285 285 285 285 285 285 285 285 285 285 284 285 285 286 286 286 286 285 285 285 285 286 287 287 287 286 287 287 287 287 287 288 288 288 288 289 289 289 290 290 290 290 290 290 289 289 289 289 289 289 290 290 290 290 290 290 290 290 290 290 290 290 291 291 291 292 292 292 293 294 294 294 294 294 295 295 295 295 295 295 296 297 296 296 296 295 295 296 296 296 296 296 296 297 297 297 297 297 297 297 297 297 296 296 296 296 296 296 296 297 297 297 297 297 297 297 297 297 297 297 297 298 298 298 299 299 299 299 299 300 299 299 299 299 299 299 299 300 300 300 300 300 300 300 300 300 300 301 301 301 301 302 302 302 302 302 302 302 302 302 302 302 303 303 303 303 304 304 304 304 304 304 304 304 304 304 304 304 304 305 305 305 305 305 305 305 305 305 305 305 306 306 306 306 306 306 306 306 306 306 306 306 306 306 306 307 307 307 307 307 307 307 308 308 308 308 308 308 309 309 308 308 308 308 308 308 308 308 308 308 308 308 308 308 308 309 309 308 309 309 309 310 310 310 309 309 309 309 309 309 309 309 309 309 309 309 310 310 310 310 310 310 310 310 310 310 310 310 309 309 310 310 310 310 310 310 310 310 310 310 310 310 310 310 310 310 310 311 310 311 311 311 311 311 311 311 311 311 311 311 311 311 311 311 311 311 311 311 311 311 311 311 282 281 281 281 282 282 281 282 282 282 282 282 283 282 283 283 283 283 283 283 284 284 284 284 284 284 284 284 284 284 285 285 285 285 285 285 285 285 285 285 285 286 285 285 285 285 285 285 285 285 285 285 286 286 285 285 285 286 285 285 286 286 286 287 287 288 287 288 288 288 288 289 289 289 289 289 290 290 290 290 290 290 290 290 290 290 290 290 290 289 289 289 290 290 290 290 290 290 290 290 290 291 291 291 292 293 293 293 293 294 294 294 294 295 295 295 295 295 295 296 296 296 297 296 296 296 296 296 296 296 296 296 296 296 297 297 297 297 297 297 297 296 296 296 297 297 297 296 296 296 297 297 297 297 297 297 297 298 297 297 298 298 298 299 299 299 299 299 300 300 300 300 300 300 300 300 300 300 300 300 300 300 300 300 300 301 301 301 301 301 301 302 302 302 302 302 302 302 302 302 302 303 303 303 303 304 304 304 304 304 304 304 304 304 304 304 304 304 304 305 305 305 305 305 305 305 305 305 306 306 306 305 306 306 306 306 306 306 306 306 306 306 306 307 307 307 307 307 307 307 307 307 308 308 308 308 308 309 309 308 308 308 308 308 308 308 308 308 308 308 308 309 309 309 309 308 308 308 309 309 309 309 310 309 309 309 309 309 309 309 309 309 309 309 309 309 310 310 310 311 311 311 310 310 310 310 310 309 309 309 310 311 310 310 310 310 310 310 310 310 310 310 310 310 310 310 310 310 310 310 311 311 311 311 311 311 311 311 311 311 311 311 311 311 311 311 311 311 311 311 282 281 281 281 281 282 282 282 282 282 282 282 283 283 283 283 283 283 283 283 284 284 284 284 284 284 284 284 284 284 284 284 285 284 284 285 285 285 285 285 285 285 286 286 285 285 285 284 285 285 285 286 286 286 285 285 285 285 285 286 286 287 287 287 287 287 288 288 288 288 289 289 289 289 289 289 289 290 290 290 290 290 290 290 290 290 290 290 290 290 289 289 289 289 290 290 290 290 290 290 290 291 291 291 292 293 293 292 293 294 294 294 294 295 295 295 295 295 296 295 295 296 296 297 296 297 296 295 296 296 296 296 296 296 296 297 297 297 297 298 297 297 297 296 297 297 297 297 297 297 296 297 297 297 298 297 298 298 298 297 298 298 298 298 298 299 299 299 299 299 300 300 300 300 300 301 301 300 300 300 300 300 300 301 301 301 301 301 301 301 301 301 301 301 302 302 302 302 302 302 302 303 303 303 303 303 304 304 304 304 304 304 304 304 304 304 304 304 304 305 305 305 305 305 305 305 305 306 306 305 305 305 306 306 306 306 306 306 306 306 306 306 306 307 307 307 307 307 307 307 307 307 308 308 308 308 308 308 309 309 308 308 308 308 307 307 308 308 308 308 308 309 309 309 308 308 308 308 309 308 309 308 309 309 309 309 309 309 309 309 309 309 309 309 309 309 309 310 310 310 310 311 311 311 310 311 310 310 310 309 310 311 311 310 310 310 310 310 310 310 310 310 310 310 310 310 310 310 310 310 310 311 311 311 311 311 311 311 311 311 311 311 311 311 311 311 311 311 311 311 282 282 282 282 282 282 282 282 282 282 283 283 283 283 283 283 283 283 284 284 284 284 284 284 284 284 284 284 284 284 284 284 284 285 285 285 285 285 286 286 286 285 285 285 285 285 285 285 286 286 285 285 285 285 285 285 285 286 287 288 288 287 287 288 288 288 288 288 289 289 289 289 289 289 289 290 290 290 290 290 291 291 290 290 290 290 290 290 290 290 290 290 290 289 290 290 290 290 291 291 291 292 292 292 292 292 293 293 294 294 294 295 295 295 295 295 295 295 296 296 296 296 296 296 296 295 295 296 296 297 297 297 297 296 297 297 297 297 297 297 297 297 297 297 298 298 297 297 297 297 297 298 298 298 298 298 297 297 298 298 298 298 298 298 298 298 299 299 299 300 300 300 300 301 301 301 301 300 300 301 301 301 301 300 301 301 301 301 301 301 301 301 301 302 302 302 302 302 302 303 303 303 303 303 303 303 304 304 304 304 304 304 304 304 304 304 304 305 305 305 305 305 305 306 306 306 305 305 305 305 306 306 306 306 306 306 306 306 306 306 306 306 306 307 307 307 307 307 307 308 308 308 308 308 308 309 308 308 309 309 308 308 308 307 307 308 308 308 308 308 308 308 308 308 308 309 309 308 308 308 308 308 309 309 309 309 309 309 309 309 309 309 309 309 309 309 310 310 310 311 311 311 311 311 311 310 310 310 310 310 311 311 310 310 310 310 310 310 310 310 310 310 310 310 310 310 310 310 310 311 311 311 311 311 311 311 311 311 311 311 311 311 311 311 311 311 311 282 282 282 282 282 282 283 283 283 283 283 283 283 283 283 284 283 284 284 284 284 285 284 284 284 283 284 284 284 284 284 285 285 285 285 285 285 286 286 285 286 286 286 285 285 285 285 286 286 286 285 285 286 286 285 286 286 286 287 287 287 287 287 287 287 287 288 288 288 288 289 289 290 290 290 290 289 289 289 290 290 290 290 291 290 290 290 290 290 290 290 290 290 290 290 290 290 291 291 291 291 291 292 292 292 293 293 293 294 295 294 295 295 295 295 295 295 296 296 297 297 296 296 296 296 296 296 296 296 296 297 297 296 297 297 297 297 297 297 297 297 297 298 298 298 298 298 297 297 297 298 298 298 298 298 297 297 298 298 298 298 298 298 298 299 299 299 299 299 299 300 300 300 300 301 301 301 301 300 300 300 301 301 301 301 301 301 301 301 301 301 301 302 302 302 302 302 302 303 303 303 303 303 303 303 303 304 304 304 304 304 304 304 304 304 304 305 305 305 305 305 305 305 305 305 305 305 305 305 306 306 306 306 306 306 306 306 306 306 306 307 307 306 307 307 307 307 307 308 308 308 308 308 308 308 309 309 309 309 309 308 308 308 308 308 308 308 308 308 308 308 308 308 308 308 308 308 308 309 309 308 308 309 309 309 309 309 309 309 309 309 309 309 309 309 309 310 310 310 311 311 311 310 310 310 311 311 310 310 310 311 311 310 310 310 310 310 310 310 311 310 310 310 310 310 310 311 311 310 310 311 311 311 311 311 311 310 311 311 311 311 311 311 311 311 311 282 282 283 283 283 283 283 283 283 283 283 283 284 284 284 284 284 284 284 284 284 284 284 284 285 285 285 285 285 285 285 285 285 285 285 286 286 286 286 286 285 285 286 286 286 286 286 286 286 286 285 285 286 286 286 286 287 287 287 287 287 288 288 288 288 288 289 289 289 290 290 290 290 290 289 289 289 290 290 290 290 291 291 290 290 290 290 290 290 290 290 290 290 290 290 290 291 291 292 292 292 292 292 292 293 294 294 294 295 295 295 295 295 295 296 296 297 297 297 296 296 296 296 296 296 296 296 296 297 296 296 297 297 297 297 297 297 298 298 298 298 298 298 298 298 298 297 297 297 297 297 297 297 297 298 299 298 298 299 299 299 299 299 299 300 300 300 300 300 300 300 301 301 301 300 300 301 301 301 301 301 301 301 301 301 301 301 301 301 302 302 302 302 302 302 302 303 303 303 303 303 303 303 303 304 304 304 304 304 304 304 304 305 305 305 305 305 305 305 305 305 305 305 305 305 306 306 306 306 306 306 306 306 306 306 306 306 306 306 306 306 307 307 307 307 308 308 308 308 308 308 308 308 308 309 309 309 309 308 308 308 308 308 308 308 308 308 308 308 308 308 308 308 308 308 308 308 308 308 308 308 308 309 309 309 309 309 309 309 309 309 309 310 310 311 310 311 311 311 310 311 310 311 311 310 310 310 310 310 311 310 310 310 310 310 310 310 310 310 310 310 310 310 311 311 311 310 310 310 310 310 310 310 311 310 310 311 311 311 311 311 283 283 283 283 283 283 283 283 283 283 284 284 284 284 284 284 284 284 285 285 284 284 284 285 285 285 285 285 285 285 285 285 285 285 285 285 285 286 286 286 286 286 286 286 286 286 286 286 286 286 286 286 287 287 287 288 288 287 288 288 288 288 289 289 289 289 289 290 290 290 290 290 289 289 289 290 289 289 289 290 290 290 291 291 291 290 290 290 290 290 290 290 290 290 291 291 292 292 292 292 292 293 292 293 294 294 294 295 295 295 296 296 296 296 297 297 297 297 296 297 297 297 296 296 296 296 296 296 297 297 297 297 297 298 298 297 298 298 298 298 299 299 298 298 298 298 297 297 297 297 297 297 297 298 298 298 299 299 299 299 299 300 300 300 300 300 300 300 301 301 301 301 301 301 301 301 301 301 301 301 301 301 301 301 301 301 301 301 302 302 302 302 302 302 302 303 303 303 303 303 303 303 303 304 304 304 304 304 304 304 304 305 305 305 305 305 305 305 305 305 305 305 305 305 306 306 306 306 306 306 306 306 306 306 306 306 306 306 306 306 306 307 307 307 308 308 308 308 308 307 308 308 308 308 309 309 308 308 307 307 308 308 308 308 308 308 308 308 308 308 308 308 308 308 308 308 308 308 308 308 308 309 310 309 309 309 309 309 309 309 309 309 310 310 310 311 311 311 311 311 310 311 311 311 310 310 310 310 310 310 310 310 310 310 310 310 310 310 310 310 310 310 310 310 310 310 310 309 309 309 309 310 310 310 310 310 311 283 283 283 283 283 283 283 283 283 283 284 284 283 284 284 284 284 284 285 285 285 284 284 284 285 285 285 285 285 285 285 285 285 285 285 285 286 286 286 286 286 286 286 286 286 286 286 286 287 286 286 287 287 287 288 288 288 288 288 288 288 289 290 290 289 289 289 290 290 290 290 289 290 290 290 290 290 290 290 290 289 290 290 291 291 291 291 290 290 290 290 290 290 291 291 292 292 292 292 292 293 293 293 293 293 294 294 294 294 295 295 295 295 296 296 297 297 297 296 296 297 297 296 296 296 296 296 296 296 297 297 297 297 298 298 298 298 298 298 298 298 299 299 299 298 298 297 298 298 298 297 297 297 298 298 298 299 299 299 299 300 300 300 300 300 301 300 300 300 301 301 302 302 302 302 302 302 301 301 301 301 301 301 301 301 302 302 301 302 302 302 302 302 302 302 303 303 303 303 303 303 303 303 304 304 304 304 304 304 304 304 305 305 305 305 305 305 305 305 305 305 305 305 306 306 306 306 306 306 306 306 306 306 306 307 306 306 306 307 307 306 307 307 307 308 308 308 308 308 307 308 308 308 308 308 308 308 308 308 308 307 308 309 308 308 307 307 307 308 308 308 308 308 307 308 308 308 309 308 309 309 308 309 309 309 309 309 309 310 310 309 310 310 310 310 311 311 311 311 311 311 311 311 311 310 310 309 309 310 310 310 310 309 310 310 310 311 310 310 310 310 310 309 309 309 309 309 310 310 309 309 309 309 310 310 310 310 283 283 283 284 284 284 284 284 283 283 283 283 284 284 284 284 284 284 285 285 284 284 284 285 285 285 285 285 285 285 285 285 285 285 285 285 286 286 287 287 286 286 286 285 286 286 286 287 287 287 287 287 287 287 288 288 288 288 288 288 288 289 289 289 288 289 290 289 289 289 289 289 289 290 290 290 290 291 290 289 289 289 290 291 291 291 291 291 290 290 291 291 291 291 292 292 291 292 292 293 293 294 294 294 294 294 294 294 294 295 295 296 296 296 296 297 298 297 296 296 297 297 296 296 296 296 296 296 297 297 297 297 297 298 298 298 298 298 298 298 299 299 298 298 298 298 298 298 298 298 297 297 298 298 298 299 299 299 299 299 299 299 300 300 300 300 300 301 301 301 302 302 302 302 302 302 302 301 301 301 301 301 301 301 302 302 302 302 302 302 302 302 302 303 303 303 303 303 303 303 303 303 303 304 304 304 304 304 304 305 305 305 305 305 305 305 305 305 305 305 305 306 306 306 306 306 306 306 306 306 306 306 306 307 307 306 306 306 307 307 307 307 307 307 307 307 307 307 307 308 308 308 308 308 308 308 308 308 308 308 308 308 309 308 308 308 307 308 308 308 307 308 308 309 308 309 309 308 309 309 309 309 309 309 309 310 310 310 310 310 310 310 310 310 311 311 311 311 311 311 311 311 311 311 310 309 309 309 309 309 309 309 310 310 310 310 310 310 310 310 310 310 310 309 309 310 310 310 310 309 309 309 309 309 310 283 283 284 284 284 284 284 284 283 283 284 284 284 284 284 284 284 284 285 285 285 284 284 284 285 285 285 285 285 285 285 285 285 285 286 285 286 286 286 287 287 286 287 287 286 285 286 287 287 287 287 287 287 288 288 288 287 288 288 288 288 289 289 288 288 289 289 289 289 289 289 289 289 290 291 290 291 291 291 291 290 290 289 290 291 290 290 291 290 290 290 291 291 291 291 292 292 292 292 292 293 293 294 295 294 294 294 294 294 295 295 295 296 296 297 297 297 297 297 296 297 297 296 296 296 296 296 296 297 297 297 297 297 298 298 298 298 298 298 298 299 299 299 299 298 298 298 298 298 298 297 297 298 298 298 298 298 298 299 299 299 299 300 300 300 300 301 301 301 301 301 302 302 302 302 302 302 301 301 301 301 301 301 301 301 302 302 302 302 302 302 302 302 303 303 303 303 303 303 303 303 304 304 304 304 304 304 304 304 305 305 305 305 305 305 305 305 305 305 305 306 306 306 306 306 306 306 306 306 306 306 306 306 306 307 307 306 306 306 306 307 307 307 307 307 307 307 307 307 308 308 308 307 308 307 307 307 308 308 308 308 308 308 309 308 307 307 308 308 308 308 308 308 308 309 309 309 309 308 309 310 309 309 309 309 309 309 310 310 310 310 310 310 310 311 311 311 310 310 311 310 311 311 311 311 310 309 309 309 309 310 310 310 310 311 311 310 310 310 310 310 310 310 310 309 309 310 310 310 310 309 310 310 284 284 284 284 283 283 284 284 283 283 283 284 284 284 284 285 285 285 285 285 285 285 285 285 285 285 285 285 285 285 286 286 286 286 286 287 287 287 287 287 286 285 285 286 287 287 286 287 287 287 288 287 288 288 289 289 289 289 288 288 288 289 289 289 289 290 289 289 289 290 290 290 291 291 291 291 291 290 290 289 290 291 290 290 291 291 291 290 291 291 291 292 293 293 293 293 292 293 294 294 295 295 294 295 295 295 296 296 296 297 297 296 297 297 296 297 297 298 297 296 296 296 296 296 297 297 297 297 297 298 298 298 298 298 298 298 298 299 299 299 298 298 298 298 298 297 298 298 298 298 298 298 298 299 299 299 299 299 300 300 300 301 302 302 301 301 301 301 301 302 302 302 302 302 301 301 301 301 301 301 302 302 302 302 302 302 302 302 302 303 303 303 303 303 303 303 303 304 304 304 304 304 304 304 305 305 305 305 305 305 305 305 305 305 305 305 306 306 305 305 306 306 306 306 306 306 306 306 306 306 307 307 307 306 306 306 306 307 307 307 307 307 307 307 308 308 308 308 308 307 308 307 307 308 308 308 307 308 308 308 308 307 308 309 308 308 309 308 308 308 309 309 309 309 309 309 310 309 309 309 309 309 309 309 309 309 309 310 310 310 310 311 311 311 310 310 310 310 311 312 311 310 310 309 309 309 310 310 311 310 310 311 311 310 310 310 310 310 310 310 310 310 309 310 310 284 284 284 284 284 284 284 283 283 283 283 284 284 284 285 284 285 285 285 285 285 285 285 285 286 286 286 286 286 286 286 286 287 287 287 287 287 286 286 286 286 287 287 286 286 287 287 287 287 288 288 288 289 289 289 288 288 288 289 289 289 289 290 290 289 289 289 290 290 290 291 291 291 291 291 290 290 290 290 290 290 290 291 291 291 291 291 292 292 292 293 293 294 293 293 294 294 294 295 295 295 295 295 296 296 296 297 297 297 297 297 297 297 296 297 297 297 296 296 296 296 297 297 297 297 297 298 298 298 298 298 298 298 298 299 299 298 298 298 298 298 298 298 298 298 298 298 298 298 298 298 299 299 299 299 300 300 301 301 301 301 301 301 300 300 301 301 301 301 302 302 301 301 301 301 301 301 302 302 302 302 302 302 302 302 302 303 303 303 303 303 303 303 303 304 304 304 304 304 304 304 304 305 305 305 305 305 305 305 305 305 305 305 305 305 305 306 306 306 306 306 306 306 306 306 306 306 307 307 307 307 307 307 307 307 307 307 307 307 307 307 307 307 308 308 307 307 308 307 307 307 307 308 307 307 307 308 307 308 308 309 309 309 309 309 309 309 309 309 310 309 310 310 310 309 310 309 309 309 309 309 309 309 310 310 310 310 310 310 311 311 311 310 310 310 310 311 312 311 311 310 309 309 309 310 310 310 310 311 311 311 311 311 310 310 311 311 310 310 310 284 284 284 284 284 284 284 284 284 284 284 285 285 285 285 285 285 285 285 286 286 286 286 286 286 286 286 286 287 287 288 287 287 287 286 285 285 286 286 286 286 287 287 287 287 287 287 288 289 288 288 288 288 289 289 289 289 289 290 290 289 289 290 290 290 290 290 291 291 290 290 291 290 290 290 290 290 291 290 291 291 291 292 292 292 292 293 293 293 293 293 293 294 294 294 295 295 295 296 296 296 296 296 297 297 297 297 297 298 297 296 297 297 296 296 296 296 297 297 297 297 298 298 298 298 298 298 298 298 299 299 299 298 298 298 298 298 298 298 298 298 298 298 298 299 299 299 299 299 299 299 300 300 300 300 301 301 302 301 301 300 300 300 301 301 301 302 302 301 301 301 301 302 302 302 302 302 302 302 302 302 302 303 303 303 303 303 303 303 303 304 304 304 304 304 304 304 304 304 304 305 305 305 305 305 305 305 305 305 305 305 306 306 306 306 306 306 306 306 306 306 306 306 306 307 307 307 307 307 307 307 307 307 307 307 307 307 307 307 307 308 307 307 307 307 308 308 307 307 308 308 308 308 307 307 307 307 308 308 308 308 309 309 309 309 309 309 309 309 310 310 310 310 309 310 309 309 309 309 309 309 309 309 309 310 310 310 311 311 310 310 310 311 311 311 310 309 310 309 309 310 309 309 310 310 311 311 311 311 311 311 311 311 311 311 310 285 284 284 285 284 285 285 285 285 285 285 285 285 285 285 286 286 286 286 286 286 286 286 287 287 287 288 287 286 286 285 286 286 286 286 287 287 287 288 288 287 287 288 288 288 288 288 288 288 289 288 289 289 289 289 290 289 289 290 289 289 290 291 291 291 291 291 290 291 291 291 291 290 290 290 291 291 291 291 292 292 292 292 293 293 293 293 293 294 294 295 295 295 295 295 295 295 295 296 296 296 296 296 297 297 297 297 297 297 296 296 296 296 297 297 297 297 298 298 298 298 298 298 298 298 299 299 299 298 298 298 298 298 298 298 299 299 299 298 299 299 299 299 299 300 300 300 300 300 300 301 301 301 301 301 301 301 301 301 301 301 301 301 302 302 302 301 301 301 302 302 302 302 302 302 302 302 302 303 303 303 303 303 303 303 304 304 304 304 304 304 304 304 304 304 305 305 305 305 305 305 305 305 305 305 305 305 306 305 306 306 306 306 306 306 306 306 306 306 306 307 307 307 307 307 307 307 307 307 307 307 307 307 307 307 307 307 307 307 308 307 308 308 307 308 308 308 308 308 308 308 308 308 308 308 308 309 309 309 309 309 309 309 309 309 309 310 310 311 310 310 310 310 309 309 310 310 310 309 309 309 310 310 311 311 311 310 310 310 310 310 309 309 311 310 309 310 309 309 310 310 311 311 311 311 311 311 311 310 310 311 310 285 285 285 285 285 285 285 285 285 285 285 286 286 286 286 286 286 286 287 287 287 287 287 287 286 287 287 287 287 286 286 287 287 288 288 287 288 288 288 288 288 288 288 288 288 288 288 289 289 289 290 289 289 289 290 290 290 290 291 290 291 291 291 290 290 291 291 291 291 290 291 291 291 291 291 292 291 292 292 293 293 294 294 294 294 294 294 295 295 295 295 295 296 296 296 296 297 297 297 296 296 297 297 297 297 297 297 296 296 297 297 297 297 298 298 298 298 298 298 298 298 299 299 299 298 298 299 298 298 298 298 298 299 299 299 299 299 300 300 299 299 300 300 300 300 301 301 301 301 301 301 301 301 301 301 301 301 301 301 301 302 302 301 301 301 302 302 302 302 302 302 302 302 302 303 303 303 303 303 303 304 304 304 304 304 304 304 304 304 304 305 305 305 305 305 305 305 305 305 305 305 305 305 305 305 306 306 306 306 306 306 306 306 306 306 306 306 306 306 306 306 307 307 307 307 307 307 307 307 307 308 308 307 307 308 308 308 308 308 308 308 308 308 308 308 308 308 308 308 308 308 308 309 308 309 309 309 308 308 309 309 309 309 310 310 311 310 310 310 310 309 309 310 310 310 310 310 310 310 310 311 311 311 311 310 310 310 309 309 311 311 310 309 310 310 309 310 310 311 311 311 311 311 311 311 310 310 310 285 285 285 285 285 285 285 285 285 285 285 286 286 286 286 286 286 287 287 287 287 287 287 286 287 288 288 288 288 287 288 288 288 288 287 288 288 288 288 289 289 289 288 288 288 288 288 289 289 289 289 289 289 290 290 290 290 291 290 290 290 291 291 290 290 291 291 291 291 291 291 291 291 291 291 291 292 292 293 294 293 294 294 294 294 294 294 295 295 295 296 296 296 296 296 296 297 297 296 296 296 297 297 297 297 296 297 297 297 297 297 298 298 298 298 298 298 298 298 298 299 299 299 298 298 299 298 298 298 299 299 299 299 299 299 299 299 299 299 299 299 300 300 300 300 301 301 301 301 301 301 301 300 301 301 301 301 301 301 302 302 301 301 301 302 302 302 302 302 302 302 302 302 303 303 303 303 303 303 304 304 304 304 304 304 304 304 304 304 305 305 305 305 305 305 305 305 305 305 305 305 305 305 306 306 306 306 306 306 306 306 306 306 306 306 306 306 306 306 306 306 306 306 307 307 307 308 308 308 308 308 308 307 308 308 308 308 308 308 308 308 308 308 308 308 308 308 308 308 307 308 308 309 309 309 309 308 309 309 309 309 310 309 310 310 311 311 310 310 310 309 310 311 310 310 310 310 310 310 310 310 311 311 311 310 309 309 310 310 311 311 310 310 310 310 310 310 311 311 311 311 311 310 310 310 286 286 286 286 286 286 286 286 286 286 286 286 286 287 287 287 286 287 287 286 287 288 288 288 289 288 288 288 288 288 287 288 288 288 288 288 289 289 289 289 288 288 288 288 288 289 289 289 289 289 289 289 290 290 290 290 290 290 290 291 291 290 291 291 291 291 291 291 291 291 291 292 292 292 293 293 293 293 293 293 294 294 294 295 295 296 296 296 296 296 296 296 297 297 297 297 296 297 297 297 296 297 296 297 297 297 297 298 298 298 298 298 298 298 298 299 299 299 299 298 299 299 298 298 299 299 299 299 300 300 300 299 300 300 299 299 300 300 300 300 300 300 300 301 301 301 301 301 300 300 301 301 301 301 301 302 302 301 301 301 302 302 302 302 302 302 302 302 302 303 303 303 303 303 304 304 304 304 304 304 304 304 304 304 304 304 305 305 305 305 305 305 305 305 305 305 305 305 305 305 305 305 306 305 306 306 306 306 306 306 306 306 306 306 306 306 306 306 306 307 307 307 307 308 308 308 308 308 308 308 308 308 308 308 308 309 309 308 308 309 309 308 308 308 308 307 308 309 308 308 308 308 308 308 308 309 309 309 309 310 310 310 310 311 311 310 310 311 311 310 310 310 310 310 310 310 310 310 311 311 311 310 309 309 309 310 310 311 310 310 310 310 311 311 311 311 311 311 311 311 311 310 286 286 286 286 286 286 286 286 286 286 286 286 286 287 286 287 287 286 287 288 288 288 289 289 289 288 288 289 289 288 288 288 288 288 288 289 290 290 289 289 289 289 289 289 289 290 289 289 289 289 290 290 291 291 290 290 290 291 291 291 291 291 291 291 291 291 291 291 292 293 293 292 292 292 293 293 293 294 294 294 294 295 295 295 296 295 295 296 295 296 296 297 297 297 296 296 296 297 297 297 297 297 297 297 297 298 298 298 298 298 298 298 299 299 299 299 299 299 299 299 298 298 298 298 299 299 300 300 300 300 300 300 300 299 299 300 300 300 300 300 300 301 301 301 301 300 300 300 300 301 301 301 301 302 302 302 302 302 302 302 302 302 302 302 302 302 302 303 303 303 303 303 303 304 304 304 304 304 304 304 304 304 304 304 304 304 304 305 305 305 305 305 305 305 305 305 305 305 305 305 305 305 306 306 306 306 306 306 306 306 306 306 306 306 307 307 307 307 307 307 307 307 307 308 307 308 308 308 308 308 308 308 308 309 309 308 309 309 309 309 309 309 308 308 307 308 309 309 309 309 309 308 308 309 309 309 309 309 310 310 310 311 311 311 311 311 311 311 311 311 310 310 310 310 311 310 310 310 310 310 310 309 309 309 310 311 311 311 310 310 311 311 311 311 311 311 310 310 310 310 286 286 286 286 286 286 286 286 287 287 287 287 288 288 287 287 287 288 288 288 288 289 289 289 289 289 289 289 289 289 289 289 289 289 290 289 289 289 290 289 289 289 290 290 290 289 289 289 290 290 290 291 291 290 290 290 291 291 292 291 291 291 291 291 291 292 293 293 292 292 293 293 293 294 294 294 294 294 294 295 294 295 295 295 295 295 296 296 296 296 297 296 296 296 297 297 297 297 297 297 297 297 298 298 298 298 298 298 299 299 299 299 299 299 299 299 298 298 299 298 298 299 299 300 300 300 300 300 300 300 299 299 299 300 300 300 300 301 301 301 300 300 300 300 301 301 301 301 301 302 301 302 302 302 302 302 302 302 302 302 302 302 302 303 303 303 303 303 303 303 303 304 303 304 304 304 304 304 304 304 304 304 304 305 305 305 305 305 305 305 305 305 305 305 305 305 305 305 306 306 306 306 306 306 306 306 306 306 306 306 307 307 307 307 307 308 308 308 307 307 307 307 307 308 308 308 308 308 309 309 310 309 309 309 310 310 310 309 309 309 309 308 307 308 309 309 310 310 309 309 309 309 308 309 309 309 309 310 310 311 311 311 311 312 311 311 311 311 311 311 311 311 310 311 310 310 311 311 310 310 309 309 310 311 311 311 311 311 311 311 311 311 311 310 310 311 310 286 286 286 287 287 288 288 288 287 288 287 287 287 288 288 289 289 289 289 289 290 290 289 289 290 290 289 289 289 289 289 289 288 289 289 289 289 289 290 290 290 289 289 289 289 289 289 290 290 290 290 290 290 291 291 291 291 291 291 291 291 291 292 292 292 292 293 293 293 293 293 293 294 294 294 294 294 294 295 295 295 295 295 296 296 296 296 296 296 295 296 297 296 296 296 297 297 297 297 297 298 298 298 298 298 298 298 298 298 298 299 299 299 299 299 299 299 299 300 300 300 300 300 300 300 300 299 299 299 300 300 300 300 301 301 301 300 300 300 300 301 301 301 301 301 302 301 301 301 301 302 302 302 302 302 302 302 302 302 302 303 303 303 303 303 303 303 303 303 303 304 304 304 304 304 304 304 304 304 304 305 305 304 305 305 305 305 305 305 305 305 305 305 305 305 305 306 306 306 306 306 306 306 306 306 306 306 306 306 306 307 307 307 307 307 307 307 307 306 307 307 307 308 308 308 309 309 309 308 309 310 310 310 309 308 309 309 308 307 307 307 307 308 309 309 309 309 309 309 308 308 308 308 308 309 309 309 309 310 310 311 311 310 310 310 310 310 310 310 310 310 309 310 311 310 310 309 309 309 310 310 310 311 311 311 311 310 310 310 310 310 286 287 287 288 288 287 288 288 287 287 288 288 288 289 289 289 289 289 290 290 290 289 290 291 291 290 291 290 289 289 289 289 289 289 290 290 290 290 290 289 289 289 289 289 289 289 290 290 290 290 290 290 291 292 291 291 291 292 292 292 292 292 292 292 293 292 292 293 293 294 294 294 294 295 294 294 294 295 294 295 295 295 295 295 296 296 295 296 297 297 296 296 297 297 297 297 297 297 298 298 298 298 298 298 298 298 298 298 299 299 299 299 299 300 300 300 300 300 300 300 300 300 300 299 299 300 300 300 300 300 300 301 301 301 300 300 300 301 301 301 301 301 301 301 301 301 301 301 302 302 302 302 302 302 302 302 302 302 302 302 302 303 303 302 303 303 303 303 303 303 304 304 304 304 304 304 304 304 304 304 305 305 305 305 305 305 305 305 305 305 305 305 305 305 306 306 306 306 306 306 306 306 306 306 306 306 306 306 306 306 306 307 307 307 307 308 307 306 307 307 308 308 308 309 309 309 308 309 310 310 310 310 310 309 309 309 308 308 308 307 308 309 309 309 310 310 310 309 309 308 309 309 308 308 309 309 310 310 311 310 310 311 311 310 310 310 311 311 310 310 310 311 311 310 310 309 309 309 310 311 311 311 311 310 310 310 310 310 310 286 287 287 288 288 288 288 288 288 288 288 288 289 289 290 290 289 290 290 290 291 290 290 291 291 291 291 291 290 290 290 290 290 290 290 290 290 290 290 290 290 290 290 290 290 290 290 290 290 290 290 290 291 291 292 292 292 292 292 292 292 292 292 292 293 292 293 293 294 293 294 294 294 294 295 294 294 294 294 295 295 295 295 296 296 296 296 296 296 297 297 297 297 297 297 297 297 297 298 298 298 298 298 298 298 298 298 298 299 299 299 299 299 300 300 300 300 300 300 300 300 300 300 299 300 300 300 300 300 300 301 301 301 301 300 300 301 301 301 301 301 301 301 301 301 301 301 301 301 302 302 302 301 302 302 302 302 302 302 302 302 303 302 303 303 303 303 303 303 303 304 304 304 304 304 304 304 304 304 305 305 305 304 304 305 305 305 305 305 305 305 305 305 305 305 306 306 306 306 306 306 306 306 306 305 306 306 306 306 306 307 307 307 307 307 308 307 307 307 307 308 307 308 308 309 309 309 309 310 310 310 309 309 309 308 308 308 307 307 308 307 308 308 308 308 309 310 310 309 309 310 309 309 309 308 309 309 310 311 311 310 311 311 311 311 310 310 311 311 311 311 311 311 310 310 310 309 309 310 310 311 311 311 311 310 310 310 310 287 287 287 288 288 288 288 288 288 288 289 289 289 289 289 290 290 290 290 290 291 291 291 291 291 291 292 292 292 291 291 290 290 290 290 290 290 290 290 291 291 291 290 291 291 291 291 291 291 290 290 290 290 291 292 292 292 292 292 292 292 292 292 292 292 293 293 294 294 294 293 294 294 294 294 294 294 294 294 295 295 295 295 295 295 296 296 296 296 297 297 297 296 297 297 297 297 297 298 298 298 298 298 298 298 298 298 298 299 299 299 299 299 299 300 300 300 300 300 300 300 300 300 300 300 300 300 300 300 300 300 300 300 300 300 300 301 301 301 301 301 301 301 301 301 301 301 301 301 301 301 301 301 301 301 302 302 302 303 302 302 303 303 303 303 303 303 303 303 303 304 304 304 304 304 304 304 304 304 304 304 304 304 305 305 305 305 305 305 305 305 305 305 305 305 305 305 306 306 306 306 306 306 306 306 305 305 305 306 306 307 307 307 307 307 307 307 307 307 307 307 307 308 308 309 309 310 310 310 309 308 308 308 308 307 307 308 308 308 308 308 308 309 308 308 308 309 310 310 310 310 310 310 310 310 309 309 309 311 311 311 311 311 311 310 311 311 311 311 310 310 310 309 309 310 311 311 311 311 311 311 311 287 287 287 288 288 288 288 289 289 289 289 289 289 289 289 290 290 290 290 291 291 292 292 291 291 291 291 291 291 291 291 291 291 290 290 290 290 290 291 291 291 291 291 291 291 291 291 291 290 291 291 291 291 291 291 292 292 292 292 292 292 292 293 293 293 293 293 293 294 294 293 294 294 294 294 294 295 294 294 294 295 295 295 295 295 296 296 296 296 296 297 297 297 297 297 297 297 297 298 298 298 298 298 298 298 298 298 298 299 299 299 299 299 299 300 300 300 300 299 300 300 300 300 300 300 300 301 301 301 301 301 301 300 300 300 300 301 301 301 301 301 301 301 301 301 301 301 301 301 301 301 301 302 302 302 302 302 302 303 303 303 303 303 303 303 304 303 303 303 303 304 304 304 304 304 304 304 304 304 304 304 304 304 305 305 305 305 305 305 305 305 305 305 305 305 305 305 305 305 305 305 306 306 305 305 305 305 305 306 306 306 306 307 307 306 307 307 308 307 307 307 307 308 308 309 310 310 310 310 309 309 308 308 307 308 308 309 309 308 309 309 309 309 309 308 308 309 309 310 310 309 310 310 310 310 310 310 310 311 311 311 311 311 311 311 311 309 310 310 287 288 287 287 288 288 289 289 289 289 290 290 290 290 290 290 290 290 291 291 291 291 291 292 292 291 290 290 290 291 291 291 291 291 290 290 290 290 290 290 291 291 291 291 291 291 291 291 292 291 291 291 291 291 291 291 291 291 292 292 292 292 293 293 293 293 293 293 293 293 293 293 294 294 294 294 294 294 294 295 295 295 296 295 295 295 296 296 297 296 296 297 297 297 297 297 297 297 297 298 298 298 298 298 298 298 298 298 298 299 299 299 299 299 300 300 300 300 300 300 300 300 300 300 301 301 301 301 301 301 301 301 300 300 300 300 300 301 300 300 300 301 300 301 301 301 301 301 301 301 301 301 302 302 302 302 302 302 302 303 303 303 303 303 303 303 304 303 303 303 303 304 304 304 304 304 304 304 304 304 304 304 304 304 304 304 304 304 304 304 304 304 304 304 305 305 305 305 305 305 305 305 306 306 306 306 305 305 306 305 306 306 306 306 306 306 307 307 307 307 307 307 307 308 309 309 309 309 309 310 310 309 308 308 308 309 309 310 309 308 308 309 310 310 310 309 308 308 309 309 309 309 309 309 309 309 310 310 310 310 311 311 312 310 287 288 288 289 289 289 289 289 289 289 289 290 290 290 290 290 290 290 290 291 291 291 291 291 292 291 290 290 291 291 290 290 290 291 291 290 290 290 290 291 291 291 291 292 291 291 291 291 292 292 291 291 291 291 291 292 292 292 292 292 292 292 293 293 293 293 293 293 293 293 293 294 294 294 294 294 294 294 294 295 295 295 295 295 295 295 296 296 297 296 296 297 297 297 297 297 297 297 297 297 298 298 298 298 298 298 298 298 298 299 299 299 300 300 300 300 300 300 300 300 300 300 300 300 301 301 301 301 301 301 301 301 301 301 300 300 301 301 301 300 301 301 301 301 301 301 301 301 301 301 301 301 302 302 302 302 302 302 302 303 303 303 303 303 303 303 304 303 303 303 303 304 304 304 304 304 304 304 304 304 304 304 304 304 304 304 304 304 304 304 304 305 305 305 305 305 306 305 305 306 306 305 306 306 306 306 305 306 306 306 306 306 305 305 306 306 306 306 306 307 307 307 308 309 309 308 308 308 309 310 309 309 308 308 309 309 310 310 309 309 309 309 310 310 309 308 308 308 309 309 309 309 309 309 310 310 309 309 309 310 311 288 288 289 289 289 290 290 290 290 290 290 290 291 291 291 291 291 291 291 291 291 291 291 290 290 290 290 291 291 290 290 290 290 291 291 290 290 291 291 291 291 291 292 292 292 292 291 291 292 292 291 291 291 292 292 292 292 292 292 292 292 293 293 293 293 293 293 293 293 294 294 294 294 294 294 294 295 294 295 295 295 295 295 296 295 296 296 296 296 296 297 297 297 297 297 297 297 297 297 298 298 298 298 298 298 298 299 299 299 299 299 299 300 300 300 300 300 300 300 300 300 300 300 300 301 301 301 300 301 301 301 301 301 301 301 301 301 301 301 301 301 301 301 301 301 301 301 301 301 301 301 301 302 302 302 302 302 302 303 303 303 303 304 304 304 303 303 303 303 303 303 304 304 304 304 304 304 304 304 304 304 304 304 304 304 304 304 304 304 305 305 305 305 305 305 306 306 306 306 305 305 306 306 306 306 306 306 306 306 306 306 306 305 305 306 306 306 306 307 307 308 308 308 308 308 308 308 309 309 309 309 308 308 309 309 310 310 310 309 309 309 310 309 309 309 309 309 310 310 310 310 309 309 310 310 309 310 310 311 290 289 290 290 290 291 291 291 290 290 290 290 291 291 291 291 291 291 291 291 291 290 290 289 290 290 290 290 290 289 289 290 290 290 290 290 290 290 291 291 291 291 292 292 292 292 292 291 292 292 292 292 291 292 292 292 292 292 292 292 292 293 293 293 293 293 293 293 294 294 294 294 294 294 294 294 294 295 295 295 295 295 295 296 295 296 296 296 296 296 297 297 297 297 297 297 297 297 297 298 298 298 298 298 298 299 299 299 299 299 299 299 300 300 300 300 300 299 300 300 300 300 300 300 300 300 301 301 301 301 301 301 301 301 301 301 301 301 301 301 301 301 301 301 301 301 301 301 301 301 301 302 301 302 302 302 302 303 303 303 303 303 304 303 304 303 303 303 303 303 303 304 304 304 304 304 303 304 304 304 304 304 304 304 304 304 305 304 304 305 306 306 305 305 306 305 306 306 306 306 305 306 306 306 306 306 306 305 306 306 306 306 306 305 305 306 306 307 307 307 308 308 308 308 308 308 308 309 309 309 309 308 308 309 309 309 310 310 310 310 310 310 309 310 310 309 309 310 310 310 310 310 309 310 310 310 310 290 291 290 290 291 290 291 290 290 290 291 291 291 291 291 291 291 291 291 291 290 289 289 290 289 289 289 289 289 289 289 290 290 290 290 290 291 291 291 291 291 291 292 292 292 292 292 292 292 292 292 292 292 292 292 293 293 292 292 292 293 293 293 293 293 293 294 294 294 294 294 294 294 294 294 294 295 295 295 295 295 296 296 295 296 296 297 297 297 297 297 297 297 297 297 297 297 297 298 298 298 298 298 298 298 298 298 299 299 299 299 300 300 299 300 300 300 299 300 300 300 300 300 301 301 300 301 301 301 301 301 300 301 300 301 301 301 301 301 301 301 301 301 301 301 301 301 301 301 301 302 302 301 302 303 303 303 303 303 303 303 303 303 303 303 303 303 303 303 303 304 304 304 304 304 303 304 304 304 304 304 304 304 304 305 305 305 304 305 305 306 305 305 306 306 306 306 306 305 305 306 306 306 306 306 306 305 306 307 306 306 306 305 305 306 306 307 307 307 308 307 308 308 308 308 308 309 309 310 309 309 308 309 309 309 310 311 311 311 311 310 309 310 310 310 310 310 310 310 310 310 310 310 311 310 289 289 289 290 290 290 290 291 291 291 290 290 290 291 291 290 290 290 291 290 290 291 291 290 290 291 290 290 289 289 289 290 289 288 289 289 289 289 289 290 290 290 290 290 291 291 291 291 291 291 292 292 292 292 292 292 292 292 292 292 292 292 292 292 293 292 292 292 293 293 293 293 293 294 294 294 294 294 294 294 294 294 295 295 295 295 295 295 295 295 296 295 296 296 296 296 297 297 297 297 297 297 297 297 297 297 298 298 298 298 298 298 298 298 299 299 299 299 299 299 299 299 300 300 300 300 300 300 300 300 301 301 300 300 300 301 301 301 301 300 301 300 301 301 301 301 301 301 301 301 302 301 301 301 301 301 301 301 301 302 302 302 302 303 303 303 303 303 303 303 303 303 303 304 303 303 303 303 304 304 304 304 304 303 304 304 304 304 304 304 304 305 305 306 305 304 305 306 306 305 305 306 306 306 305 305 305 306 306 307 306 306 306 306 305 306 307 306 306 305 305 305 305 305 306 306 306 307 307 308 308 308 308 308 308 309 310 310 309 309 309 310 310 310 311 311 311 311 311 310 311 310 310 310 310 310 310 311 311 311 289 289 290 290 290 290 290 290 290 290 291 290 290 290 290 291 291 290 290 290 290 290 290 290 290 290 290 290 290 289 289 288 288 289 289 289 289 289 289 289 289 290 290 290 290 290 291 291 291 291 291 291 292 292 292 292 292 292 292 292 292 292 292 292 292 292 293 293 293 293 293 293 293 293 293 293 294 294 294 294 294 294 294 294 295 295 295 295 295 295 295 295 295 296 296 296 296 296 296 297 297 297 297 297 297 297 297 297 298 298 298 298 298 298 299 299 299 299 299 299 299 299 299 299 299 299 299 300 300 300 300 300 300 300 300 300 301 301 300 301 300 300 301 301 300 301 301 301 301 301 301 302 301 302 301 301 301 301 301 302 302 302 302 302 302 303 303 303 303 303 303 303 303 303 303 304 303 303 303 303 304 304 304 304 304 303 304 304 304 304 304 304 304 305 305 305 305 305 305 305 306 305 305 306 306 305 306 306 305 305 306 307 306 306 306 305 305 306 306 306 305 305 305 305 306 306 306 306 306 306 307 308 309 309 308 308 308 309 310 310 309 309 309 310 310 310 311 311 311 311 311 311 311 310 309 309 309 310 311 311 289 289 289 289 289 289 290 290 290 290 290 290 290 290 290 290 290 290 291 290 289 289 289 289 289 289 289 289 289 290 290 289 289 288 289 289 289 289 289 289 289 289 290 290 290 290 290 290 290 290 290 291 291 291 292 292 292 292 292 292 292 292 292 292 292 292 292 292 293 293 293 293 293 293 293 293 293 293 293 294 294 294 294 294 294 294 295 295 295 295 295 295 295 295 295 295 296 296 296 296 296 296 296 297 297 297 297 297 297 297 298 298 298 298 298 298 298 299 299 299 299 299 299 299 300 300 300 299 299 299 300 300 300 300 300 300 300 300 301 301 301 300 300 300 300 301 301 301 301 301 301 301 301 301 301 301 302 302 301 301 301 301 301 302 302 302 302 303 303 303 303 303 303 303 303 303 303 303 304 303 303 303 303 304 304 304 304 303 303 304 304 304 304 304 304 305 305 305 305 305 305 306 306 306 305 305 306 306 306 306 306 305 305 306 307 306 306 305 305 305 305 305 305 305 305 305 305 306 307 307 307 307 307 308 308 309 309 309 308 308 309 310 310 310 309 309 309 310 310 310 310 311 311 311 311 311 311 310 309 309 310 310 310 288 288 289 290 289 290 290 289 289 289 289 289 290 290 290 289 289 290 290 289 288 288 288 289 289 289 289 289 289 289 288 288 288 288 288 288 289 289 289 289 290 290 290 290 290 290 290 290 290 290 291 291 291 291 292 292 292 292 292 292 292 292 292 292 292 292 293 293 293 293 293 293 293 293 293 293 293 294 294 294 294 294 294 294 294 294 295 295 295 295 295 295 295 295 296 296 296 296 296 296 296 297 297 297 297 297 297 297 297 298 298 298 298 298 298 298 298 299 299 299 299 299 299 300 300 300 299 299 300 300 300 300 300 300 300 300 301 301 301 301 300 300 300 300 300 301 301 301 301 301 301 301 301 301 301 301 301 301 301 302 302 302 302 302 302 302 303 303 303 303 303 303 303 303 303 303 303 303 304 303 303 303 304 303 304 303 303 303 303 304 304 304 305 305 305 305 306 306 305 305 306 307 306 306 306 306 306 306 306 306 305 305 306 307 306 306 306 305 304 304 304 304 305 305 306 306 306 307 307 307 307 307 308 308 309 309 309 309 309 309 310 310 310 310 309 310 310 310 310 310 310 310 311 311 311 310 310 310 309 309 309 309 288 289 289 289 289 289 288 288 288 288 289 290 289 289 289 288 289 289 288 288 287 288 288 288 288 288 288 288 288 287 288 288 288 288 289 289 289 289 290 290 290 290 290 290 290 290 290 290 291 291 291 291 291 292 292 292 292 292 292 292 292 292 292 292 292 293 293 293 293 293 293 294 294 294 294 294 294 294 294 294 294 294 294 294 294 295 295 295 295 295 295 295 295 296 296 296 296 296 296 296 296 297 297 297 297 297 297 297 298 298 298 298 298 298 298 299 299 299 299 299 299 300 300 300 300 300 299 299 300 300 300 300 300 300 300 301 301 301 301 300 300 300 300 300 300 300 300 301 301 301 301 301 301 301 301 301 301 301 301 302 302 302 302 303 302 303 303 303 303 303 303 303 303 303 303 303 303 304 303 303 303 304 303 303 303 303 303 304 304 304 305 305 306 305 306 306 306 305 305 306 307 307 306 306 306 306 306 305 306 306 306 306 307 306 306 305 305 304 304 304 305 305 306 306 307 307 307 307 307 308 308 308 308 308 309 309 309 309 309 310 310 310 309 309 310 311 310 310 310 310 311 311 311 311 310 309 309 309 309 309 309 309 288 287 288 288 288 288 288 287 288 287 288 288 288 288 288 287 288 287 287 287 287 287 287 287 287 287 287 287 287 288 288 288 288 289 289 289 289 290 290 290 290 290 290 290 290 290 290 291 291 291 291 291 291 292 292 292 292 292 292 292 292 292 292 292 292 293 293 293 293 293 293 293 294 294 294 294 294 294 294 294 294 294 294 294 294 295 295 295 295 295 295 295 296 296 296 296 296 296 296 296 296 297 297 297 297 297 297 298 298 298 298 298 298 298 298 298 299 299 299 299 299 300 300 300 300 300 299 300 300 300 300 301 300 300 300 300 301 301 301 300 300 300 300 300 300 301 301 301 301 301 301 301 301 301 301 301 301 301 301 302 302 302 302 302 302 303 303 303 303 303 303 303 303 303 303 303 303 303 303 303 304 304 304 304 304 303 303 303 304 304 304 305 306 306 306 306 306 305 305 306 306 307 307 307 306 306 306 305 305 305 306 306 306 306 305 305 305 304 304 304 306 306 306 307 307 306 307 308 307 308 308 308 309 308 309 309 309 309 310 310 310 310 310 310 311 311 310 310 311 311 311 311 311 311 310 310 309 309 309 309 309 310 310 288 288 286 287 286 286 286 286 286 286 286 287 287 286 286 287 286 286 286 286 287 287 287 287 287 287 287 288 288 288 288 289 289 289 289 289 290 290 290 290 290 290 290 290 290 290 291 291 291 291 291 291 292 292 292 292 292 292 292 292 293 292 292 292 293 293 293 293 293 293 293 293 293 293 293 294 294 294 293 293 294 294 294 294 294 295 295 295 295 295 295 295 296 296 296 296 296 296 296 296 297 297 297 297 297 297 297 298 298 298 298 298 298 298 298 298 299 299 299 299 299 300 300 300 299 299 300 300 300 300 300 300 301 301 300 300 301 301 301 300 300 300 300 300 301 301 301 301 301 301 301 301 301 301 301 302 302 301 301 301 301 301 302 302 302 302 302 303 303 303 304 303 303 303 303 303 303 303 303 303 303 304 304 304 304 303 303 304 304 304 305 305 306 305 306 306 306 306 306 306 306 307 307 307 306 306 306 306 305 305 305 306 306 305 305 305 305 305 304 304 306 307 307 306 306 306 307 307 308 308 308 308 308 309 309 309 309 309 310 310 310 310 310 310 311 310 310 311 311 311 311 311 310 310 310 310 309 309 309 309 310 310 310 286 286 286 286 286 287 288 287 289 288 287 286 286 285 286 286 286 286 286 286 286 286 286 286 286 286 287 286 287 287 287 287 287 288 288 288 288 288 289 289 289 289 289 289 289 290 290 290 290 290 290 290 290 290 291 290 291 291 291 292 291 292 292 292 292 292 292 292 292 293 292 292 292 293 293 293 293 293 293 293 293 293 293 294 294 294 294 294 294 294 294 294 294 294 295 295 295 295 295 295 295 296 296 296 296 296 296 296 296 297 297 297 297 297 297 297 298 298 298 298 298 298 298 298 298 299 299 299 299 299 300 300 300 299 300 300 299 300 300 301 301 301 301 301 300 301 301 300 300 300 300 300 300 301 301 301 301 301 300 301 301 301 301 302 302 301 301 301 301 301 301 301 301 302 302 302 303 303 304 303 303 303 303 303 304 303 303 303 303 303 304 304 304 303 303 303 304 304 305 305 305 306 305 306 306 306 306 306 306 306 307 307 307 306 306 305 306 306 305 305 305 306 305 305 305 306 305 304 305 305 306 306 306 307 307 307 307 308 308 308 308 308 308 309 309 309 309 310 310 310 310 310 310 311 310 310 311 311 310 310 310 310 309 309 310 309 309 309 309 309 310 310 310 286 286 286 286 286 286 286 287 287 288 289 289 288 288 291 290 288 287 286 286 285 285 286 286 286 286 286 286 286 287 287 287 287 287 287 287 287 288 288 288 288 288 288 289 289 289 289 289 289 289 289 290 290 290 290 290 290 290 290 290 290 290 290 291 291 291 291 292 292 292 292 292 292 292 292 292 293 292 292 292 293 293 293 293 293 293 293 294 294 294 293 294 294 294 294 294 294 294 294 294 294 295 295 295 295 295 295 295 296 296 296 296 296 296 296 297 297 296 297 297 297 297 297 298 298 298 298 298 298 299 298 298 298 299 299 299 299 300 300 300 300 300 300 299 300 300 300 300 300 301 301 301 301 301 301 300 300 300 300 300 300 300 300 300 300 301 301 301 301 302 302 302 301 302 302 302 302 301 301 302 302 302 302 302 303 303 303 303 303 303 304 304 304 303 303 304 304 304 304 304 304 304 303 304 304 305 305 305 305 305 305 305 306 306 307 306 307 307 307 307 307 306 305 305 306 306 305 304 305 305 305 305 305 305 305 305 305 305 305 306 306 307 307 307 308 308 308 308 308 308 309 309 309 310 310 310 310 310 310 310 310 310 310 310 310 310 310 310 310 310 309 309 309 309 310 310 310 309 310 310 310 286 287 286 286 286 287 286 286 286 287 287 287 288 289 289 288 288 289 289 291 291 290 290 289 288 287 286 285 285 285 286 286 287 287 287 287 287 287 287 287 288 287 288 288 288 288 288 288 288 289 289 289 289 289 289 289 289 289 290 290 290 290 290 290 290 290 290 290 290 291 291 291 291 291 291 292 292 292 292 292 292 292 292 292 292 292 293 293 293 293 293 293 294 294 294 294 294 294 294 294 294 294 294 294 294 294 294 294 295 295 295 295 295 295 295 296 296 296 296 296 296 296 296 296 296 296 297 297 297 297 297 298 298 298 298 298 299 299 299 299 299 299 299 300 300 300 300 300 300 300 300 300 300 300 300 301 301 301 301 301 301 300 300 300 301 301 300 301 301 300 300 300 301 301 300 301 301 302 302 302 302 302 301 301 301 302 302 302 302 302 302 303 303 303 303 303 304 304 304 304 303 304 304 304 304 304 304 304 303 304 304 304 305 305 305 305 305 305 305 305 306 307 307 307 306 306 306 307 306 306 305 305 305 305 305 304 305 305 305 305 305 305 306 306 307 307 307 306 307 307 307 307 307 307 308 308 308 309 309 309 310 310 310 311 310 310 310 310 310 310 310 310 310 310 310 310 310 309 309 309 310 310 310 310 310 310 310 310 310 286 285 286 286 285 286 286 286 286 287 286 286 287 287 288 288 288 287 288 288 289 289 289 289 289 290 291 291 291 290 289 288 287 286 285 285 286 286 286 287 287 287 287 287 287 288 288 288 288 288 288 288 288 288 288 288 289 289 289 289 289 289 289 289 290 290 290 290 290 290 290 290 290 290 291 291 291 291 291 292 292 291 292 292 292 292 292 292 292 292 292 293 293 293 293 293 293 293 293 294 294 294 294 294 294 294 294 294 295 295 294 294 294 294 294 294 295 295 295 295 295 295 296 296 296 296 296 296 296 296 296 296 297 297 297 297 297 297 297 298 298 298 298 299 299 299 299 299 299 299 300 300 300 300 300 300 300 300 299 300 300 300 301 301 301 301 301 301 301 301 301 301 301 301 301 302 301 301 301 301 300 301 301 301 302 302 302 301 301 301 301 302 302 302 302 302 302 302 302 303 303 304 304 304 304 304 303 303 304 304 304 304 304 304 304 303 304 304 304 305 305 304 305 305 305 305 306 306 307 307 306 306 306 306 307 306 306 306 306 306 305 305 305 305 305 305 305 305 305 306 306 306 307 307 307 307 308 308 308 308 308 307 308 308 308 308 308 309 309 310 310 310 310 310 310 310 310 310 310 310 310 310 310 310 309 310 309 309 310 310 310 309 310 310 310 310 310 311 286 286 285 286 286 286 287 286 286 286 286 287 287 288 287 287 286 286 287 287 288 289 289 289 289 290 291 290 290 290 289 288 287 286 285 285 286 286 287 287 287 287 287 287 288 288 288 288 288 288 288 288 288 288 288 289 289 289 289 289 289 289 289 289 290 290 290 290 290 290 290 290 290 291 291 291 291 291 291 291 292 291 292 292 292 292 292 293 292 292 292 292 293 293 293 293 293 293 293 294 294 294 294 294 294 294 294 294 295 295 295 294 294 294 294 294 295 295 295 295 295 296 296 296 296 296 296 296 296 296 296 297 297 297 297 297 297 297 297 298 298 298 299 298 299 299 299 299 299 300 300 300 300 300 300 300 300 300 300 300 300 300 300 300 301 301 301 301 301 300 300 301 301 301 301 301 302 302 301 301 301 301 302 302 302 302 302 302 302 302 302 302 302 302 302 302 302 302 302 303 303 304 303 304 304 303 304 304 304 304 304 304 304 304 304 304 304 304 304 304 304 304 305 305 305 305 306 306 306 306 306 306 306 306 306 306 306 306 306 306 306 305 305 305 305 305 306 306 306 306 306 306 306 306 307 307 307 307 307 307 308 308 308 308 308 308 308 308 309 309 310 311 311 310 310 310 310 310 310 310 310 310 310 310 310 310 309 309 310 310 310 309 310 310 310 310 310 311 286 286 285 286 286 286 287 286 286 286 286 286 287 287 286 286 286 286 287 288 289 289 289 288 289 290 290 290 289 289 288 287 286 286 285 285 286 286 287 287 287 287 287 288 288 288 288 288 288 288 288 288 288 288 288 289 289 289 289 289 289 289 289 289 289 289 289 290 290 290 290 290 291 291 291 291 291 291 291 291 292 292 292 292 292 292 292 293 293 293 292 292 293 293 293 293 293 293 293 294 294 294 294 294 294 294 294 294 294 295 295 295 294 294 294 294 295 295 295 295 295 296 296 296 296 296 296 296 296 296 297 297 297 297 297 297 297 298 298 298 298 298 298 299 299 299 299 299 299 300 300 300 300 300 300 300 300 300 300 300 300 300 300 300 301 301 301 301 301 300 301 301 301 301 301 301 301 301 302 302 302 301 302 303 303 303 303 303 303 302 302 302 302 302 302 303 302 302 302 303 303 304 304 304 303 304 304 304 304 304 304 304 304 304 304 304 304 304 304 304 305 305 305 305 305 305 305 305 306 306 306 306 305 306 306 306 306 306 306 305 306 306 305 305 305 305 305 306 306 306 306 306 306 306 306 306 306 307 307 307 307 308 308 308 308 308 308 308 309 309 310 310 310 311 311 310 310 310 310 310 310 310 310 310 310 310 309 309 310 310 310 309 309 309 310 310 310 311 286 286 286 286 287 287 286 286 286 286 287 287 287 286 286 286 286 287 288 288 289 288 288 288 289 288 289 289 288 287 287 287 286 286 286 286 286 287 287 287 287 287 288 288 288 288 288 288 288 288 288 288 288 288 289 289 289 289 289 289 289 289 289 289 289 290 290 290 290 290 291 291 291 291 291 291 291 291 292 292 292 292 292 292 292 292 293 293 292 292 293 293 293 293 293 293 293 293 294 294 294 294 294 294 294 294 294 294 294 295 295 295 295 294 294 294 295 295 295 295 296 296 296 296 296 296 296 296 297 297 297 297 297 297 297 297 298 298 298 298 298 298 298 298 299 299 299 299 300 300 300 300 300 299 300 300 300 300 300 300 300 300 301 301 301 301 301 301 301 301 301 301 301 301 301 301 302 302 302 302 302 303 303 303 303 303 303 303 303 303 302 303 302 303 303 303 302 302 303 303 303 303 303 304 303 304 304 304 304 304 304 304 304 304 304 304 304 304 304 304 304 304 305 305 305 305 305 306 306 305 305 305 305 305 306 306 306 305 305 305 305 305 305 305 305 305 306 306 306 306 306 306 306 306 306 306 307 307 307 307 307 308 308 308 309 309 309 309 309 310 310 310 310 311 311 310 310 310 310 310 310 311 310 310 310 310 310 309 310 310 310 309 310 310 310 285 285 285 286 285 286 287 286 286 287 287 286 286 287 286 286 286 287 287 287 288 288 288 288 287 287 287 289 289 288 287 287 287 286 285 286 286 287 287 287 287 287 287 288 288 288 288 288 288 288 288 288 288 288 288 289 289 289 289 289 289 289 289 289 290 290 290 290 290 290 291 291 291 291 291 291 291 291 291 291 292 292 292 292 292 292 293 292 292 292 293 293 293 293 293 293 293 293 293 294 294 294 294 294 294 294 294 294 294 294 295 295 295 295 295 294 294 295 295 295 295 295 296 296 296 296 296 296 296 297 297 297 297 297 297 297 297 297 297 298 298 298 298 298 298 298 299 299 299 299 299 300 300 300 299 300 300 300 300 300 300 301 301 301 301 301 301 301 301 301 301 301 301 301 301 301 301 301 301 302 302 302 302 303 303 302 303 302 303 303 303 302 302 303 302 302 302 302 302 303 303 303 303 303 304 303 304 304 304 305 304 304 304 304 305 304 304 304 304 304 304 304 305 305 305 305 305 305 306 306 306 305 305 305 305 305 305 305 305 305 305 305 305 305 305 305 305 306 306 306 306 306 306 306 306 306 306 306 307 307 307 307 307 308 308 308 308 309 309 309 310 310 309 310 310 310 310 310 310 310 310 310 311 311 310 310 310 310 310 310 310 310 310 310 310 286 286 286 285 285 286 287 287 286 286 285 286 286 285 286 286 286 287 288 288 289 288 287 287 287 288 288 287 286 286 286 285 286 286 287 287 287 287 287 288 288 288 288 288 288 288 288 288 288 288 288 289 289 289 289 289 289 289 289 289 289 290 290 290 290 290 290 290 290 291 291 291 291 291 291 291 291 291 292 292 292 292 292 292 292 292 292 293 293 293 293 293 293 293 293 293 293 294 294 294 294 294 294 294 294 294 294 294 294 295 295 295 295 295 294 295 295 295 295 295 296 296 296 296 296 296 296 296 297 297 297 297 297 297 297 297 297 298 298 298 298 298 298 298 298 299 299 299 299 299 300 300 299 300 300 300 300 300 300 300 301 300 300 301 301 301 301 300 301 301 300 300 301 301 301 302 301 301 302 302 302 302 303 302 302 303 303 303 303 303 302 302 303 303 303 302 302 303 303 303 303 303 304 303 304 304 305 305 305 305 305 305 305 304 304 304 304 304 304 304 304 305 304 305 305 305 306 306 306 306 305 305 305 305 305 305 305 305 305 305 305 305 305 305 305 305 306 306 306 306 306 306 306 306 306 306 306 307 307 307 307 307 307 308 308 308 308 309 309 309 309 309 310 310 310 310 310 310 310 310 310 310 310 310 311 310 310 311 311 311 311 311 311 286 287 286 285 285 286 285 285 285 285 286 285 285 285 285 285 286 286 287 288 288 288 289 288 286 286 286 286 286 286 286 286 286 287 287 287 287 288 288 288 288 288 288 288 288 288 288 288 289 289 289 289 289 289 289 289 289 289 289 290 290 290 290 290 290 290 290 290 291 291 291 291 291 291 291 291 292 292 292 292 292 292 292 292 292 293 293 293 293 293 293 293 293 293 293 294 294 294 294 294 294 294 294 294 294 294 294 295 295 295 295 295 295 295 295 295 295 295 295 295 296 296 296 296 296 296 296 297 297 297 297 297 297 297 297 298 297 297 298 298 298 298 298 298 298 298 299 299 299 299 300 300 300 300 300 300 300 300 300 300 300 300 300 300 300 300 300 300 301 300 300 301 301 301 301 302 301 302 302 302 302 302 302 302 302 303 302 303 303 303 303 303 303 302 303 303 303 304 304 304 304 304 304 304 304 304 304 305 305 305 305 305 304 304 304 304 304 304 304 304 305 305 305 305 305 306 305 306 306 305 305 305 305 305 306 306 305 305 305 305 305 305 305 305 306 306 306 306 306 306 306 306 306 306 306 306 306 307 307 306 306 307 307 307 307 308 308 309 309 309 309 310 310 310 310 310 310 310 310 311 311 311 311 311 311 311 311 311 311 311 311 311 286 285 285 285 285 285 285 286 287 287 286 287 286 285 285 285 286 287 287 288 289 289 288 287 287 287 287 286 287 287 286 286 287 287 287 288 288 288 288 288 288 288 288 288 288 288 288 288 289 289 289 289 289 289 289 289 289 289 290 290 290 290 290 290 290 290 291 291 291 291 291 291 291 291 292 292 292 292 292 292 292 292 292 292 292 293 293 293 293 293 293 293 293 293 294 294 294 294 294 294 294 294 294 294 294 294 295 295 295 294 295 295 295 295 295 295 295 296 295 296 296 296 296 296 296 297 297 297 297 297 297 297 297 298 298 297 297 298 298 298 299 299 298 299 299 299 299 299 299 299 299 300 300 300 301 301 300 300 300 300 300 300 300 300 300 300 300 300 300 301 301 301 301 301 302 302 301 302 302 302 303 303 303 303 302 302 302 303 303 303 303 303 303 303 303 304 304 304 304 304 304 304 305 304 304 304 304 304 304 304 304 304 304 304 304 304 304 304 304 304 305 305 305 305 306 305 305 305 305 306 305 305 305 305 305 306 306 305 305 305 305 305 305 306 306 306 306 306 306 306 306 306 306 306 306 306 306 306 306 307 307 307 307 307 307 307 308 309 309 309 310 310 310 310 310 310 310 310 311 311 311 311 312 311 311 311 311 311 312 286 286 286 287 288 288 288 288 287 287 287 285 285 287 287 287 288 288 288 287 287 286 286 286 286 286 286 286 287 287 287 288 288 288 288 288 288 288 288 288 288 288 288 288 289 289 289 289 289 289 289 289 289 289 290 290 290 290 290 290 290 291 291 291 291 291 291 291 291 291 291 292 292 292 292 292 292 292 292 293 292 293 293 293 293 293 293 293 293 294 294 294 294 294 294 294 294 294 294 294 295 294 294 295 295 295 295 295 295 295 295 295 296 296 296 296 296 296 296 296 296 296 297 297 297 297 297 297 297 297 297 297 298 298 298 298 298 299 299 299 299 299 299 299 299 299 299 299 300 300 301 300 300 300 300 299 299 300 300 300 300 301 301 301 300 300 300 301 301 301 302 302 301 302 302 302 302 302 303 302 302 302 302 303 303 303 303 303 303 303 304 304 303 303 304 304 304 304 304 304 304 304 304 304 304 304 304 304 304 304 304 304 304 304 305 304 305 305 305 305 305 305 305 305 306 305 305 305 305 305 305 305 305 305 305 305 305 305 305 306 306 306 306 306 306 306 306 306 306 306 306 306 306 306 307 307 307 307 308 308 308 308 308 308 309 309 310 310 310 310 310 310 310 310 311 311 311 311 311 311 311 311 311 312 312 312 312 288 287 288 288 289 289 290 290 288 288 289 289 284 285 285 286 287 286 287 286 285 286 286 286 286 286 286 287 287 287 288 288 288 288 288 288 288 288 288 288 288 288 288 288 289 289 289 289 289 289 289 289 289 289 290 290 290 290 290 290 291 291 291 291 291 291 291 291 291 291 292 292 292 292 292 292 292 292 292 293 293 293 293 293 293 293 293 293 293 294 294 294 294 294 294 294 295 294 294 294 294 295 295 294 295 295 295 295 295 295 295 295 296 296 296 296 296 296 296 296 296 297 297 297 297 297 297 297 297 297 297 298 298 297 298 298 298 298 299 299 299 299 299 299 299 299 299 299 299 300 301 300 300 300 300 300 300 300 300 300 301 301 301 301 301 300 300 301 301 301 301 302 301 302 302 301 301 302 303 303 302 302 302 302 303 303 303 303 303 304 304 304 304 303 304 303 304 304 304 304 304 304 304 304 304 304 304 304 304 304 304 304 304 304 305 304 305 305 304 305 305 305 305 305 305 305 305 305 305 305 305 305 305 305 305 305 305 305 306 306 306 306 306 306 306 306 306 306 306 306 306 306 307 306 307 308 308 308 308 309 309 308 308 308 308 309 310 310 310 310 310 310 310 311 311 311 311 311 311 311 311 311 312 312 312 311 312 289 290 290 291 290 290 289 290 290 289 288 287 285 285 286 285 285 285 285 285 285 286 286 286 287 287 287 288 288 288 288 288 288 288 288 288 288 289 288 288 289 289 289 289 289 289 289 289 289 289 289 290 290 290 290 290 290 290 291 291 291 291 291 291 291 291 291 291 291 291 292 292 292 292 292 292 292 293 293 293 293 293 293 293 293 293 293 293 294 294 294 294 294 294 295 294 294 294 294 295 294 294 295 295 295 295 295 295 295 295 295 296 296 296 296 296 296 296 296 297 297 297 297 297 297 297 297 297 297 297 297 298 298 298 298 299 299 299 299 299 299 299 299 299 299 299 300 300 300 300 300 300 301 301 301 300 300 301 301 301 301 301 300 300 300 300 300 301 302 302 301 302 302 302 301 302 302 302 303 303 302 302 302 302 302 303 303 304 304 304 304 303 303 303 303 303 303 304 304 304 304 304 305 305 305 304 304 304 305 305 304 305 304 304 305 305 305 305 305 305 305 304 304 305 305 305 305 305 305 305 305 305 305 305 305 305 306 306 306 306 306 306 306 306 306 306 306 306 306 307 308 308 308 307 308 308 309 309 309 309 309 309 309 308 309 309 310 310 310 310 310 311 311 311 311 311 311 311 311 312 312 311 311 312 290 290 290 290 290 290 290 290 289 288 288 287 286 286 286 287 286 285 286 286 286 286 286 287 287 287 288 288 288 288 288 288 288 288 289 289 289 288 289 289 289 289 289 289 289 289 289 289 289 289 290 290 290 290 290 290 291 291 291 291 291 291 291 291 291 291 291 291 291 292 292 292 292 292 292 292 293 293 293 293 293 293 293 293 293 293 293 294 294 294 294 294 294 294 294 294 295 295 295 295 295 295 295 295 295 295 295 295 295 295 295 296 295 296 296 296 296 296 297 297 297 297 297 297 297 297 297 298 298 298 298 298 298 298 299 299 299 299 298 298 299 299 299 299 299 299 300 300 300 300 300 300 301 300 301 301 301 300 300 300 300 300 301 301 300 300 300 301 302 301 301 302 301 301 302 302 302 303 303 303 303 303 303 302 302 303 303 303 303 303 303 303 303 303 303 304 304 304 304 305 304 305 305 305 305 304 305 305 305 305 305 305 304 305 305 305 305 305 305 304 304 305 304 304 305 305 305 305 306 305 305 305 305 305 305 306 306 306 306 306 306 306 306 306 306 306 307 307 306 307 308 309 309 309 308 308 309 310 310 310 309 309 308 309 310 310 310 310 310 311 311 311 310 311 311 311 311 311 312 311 311 311 289 289 289 289 289 289 289 290 289 288 288 287 287 288 288 289 289 287 286 286 287 286 286 286 287 287 287 288 288 288 288 288 288 288 288 289 289 289 288 289 289 289 289 289 289 289 289 289 290 289 289 289 290 290 290 290 290 290 291 291 291 291 291 291 291 291 291 291 291 291 292 292 292 292 292 292 292 293 293 293 293 293 293 293 294 294 293 293 293 294 294 294 294 294 294 294 295 295 295 295 295 295 295 295 296 295 295 295 295 295 295 295 296 296 296 296 296 296 297 297 297 297 297 297 297 297 297 297 297 298 298 298 298 298 298 298 298 298 299 299 298 299 299 299 299 299 299 300 300 300 300 300 300 300 300 300 301 300 300 300 300 300 300 301 301 300 300 300 301 301 301 301 301 301 301 302 302 302 302 302 302 303 303 303 302 302 303 303 303 303 303 303 303 303 304 303 304 304 304 304 305 305 305 305 305 305 305 305 305 304 304 304 304 305 305 305 305 306 306 305 304 305 305 304 305 304 304 305 305 305 305 305 305 305 305 305 305 305 306 306 306 306 306 307 307 307 307 308 308 307 307 307 308 309 309 309 309 309 310 310 310 310 309 308 309 310 310 311 311 311 311 310 310 310 310 310 310 311 311 311 311 311 312 289 288 288 288 288 288 289 289 289 289 289 289 289 289 290 290 289 288 287 287 287 286 286 286 287 287 287 287 288 288 288 288 288 288 288 288 289 289 289 288 288 289 289 289 289 289 289 289 290 290 290 290 290 290 290 290 290 290 290 290 291 291 291 291 291 291 291 291 291 292 292 292 292 292 292 292 292 292 293 293 293 293 293 293 293 294 294 294 293 293 294 294 294 294 294 294 295 295 295 295 295 295 295 295 295 296 295 295 295 295 295 295 296 296 296 296 296 296 297 297 297 297 297 297 297 297 297 297 297 298 298 298 298 298 298 298 298 298 298 298 299 299 299 299 299 299 300 300 300 300 300 300 300 300 300 300 300 300 300 300 300 300 300 300 301 301 301 300 300 301 301 301 301 301 301 301 301 302 302 302 302 302 302 303 302 302 302 302 303 303 303 303 303 303 303 303 303 304 304 304 304 305 305 305 305 305 305 305 305 305 305 305 305 304 304 305 305 305 306 306 305 305 305 305 305 305 305 305 305 305 305 305 305 305 305 305 305 306 306 306 305 305 306 306 307 307 308 308 309 309 308 307 307 308 309 309 310 310 309 310 310 310 310 309 309 309 309 310 311 311 311 311 310 310 310 310 310 310 311 311 310 311 311 311 311 289 288 289 289 288 287 288 289 289 290 291 291 290 290 291 290 289 288 287 287 286 286 286 286 287 287 287 288 288 288 288 288 288 288 288 289 289 289 289 288 289 289 289 289 289 289 289 289 289 290 290 290 290 290 290 290 290 290 290 290 290 290 291 291 291 291 291 291 291 292 291 292 292 292 292 292 292 293 293 293 293 293 293 294 293 293 293 293 293 293 294 294 294 294 294 295 295 295 295 295 295 295 295 295 295 296 296 296 295 295 295 295 296 296 296 296 296 296 297 297 297 297 297 297 297 297 297 297 298 298 298 298 298 298 298 298 298 298 298 298 298 298 299 299 300 300 299 299 299 300 300 300 300 300 300 300 300 300 300 300 300 300 300 301 301 301 301 301 301 301 301 301 301 301 300 301 301 301 301 302 302 302 302 302 302 302 302 302 302 302 303 303 303 303 303 303 303 304 304 304 304 305 305 305 305 305 305 305 305 306 305 304 304 304 304 304 305 306 306 306 305 306 306 305 305 305 305 305 305 305 305 305 305 305 305 305 305 305 306 306 306 306 306 306 306 306 307 308 308 309 308 307 307 308 309 309 310 309 310 310 311 311 310 309 309 309 309 310 311 311 311 311 311 310 310 310 310 310 311 311 311 311 311 311 289 289 289 290 290 289 289 288 287 288 290 290 290 290 290 291 291 290 289 289 289 288 287 286 286 286 287 287 287 288 288 288 288 288 288 288 288 288 289 289 289 288 289 289 289 289 289 289 289 289 289 289 290 290 290 290 290 290 290 290 290 290 290 291 291 291 291 291 291 291 291 291 291 291 291 292 292 292 292 292 293 293 293 293 293 293 293 293 294 294 294 293 293 294 294 294 294 295 295 295 295 295 295 295 295 295 296 296 296 296 296 295 295 295 296 296 296 296 296 297 297 297 297 297 297 297 297 297 297 297 298 298 298 298 298 298 298 298 298 298 298 299 298 299 299 299 299 300 299 299 299 300 300 300 300 300 300 300 301 301 300 301 301 301 302 302 301 301 301 301 301 301 302 301 301 301 300 301 301 301 301 301 302 302 302 302 302 302 302 302 302 302 303 303 303 303 303 304 303 304 304 304 305 305 305 305 305 305 305 305 305 305 305 305 304 304 304 305 305 306 305 305 305 305 305 305 305 305 305 305 305 304 304 304 304 305 305 305 305 305 305 306 306 306 307 307 307 306 306 307 307 308 309 308 308 307 308 309 309 309 309 310 310 310 310 310 309 309 310 310 310 310 310 311 311 311 311 311 310 310 310 310 311 311 311 312 289 289 290 291 289 289 289 289 287 288 289 289 288 289 288 290 291 290 290 290 290 289 288 286 286 286 287 287 287 288 288 288 288 288 288 288 288 288 288 289 289 289 289 289 289 289 289 289 289 289 289 289 290 290 290 290 290 290 290 290 290 290 290 291 291 291 291 291 292 291 291 292 292 292 292 291 292 292 293 293 293 293 293 293 293 293 293 294 294 294 294 294 293 293 294 294 294 295 295 295 295 295 295 295 295 295 296 296 296 296 295 295 296 296 296 296 296 296 296 297 297 297 297 297 297 297 297 297 297 297 298 298 298 298 298 298 298 298 298 298 299 299 299 299 299 299 299 299 299 299 299 300 300 300 300 300 300 300 301 301 301 301 301 301 301 301 301 301 301 301 301 301 302 302 302 301 301 300 301 301 301 301 301 302 302 302 302 302 302 302 302 302 303 303 303 303 303 304 304 304 304 305 304 304 304 304 304 305 304 305 305 305 306 305 305 304 305 305 305 305 305 304 304 304 304 304 304 305 305 305 304 304 304 304 304 305 305 305 305 305 305 306 306 306 307 308 308 307 306 307 308 308 309 309 309 308 308 308 308 309 309 309 309 310 311 310 310 310 311 311 310 310 310 310 310 311 311 311 310 310 311 311 311 311 311 290 290 290 289 288 288 289 289 288 287 288 288 288 288 288 290 291 291 291 291 290 289 288 287 286 286 287 287 287 288 288 288 288 288 288 288 288 288 289 289 289 289 289 289 289 289 289 289 289 289 289 289 290 290 290 290 290 290 290 290 290 290 291 291 291 291 291 292 292 292 292 292 292 292 292 292 292 292 293 293 293 293 293 293 293 293 293 294 294 294 294 294 294 293 294 294 294 295 295 295 295 295 295 295 295 295 295 296 296 296 295 295 295 296 296 296 296 296 297 297 297 297 297 297 297 297 297 297 297 297 298 298 298 298 298 298 298 298 298 298 299 299 299 299 299 300 299 300 299 299 299 300 300 300 300 300 300 300 300 301 301 301 301 301 301 301 301 301 301 301 301 301 302 301 301 301 301 300 301 301 301 301 301 302 302 302 302 302 302 302 302 302 302 303 303 303 304 304 304 304 304 304 304 304 304 304 304 304 304 305 305 305 306 305 305 305 305 305 305 305 305 304 304 304 304 304 304 304 305 305 304 304 304 304 304 305 305 305 305 305 305 306 306 307 307 307 308 308 307 307 307 308 308 309 309 309 309 309 308 309 309 309 310 310 310 311 311 311 311 311 311 311 310 310 310 311 311 311 311 310 311 311 311 311 311 290 289 288 289 289 288 288 287 288 288 287 287 288 288 289 290 291 291 291 289 289 288 287 287 286 286 287 287 288 288 288 288 288 288 289 289 289 289 289 289 289 289 289 289 289 289 289 289 290 290 290 290 290 290 290 290 290 290 290 290 290 290 291 291 291 292 292 292 292 292 292 292 292 292 292 292 293 293 293 293 293 293 293 293 293 293 293 293 294 294 294 294 294 294 294 294 295 295 295 295 295 295 295 295 296 295 295 296 295 295 295 295 296 296 296 296 296 297 297 297 297 297 297 297 297 297 297 297 298 298 298 298 298 298 298 298 298 298 298 299 299 299 299 299 299 300 300 300 299 299 300 300 300 300 300 300 300 300 300 301 301 301 301 301 301 301 301 301 301 301 302 301 301 301 301 301 301 301 301 301 301 301 302 302 302 302 302 302 302 302 302 302 303 303 303 304 304 304 304 304 304 304 304 304 304 304 304 305 305 305 305 306 305 305 305 305 305 305 306 305 305 304 304 304 304 304 304 304 304 304 304 304 304 305 305 305 305 305 305 306 306 306 306 307 308 308 308 308 308 307 308 308 309 309 309 309 309 309 309 309 309 310 310 310 310 310 311 311 311 311 310 310 310 310 310 310 311 310 310 310 310 311 311 311 290 289 290 290 290 289 289 289 289 288 287 287 287 288 288 288 290 290 290 289 288 287 287 287 287 287 287 288 288 288 288 288 288 289 289 289 289 289 289 289 289 289 289 289 289 289 289 290 290 290 290 290 290 290 290 290 290 290 290 290 290 291 291 291 291 292 292 292 292 292 292 292 293 293 293 293 293 293 293 293 293 293 293 293 293 294 294 294 294 294 294 294 294 294 294 294 295 295 295 295 295 295 295 295 295 295 295 295 295 295 295 295 296 296 296 296 296 297 297 297 297 297 297 297 297 297 297 297 298 298 298 298 298 298 298 298 298 298 299 299 299 300 299 300 299 300 300 300 300 299 299 300 300 300 300 300 300 300 300 301 301 301 301 301 301 301 301 301 301 301 302 301 301 301 301 301 301 301 301 301 301 301 302 302 302 302 302 302 302 302 302 302 303 303 303 303 303 303 303 303 303 303 304 304 304 305 305 305 305 305 305 305 305 305 305 305 304 305 305 305 305 304 304 304 304 304 304 304 304 304 304 304 304 304 304 305 305 305 306 306 306 307 307 307 308 308 308 308 308 308 308 308 308 308 309 309 309 309 309 310 310 311 310 310 310 310 310 309 309 309 309 310 310 310 311 311 310 310 311 310 310 310 311 291 291 291 290 289 288 287 288 288 288 288 288 287 287 288 288 289 290 289 287 287 287 287 287 287 287 288 288 288 288 288 289 289 289 289 289 289 289 289 289 289 289 289 289 289 289 290 290 290 290 290 290 290 290 290 290 290 290 290 290 291 291 291 291 292 292 292 292 292 292 293 293 293 293 293 293 293 293 293 293 293 293 293 294 294 294 294 293 294 294 294 294 294 294 294 294 295 295 295 295 295 295 295 295 295 295 296 296 295 295 295 296 296 296 296 296 297 297 297 297 297 297 297 297 297 297 297 298 298 298 298 298 298 298 298 298 298 299 298 299 299 299 300 300 300 300 300 300 300 300 299 300 300 300 300 300 300 300 301 301 301 301 301 301 301 301 301 301 301 301 301 301 301 301 301 301 301 301 301 301 301 302 302 302 302 302 302 302 302 302 303 303 302 302 303 303 303 303 303 303 303 304 304 304 305 305 305 305 305 304 305 305 304 304 305 304 305 305 304 304 304 304 304 304 304 304 304 304 304 304 304 304 305 304 305 305 305 305 305 306 306 306 307 308 308 308 308 309 308 308 308 308 308 308 309 309 309 309 310 310 310 310 310 310 310 309 310 309 309 309 309 309 309 310 311 310 310 309 309 310 310 311 290 290 290 291 289 288 288 289 290 290 289 289 288 288 287 287 288 289 290 289 288 287 287 287 287 287 287 288 288 288 288 288 289 289 289 289 289 289 289 289 289 289 289 289 289 289 289 289 290 290 290 290 290 290 290 290 290 290 290 290 290 291 291 292 292 292 292 292 292 292 292 292 293 293 293 293 293 293 293 293 293 293 293 293 294 294 294 294 293 294 294 294 294 294 294 294 294 295 295 295 295 295 295 295 295 296 296 296 296 296 295 295 296 296 296 296 297 297 297 297 297 297 297 297 297 297 297 297 298 298 298 298 298 298 298 298 298 298 298 298 299 299 299 299 300 299 299 300 300 300 300 300 300 300 300 300 300 300 300 301 301 301 300 301 301 301 301 301 301 301 301 302 301 301 301 301 301 301 301 301 301 301 302 302 302 302 302 302 302 302 302 302 302 302 302 302 303 302 303 303 303 303 304 304 304 305 305 305 305 304 304 304 304 304 303 304 304 303 304 303 303 303 304 304 304 304 304 304 304 304 304 304 304 304 305 305 306 306 305 305 305 305 306 307 307 307 307 308 308 309 308 309 308 308 309 309 309 310 309 310 310 310 310 310 309 309 310 311 310 310 309 309 308 309 310 310 309 309 309 310 310 310 311 290 290 289 289 288 289 290 291 291 291 290 289 289 288 287 287 287 287 288 288 288 287 287 287 287 287 288 288 288 288 288 289 289 289 289 289 289 289 289 289 289 289 289 289 289 289 289 290 290 290 290 290 290 290 290 290 290 290 290 290 291 291 291 291 292 292 292 292 292 292 292 292 292 293 293 293 293 293 293 293 293 293 293 293 294 294 294 294 294 294 294 294 294 294 294 294 294 294 295 295 295 295 295 295 295 295 296 296 296 296 295 295 296 296 296 296 297 297 297 297 297 297 297 297 297 297 297 297 298 298 298 298 298 298 298 298 298 298 298 298 299 299 299 299 299 299 299 300 300 300 300 300 300 300 300 300 300 300 300 301 301 301 301 301 301 301 301 301 301 301 301 302 302 301 301 301 301 301 301 301 301 301 301 302 302 302 302 302 302 302 302 302 302 302 303 302 303 303 303 303 303 303 303 304 304 304 305 304 304 304 303 303 303 304 304 303 303 303 303 303 303 304 304 304 304 304 304 304 304 304 304 304 305 305 305 305 305 306 306 306 306 305 305 306 306 306 307 307 308 308 308 309 308 308 308 309 309 310 310 310 310 311 310 310 310 310 310 310 310 310 310 309 309 308 309 310 309 309 310 310 311 311 311 311 311 310 291 290 290 289 289 290 290 290 290 290 290 289 289 288 288 288 288 287 287 286 287 287 287 287 287 288 288 288 288 288 289 289 289 289 289 289 289 289 289 289 289 289 289 289 289 290 290 290 290 290 290 290 290 290 290 290 290 290 290 291 291 291 291 291 291 292 292 292 292 292 292 292 292 292 293 293 293 293 293 293 293 293 293 293 293 294 294 294 294 294 294 294 294 294 294 294 294 294 295 295 295 295 295 295 295 295 295 296 296 295 295 295 296 296 296 296 297 297 297 297 297 297 297 297 297 297 297 298 298 298 298 298 298 298 298 298 298 298 298 299 299 299 299 299 299 299 300 300 300 300 300 300 300 300 300 300 300 301 301 301 301 301 301 301 301 301 301 301 301 301 301 301 302 302 301 301 301 301 301 301 301 301 301 302 302 302 302 302 302 302 302 302 302 302 303 302 302 303 303 303 303 303 304 303 304 304 304 304 304 303 303 303 303 303 303 303 303 303 303 304 304 304 304 304 304 304 304 304 304 304 304 305 305 305 305 306 306 306 306 306 306 305 306 306 307 306 307 308 308 308 309 309 309 308 309 309 309 309 310 310 310 310 310 310 310 310 310 311 310 310 309 309 309 308 309 309 309 309 310 310 310 310 310 310 310 310 310 291 290 289 290 290 291 291 290 289 289 289 288 288 288 288 288 288 288 287 287 287 287 287 287 288 288 288 288 288 289 289 289 289 289 289 289 289 289 289 289 289 289 289 289 290 290 290 290 290 290 290 290 290 290 290 290 290 290 291 291 291 291 291 291 292 292 292 292 292 292 292 292 292 293 293 293 293 293 293 293 293 293 293 293 293 294 294 294 294 294 295 295 294 294 294 294 294 294 295 295 295 295 295 295 295 296 296 296 295 295 295 296 296 296 296 297 297 297 297 297 297 297 297 297 297 298 298 298 298 298 298 298 298 298 298 298 298 298 299 299 299 299 299 299 300 300 299 300 300 300 300 300 300 300 300 301 301 301 301 301 301 301 301 301 301 301 301 301 301 301 301 301 302 301 301 301 301 301 301 301 301 301 301 302 302 302 302 302 302 302 302 302 302 302 302 303 303 303 303 303 303 303 303 303 304 304 303 303 303 303 303 303 303 303 303 304 304 304 304 304 304 304 304 304 304 304 305 304 304 304 304 304 305 305 305 305 306 306 307 306 306 306 307 308 307 307 307 308 308 308 309 309 309 309 309 309 310 310 309 309 309 310 309 310 310 311 311 311 310 310 309 309 309 309 309 309 308 308 309 309 309 310 310 310 310 310 309 309 291 291 291 291 292 292 291 290 289 289 289 288 289 289 289 288 287 287 287 287 287 287 288 288 288 288 288 289 289 289 289 289 289 289 289 289 289 289 289 289 289 290 290 289 289 290 290 290 290 290 290 290 290 291 291 290 291 291 291 291 291 291 291 291 292 292 292 292 292 292 292 292 293 293 293 293 293 293 293 293 293 293 293 294 294 294 294 294 294 295 295 294 295 295 294 294 294 294 295 295 295 295 296 296 296 296 296 295 295 296 296 296 296 296 297 297 297 297 297 297 297 297 297 297 298 298 298 298 298 298 298 298 298 298 299 299 298 299 299 299 299 299 299 299 299 299 299 300 300 300 300 300 300 300 300 301 301 301 301 301 301 301 301 301 301 301 302 302 301 301 302 302 302 301 301 301 301 301 301 301 301 301 301 302 302 302 302 302 302 302 302 302 302 303 303 303 303 303 304 304 303 303 303 303 303 303 303 303 303 303 303 303 304 304 304 304 304 304 304 304 304 304 304 304 304 304 304 304 305 305 305 304 305 305 306 306 306 307 306 306 307 307 308 308 307 307 307 308 308 308 309 309 309 309 310 310 310 310 310 309 309 309 310 310 311 310 310 310 309 309 309 310 310 309 309 309 308 308 308 309 309 309 309 309 309 309 309 310 292 292 292 292 292 291 290 290 290 289 289 289 290 289 289 288 287 287 287 287 288 288 288 288 288 288 289 289 289 289 289 289 289 289 289 289 290 289 289 289 289 289 289 290 290 290 290 290 290 290 290 290 290 291 290 291 291 291 291 291 291 291 291 292 292 292 292 292 292 292 292 293 293 293 293 293 293 293 293 293 294 294 294 294 294 294 294 294 295 295 295 295 295 295 294 294 294 294 295 295 295 296 296 296 296 296 296 295 296 296 296 296 296 297 297 297 297 297 297 297 297 297 297 298 298 298 298 298 298 298 298 298 298 298 298 298 299 299 299 299 299 299 299 299 299 300 300 300 300 300 300 300 300 300 301 301 301 301 301 301 301 301 301 301 301 301 301 301 301 301 301 302 301 301 301 301 301 301 301 301 301 301 302 302 302 302 302 302 302 302 302 303 303 303 303 303 303 303 304 303 303 303 303 303 303 303 303 303 303 303 303 304 304 304 304 304 304 304 304 304 304 304 304 304 304 305 305 305 305 306 305 304 305 305 306 306 306 306 306 306 307 308 308 308 308 308 308 308 309 309 309 309 310 310 311 310 310 310 310 309 309 310 310 310 309 309 310 310 310 309 309 311 311 310 310 309 309 308 308 308 308 309 309 309 309 309 309 310 292 291 291 290 290 290 289 290 289 288 288 288 289 288 288 287 287 287 288 288 288 288 288 288 289 289 289 289 289 289 289 289 289 290 290 289 289 290 290 290 290 290 290 290 290 290 290 290 290 290 290 290 290 290 291 291 291 291 291 291 291 292 292 292 292 292 292 292 292 292 293 293 293 293 293 293 293 293 294 294 294 294 294 294 294 294 294 295 295 295 295 295 295 294 294 294 295 295 295 296 296 296 295 296 295 295 296 296 296 296 296 296 297 297 297 297 297 297 297 297 297 298 298 298 298 298 298 298 298 298 298 298 298 298 298 299 299 299 299 299 299 299 299 300 300 300 300 300 300 300 300 300 301 301 301 301 301 301 301 301 301 301 301 301 301 301 301 301 301 301 301 301 301 301 301 301 301 301 301 302 302 302 302 302 302 302 302 303 303 303 303 303 303 303 303 303 303 304 303 303 303 303 303 303 303 303 303 303 303 303 304 304 304 304 304 304 304 304 304 304 304 304 304 304 304 305 305 305 305 305 304 304 305 306 306 306 306 307 307 307 307 308 308 308 308 308 309 309 309 310 310 310 310 309 309 309 310 309 309 310 310 310 309 309 309 309 310 309 309 310 310 310 310 310 310 309 309 309 308 309 309 309 309 309 309 310 310 310 291 291 291 291 290 290 289 288 287 288 288 288 287 287 287 287 288 288 288 288 288 289 289 289 289 289 289 289 289 289 289 290 289 290 290 290 290 290 290 290 290 290 290 290 290 290 290 290 290 290 290 291 291 291 291 291 291 291 292 292 292 292 292 292 292 292 293 293 293 293 293 293 293 293 293 293 294 294 294 294 294 294 294 294 295 295 295 295 295 295 295 294 294 295 295 295 296 296 296 296 296 296 296 296 296 296 296 296 296 297 297 297 297 297 297 297 297 297 298 298 298 298 298 298 298 298 298 298 298 298 298 298 299 299 299 299 299 300 299 299 299 300 300 300 300 300 300 300 300 300 300 300 301 301 301 301 301 301 301 301 301 301 301 301 301 301 301 301 301 301 301 301 301 301 301 301 301 301 301 302 302 302 303 302 302 303 303 303 303 303 303 303 303 303 303 303 303 303 302 303 303 303 303 303 303 304 304 304 304 304 304 304 304 304 304 304 304 304 304 304 304 304 304 305 305 305 305 305 305 304 305 305 306 306 307 307 307 307 307 307 307 308 309 308 308 308 309 310 309 309 309 309 309 309 309 309 310 309 309 309 309 309 309 309 309 309 310 310 309 309 309 309 309 309 309 309 308 309 309 309 309 309 309 310 310 310 311 291 292 291 290 289 289 288 287 287 288 287 287 287 287 288 288 288 288 288 289 289 289 289 289 289 289 289 289 289 289 289 290 290 290 290 290 290 290 290 290 290 290 290 290 290 290 290 290 291 291 291 291 291 291 291 291 291 292 292 292 292 292 292 292 292 293 293 293 293 293 293 293 293 293 294 294 294 294 294 294 294 294 295 295 295 295 295 295 295 294 294 294 295 295 295 296 296 296 296 296 296 296 296 296 296 296 296 297 297 297 297 297 297 297 297 297 298 298 298 298 298 298 298 298 298 298 299 299 299 299 299 299 299 299 299 300 300 300 300 300 300 300 300 300 300 300 300 300 300 300 301 301 301 301 301 301 301 301 301 301 301 301 301 301 302 302 301 301 301 301 301 301 301 301 301 301 301 301 302 302 302 302 302 303 303 303 302 303 303 303 302 302 302 302 302 303 303 303 303 303 303 303 303 303 304 304 304 304 304 304 304 304 304 304 304 304 304 305 305 305 305 305 305 305 306 305 305 305 305 305 305 305 306 306 306 306 306 307 308 308 308 307 308 308 309 310 310 310 311 310 309 309 309 309 309 309 309 309 309 308 308 309 309 310 310 310 309 308 309 309 308 308 308 309 308 309 308 309 309 309 309 310 310 310 310 311 291 291 291 290 290 289 288 287 287 286 286 287 287 287 288 288 288 288 288 288 288 289 289 289 289 289 289 289 289 289 289 289 290 290 290 290 290 290 290 290 290 290 290 290 290 290 291 291 290 291 291 291 291 291 291 291 291 291 292 292 292 292 292 292 293 293 293 293 293 293 293 293 293 294 294 294 294 294 294 294 294 295 295 295 295 295 295 295 295 295 295 294 295 295 295 296 296 296 296 297 296 296 296 296 297 297 297 297 297 297 297 297 298 298 298 298 298 298 298 298 298 298 298 298 299 299 299 299 299 299 299 299 299 299 300 300 300 300 300 300 300 300 300 300 300 300 300 300 300 301 301 301 301 301 301 300 301 301 301 301 301 301 301 301 301 302 301 301 301 301 301 301 301 301 301 301 301 301 302 301 302 302 302 302 303 303 302 302 303 302 302 302 302 303 303 303 303 303 303 304 304 303 303 304 304 304 304 304 304 304 304 304 304 304 304 304 304 305 305 305 305 306 306 305 306 306 306 306 306 306 306 306 307 306 307 306 307 308 308 308 308 308 308 308 309 310 310 310 310 309 309 309 309 309 309 310 310 310 310 310 309 309 309 310 310 310 310 309 309 309 308 308 309 309 309 309 309 309 309 309 310 310 310 310 310 310 290 290 290 289 289 288 288 287 287 287 286 287 287 287 288 288 288 288 288 288 289 289 289 289 289 289 289 289 289 289 289 290 290 290 290 290 289 290 290 289 289 290 290 290 290 290 291 291 291 291 292 291 291 291 291 291 291 292 292 292 292 292 292 293 293 293 293 293 293 293 293 294 294 294 294 294 294 294 294 294 294 295 295 295 295 295 295 295 295 295 295 295 295 295 296 296 296 296 297 297 296 296 297 297 296 297 297 297 297 297 297 298 298 298 298 298 298 298 298 298 298 298 298 299 299 299 299 299 299 299 299 299 299 299 300 300 300 300 300 300 300 300 300 300 300 300 300 300 301 301 301 300 301 301 300 301 301 301 301 301 301 301 301 301 302 302 301 301 301 301 301 301 301 302 302 302 302 302 302 302 302 302 302 303 303 303 302 302 302 302 302 303 303 303 303 303 303 303 303 303 303 303 304 304 304 304 304 304 304 304 304 304 304 304 304 304 304 304 305 305 305 306 306 306 306 307 306 306 307 307 307 307 307 308 307 307 307 307 308 308 308 308 308 309 310 310 310 309 309 309 310 310 310 310 310 310 310 311 310 309 310 310 309 309 310 309 309 309 309 309 309 310 309 309 309 308 308 309 309 309 310 310 310 310 310 310 290 290 290 289 288 288 287 287 287 287 287 287 287 288 288 288 288 288 288 289 289 289 289 289 289 289 289 289 289 289 289 290 289 289 290 289 289 289 289 289 290 290 290 290 290 291 291 291 291 292 292 292 292 292 291 291 292 292 292 292 292 292 292 293 293 293 293 293 293 293 293 294 294 294 294 294 294 294 294 295 295 295 295 295 295 295 295 295 295 295 295 295 295 296 296 296 297 297 297 297 296 296 297 297 297 297 297 297 297 297 298 298 298 298 298 298 298 298 298 298 298 298 298 299 299 299 299 299 299 299 299 299 299 300 300 300 300 300 300 300 300 300 300 300 300 300 300 301 301 300 300 300 301 301 301 301 301 301 301 301 301 301 301 301 301 301 301 301 301 301 301 302 302 302 302 302 302 301 302 302 302 302 303 303 303 302 302 302 302 303 303 303 303 303 303 303 303 303 303 303 304 304 304 304 304 304 304 304 304 304 304 304 304 304 305 305 305 305 305 305 305 306 307 307 307 307 307 307 307 307 307 307 308 307 307 307 308 308 308 308 308 308 309 310 310 310 310 310 309 310 311 310 310 310 310 311 311 310 310 310 310 310 310 309 309 310 310 310 310 310 310 309 309 309 309 308 309 310 309 310 309 310 310 310 310 290 289 289 289 288 288 287 287 287 287 287 287 287 288 288 288 288 288 288 289 289 289 289 289 289 289 289 289 289 289 289 289 289 289 290 290 289 289 289 290 290 290 290 290 290 290 290 290 290 291 291 292 292 292 292 292 292 292 292 292 292 292 292 293 293 293 293 293 293 293 293 293 294 294 294 294 294 294 294 294 294 295 295 295 295 295 295 295 296 295 295 295 295 296 296 296 297 297 296 296 296 296 296 297 297 297 297 297 297 298 298 298 298 298 298 298 298 298 298 298 298 298 298 299 299 299 299 299 299 299 299 299 299 299 299 300 300 300 300 300 300 300 300 300 300 300 300 300 300 300 300 301 301 301 301 301 301 301 301 301 301 301 301 301 301 301 301 301 301 301 301 302 302 302 302 302 302 301 302 302 302 302 302 302 302 302 302 302 303 303 303 303 303 303 303 303 303 303 303 304 304 304 304 304 304 304 304 304 304 304 304 304 304 304 304 304 305 305 305 305 306 306 307 307 307 307 307 307 308 308 308 308 307 308 308 308 308 308 308 308 308 309 309 310 310 310 310 310 310 310 310 310 310 310 311 310 310 310 310 309 309 309 309 309 310 310 311 311 310 310 309 309 309 309 309 308 308 309 309 309 309 310 310 310 288 288 288 287 287 287 286 287 287 287 288 288 288 288 288 288 288 289 289 289 289 289 289 289 289 289 289 289 289 289 289 289 290 290 289 289 289 290 290 290 290 290 290 290 290 290 290 291 291 292 292 292 292 292 292 293 293 293 292 292 293 293 293 293 293 294 293 293 293 293 293 293 294 294 294 294 294 294 294 295 295 295 295 296 296 296 296 296 296 296 296 296 296 296 296 296 297 297 296 296 296 297 297 297 297 297 298 298 298 298 298 298 298 298 298 298 298 298 298 298 298 298 299 299 299 299 299 299 300 300 300 299 299 300 300 300 300 300 300 300 300 300 300 301 301 300 300 300 301 301 301 301 301 301 301 301 301 301 301 302 302 301 301 301 301 300 301 301 301 302 302 302 302 302 302 302 302 302 302 302 302 302 302 302 302 303 303 303 303 303 303 303 303 303 303 303 303 303 303 304 304 304 304 304 304 304 304 304 304 304 305 305 304 305 305 305 305 305 306 307 307 306 307 307 307 307 308 308 309 309 308 308 308 308 308 308 308 309 309 309 310 310 310 310 310 311 311 311 310 310 310 310 311 311 310 310 310 310 310 310 310 309 310 310 310 311 311 310 310 309 309 309 309 309 309 309 310 309 310 310 310 288 287 287 287 287 287 286 286 286 287 287 288 288 288 288 288 288 289 289 289 289 289 289 289 289 289 289 289 289 289 289 289 289 289 290 290 290 290 290 290 290 290 290 290 290 290 290 290 291 291 291 292 292 292 292 292 292 292 292 292 293 293 293 293 293 293 293 293 293 293 294 294 294 294 294 294 294 294 294 294 294 294 295 295 296 296 296 296 296 296 296 296 295 295 296 296 296 296 296 296 296 296 297 297 297 297 297 298 298 298 298 298 298 298 298 298 298 298 298 298 298 298 298 299 299 299 299 299 299 300 300 300 300 300 300 300 300 300 300 300 300 300 300 300 300 301 301 300 300 300 301 301 301 301 301 301 301 301 301 301 301 302 302 302 302 301 301 301 301 301 302 302 302 302 302 302 302 302 302 302 302 302 302 302 302 302 303 303 303 303 303 303 303 303 303 303 303 303 303 303 303 304 304 304 304 304 304 304 304 304 304 304 305 305 304 304 305 305 305 306 307 307 306 307 308 308 308 308 308 309 309 309 309 309 308 309 309 309 309 310 310 310 310 309 310 310 310 310 310 311 311 310 310 311 310 310 310 310 310 311 310 310 310 310 311 311 310 310 310 309 309 309 309 309 309 309 309 309 309 310 310 310 287 287 287 287 288 287 287 287 287 288 288 288 288 288 288 288 289 289 289 289 289 289 289 289 289 289 289 289 289 289 289 289 290 290 290 290 290 290 290 290 290 290 290 291 291 291 291 291 291 292 292 292 292 291 292 293 292 292 292 292 293 293 293 293 293 293 293 293 294 294 294 294 294 294 294 294 294 295 295 295 295 295 295 295 295 296 295 295 295 295 295 295 296 296 296 296 296 296 296 297 297 297 297 297 297 298 298 298 298 298 298 298 298 298 298 298 298 298 298 299 299 299 299 299 299 299 299 299 300 300 300 300 300 300 300 300 300 300 300 300 300 300 300 301 301 300 300 300 300 301 301 301 301 301 301 301 301 301 301 302 302 302 302 301 301 301 301 301 302 302 302 302 302 302 302 302 302 302 302 302 302 302 302 303 303 303 303 303 303 303 303 303 303 303 303 303 303 303 303 304 304 304 304 304 304 304 304 304 304 304 305 305 305 305 305 306 306 307 307 307 306 307 307 307 307 309 309 309 309 309 309 309 309 309 310 310 310 309 309 310 310 309 310 310 310 310 310 310 310 311 311 311 310 310 309 310 310 311 310 310 310 310 311 310 310 309 309 309 309 309 309 309 309 310 309 309 309 309 310 310 288 288 287 287 287 287 287 287 287 288 288 288 288 288 288 288 288 289 289 289 289 289 289 289 289 289 289 289 289 289 289 289 290 290 290 290 290 290 290 290 290 290 290 291 291 291 291 291 291 291 292 291 291 291 292 292 293 293 293 293 293 292 293 293 293 293 293 293 293 294 294 294 294 294 294 294 295 295 295 295 295 296 296 296 296 295 295 296 296 296 296 296 296 297 296 296 296 296 296 297 297 297 297 297 297 297 298 298 298 298 298 298 298 298 298 298 298 299 299 299 299 299 299 299 299 299 299 299 299 300 300 300 300 300 300 301 300 300 300 300 300 300 300 300 301 301 301 300 300 301 301 301 301 301 301 301 301 301 301 301 301 301 301 301 301 301 301 301 302 302 302 302 302 302 302 302 302 302 302 302 302 302 303 303 303 303 303 303 303 303 303 303 303 303 303 303 303 303 303 303 304 304 304 304 304 304 304 305 305 304 305 305 305 305 305 305 306 306 307 307 306 306 306 306 307 308 308 309 309 309 308 309 309 310 309 309 310 310 309 309 310 309 310 310 309 309 310 310 310 311 311 310 310 310 310 310 310 311 311 310 310 311 310 310 310 310 309 309 309 309 309 309 309 309 309 309 309 309 309 310 287 286 286 287 287 287 288 288 288 288 288 288 288 288 288 289 289 289 289 289 289 289 289 289 289 289 290 290 290 289 290 290 290 290 290 290 290 290 290 290 291 291 291 291 291 291 291 291 291 291 291 291 292 292 293 293 293 293 292 292 292 293 292 293 293 293 293 293 294 294 294 294 294 294 294 294 294 295 295 295 295 295 295 296 296 296 296 297 296 296 296 296 296 296 296 296 296 297 297 297 297 297 297 298 298 298 298 298 298 298 298 298 298 298 299 299 299 299 299 299 299 299 299 299 299 299 300 300 299 300 300 300 300 300 300 300 300 300 300 300 300 300 300 301 300 301 301 301 301 301 301 301 301 301 301 301 301 301 301 301 301 301 301 301 301 301 301 301 302 302 302 302 302 302 302 302 302 302 302 302 303 303 303 303 303 303 303 303 303 303 303 303 303 303 303 303 303 303 304 304 304 304 304 304 304 304 305 305 305 305 305 305 305 305 306 306 306 306 306 306 306 306 306 307 308 309 309 308 308 308 309 309 309 309 309 310 309 309 309 309 310 309 309 309 310 310 310 310 311 311 310 310 310 311 311 311 311 311 311 312 311 311 310 309 309 309 309 309 309 309 310 310 310 310 309 309 309 287 287 287 287 287 287 288 288 288 288 288 288 288 288 288 288 289 289 289 289 289 289 289 289 289 290 290 290 290 290 290 290 290 290 290 290 290 290 290 290 291 291 291 291 291 291 291 291 291 291 291 291 292 292 293 293 293 293 292 292 293 293 292 292 293 293 293 293 293 293 294 294 294 294 294 294 295 295 295 295 295 296 296 295 295 295 296 296 296 296 296 296 296 296 296 296 296 297 297 297 297 297 297 297 297 298 298 298 298 298 298 298 298 298 299 299 299 299 299 299 299 299 299 299 299 299 299 299 299 300 300 300 300 300 300 300 300 300 300 300 301 301 300 300 300 301 301 301 301 301 301 301 301 301 301 301 301 301 302 301 301 301 301 301 301 301 302 302 302 302 303 302 302 302 302 302 302 302 302 302 303 303 303 303 303 303 303 303 303 303 303 303 303 303 304 304 303 303 304 304 304 304 304 304 304 304 305 305 305 305 305 305 305 305 306 305 306 306 306 307 307 307 307 308 308 309 309 309 309 308 308 309 309 309 309 309 309 309 309 309 309 309 309 309 309 309 310 310 310 310 311 310 311 311 311 311 311 311 312 312 311 311 310 309 309 309 309 309 309 309 309 309 309 309 309 309 309 287 287 287 287 287 287 288 288 288 288 288 288 288 289 288 288 288 289 289 289 289 289 289 289 289 290 290 290 290 290 290 290 290 290 290 290 290 290 290 290 291 291 291 291 291 291 291 291 291 291 291 291 292 292 292 293 293 293 293 293 293 293 292 293 293 293 293 293 293 294 294 294 294 294 294 294 295 295 295 295 295 295 295 295 295 296 296 297 297 297 297 297 296 296 296 296 296 296 297 297 297 297 297 297 297 298 298 298 298 298 298 298 298 299 299 299 299 299 299 299 299 299 299 299 299 299 299 299 299 300 300 300 300 300 300 300 300 300 300 300 300 300 300 300 300 300 301 301 301 301 301 301 301 301 301 301 301 302 302 301 301 301 301 301 301 301 301 301 302 302 303 302 302 302 302 302 302 302 302 302 303 303 303 303 303 303 303 303 303 303 303 303 303 304 304 303 303 303 303 304 304 304 304 304 305 305 305 305 305 305 305 305 305 305 306 306 305 305 306 306 307 306 306 308 308 308 308 309 309 309 308 308 309 308 309 309 309 309 309 309 309 309 309 310 310 310 309 310 310 310 311 311 311 310 311 311 310 311 311 311 311 310 310 310 310 309 309 309 309 309 309 309 309 309 309 309 287 287 286 286 287 287 287 287 287 287 288 288 288 288 288 289 289 289 289 289 289 289 289 289 289 289 289 290 290 290 290 290 290 290 290 290 290 290 290 290 290 291 291 291 291 291 291 291 291 291 291 291 291 291 291 292 292 292 293 293 293 293 293 293 293 293 293 293 293 293 293 293 294 294 294 294 294 295 295 295 295 295 295 295 295 295 295 296 296 296 297 297 296 296 296 296 296 296 296 296 297 297 297 297 297 297 297 298 298 298 298 298 298 298 299 299 299 299 299 299 299 299 299 299 299 299 299 299 299 299 299 299 300 300 300 300 300 300 300 300 300 300 300 300 300 300 300 301 301 301 301 301 301 301 301 301 301 301 301 302 302 302 301 301 301 301 301 301 302 302 302 302 302 302 302 302 302 302 302 302 302 303 303 303 303 303 303 303 303 303 303 303 303 303 303 303 303 304 304 303 303 304 304 304 304 304 304 305 305 305 305 305 305 305 305 305 305 305 305 305 306 306 306 306 306 307 308 307 307 307 308 308 308 308 308 308 309 309 309 309 309 309 310 309 309 310 310 310 310 310 310 310 311 311 310 310 310 310 310 311 311 310 310 310 310 310 310 309 309 309 308 308 309 309 309 309 309 310 287 287 287 287 287 287 287 287 287 287 288 288 288 288 288 289 289 289 289 289 289 289 289 289 289 289 289 290 290 290 290 290 290 290 290 290 290 290 290 290 291 291 291 291 291 291 291 291 291 291 291 291 291 291 292 292 292 292 293 293 293 293 293 293 293 293 294 294 293 293 293 293 294 294 294 294 295 295 295 295 295 295 295 295 295 295 296 296 296 296 296 296 296 297 297 297 297 296 296 297 297 297 297 297 297 297 298 298 298 298 298 298 298 299 299 299 299 299 299 299 299 299 299 299 299 299 299 299 299 299 299 299 300 300 300 300 300 300 300 300 300 300 300 301 300 300 301 301 301 301 301 301 301 301 301 301 301 301 301 302 302 301 301 301 301 301 301 302 302 302 302 302 302 302 302 302 302 302 302 302 303 303 303 303 303 303 303 303 303 303 303 303 303 304 304 304 304 304 303 303 304 304 304 304 304 304 304 305 305 305 305 305 305 305 305 305 305 305 305 306 305 305 306 306 307 307 307 307 307 307 307 307 308 308 309 309 309 309 309 309 309 310 310 309 309 310 310 310 309 310 310 311 311 310 310 310 310 310 310 310 310 310 309 310 310 310 310 309 308 308 309 310 310 310 288 288 288 287 287 287 287 287 287 288 288 288 288 288 288 289 289 289 289 289 289 289 289 289 289 290 290 290 290 290 290 290 290 290 290 290 290 290 290 291 291 291 291 291 291 291 291 291 291 291 291 292 292 292 292 292 292 292 293 293 293 293 293 293 293 293 293 293 293 293 293 293 294 294 294 294 295 295 295 295 295 295 295 295 295 295 296 296 296 296 297 297 297 297 297 296 296 296 297 297 297 297 297 297 297 298 298 298 298 298 298 298 299 299 299 299 299 299 299 299 299 299 299 299 299 299 299 299 299 299 299 300 300 300 300 300 300 300 300 300 300 300 300 300 300 301 301 301 301 301 301 301 301 301 301 301 301 301 302 302 301 302 301 301 301 301 302 302 302 302 302 302 302 302 302 302 302 303 303 303 303 303 303 303 303 303 303 303 303 304 303 304 304 304 304 304 304 304 304 304 304 304 304 304 304 304 305 305 304 304 304 304 304 304 305 305 305 305 305 305 305 305 306 307 307 306 306 306 307 308 308 308 308 308 309 309 309 309 309 309 310 310 310 309 309 310 310 310 310 310 311 311 310 310 311 310 310 310 310 310 310 310 309 310 310 309 309 309 309 309 310 288 287 288 287 287 287 287 288 288 288 288 288 288 289 289 289 289 289 289 289 289 290 289 290 290 290 290 290 290 290 290 290 290 290 290 290 291 291 291 291 291 291 291 291 291 291 291 291 292 292 292 292 292 292 292 292 292 292 293 293 293 293 293 293 293 293 293 293 293 293 294 294 294 294 295 295 295 295 295 295 295 295 295 296 296 296 296 296 297 298 297 297 297 297 297 297 297 297 297 297 297 297 297 298 298 298 298 298 298 299 299 299 299 299 299 299 299 299 299 299 299 299 299 299 299 299 299 299 299 300 300 300 300 300 300 300 300 300 300 300 300 300 301 301 301 301 301 301 301 301 301 301 301 301 301 301 302 302 302 301 302 301 301 301 302 302 302 302 302 302 302 302 302 302 302 303 303 303 303 303 303 303 303 303 303 303 304 304 304 304 304 303 303 303 303 304 304 304 304 304 304 304 304 305 305 305 304 304 304 304 304 304 305 305 305 305 305 305 305 305 306 307 307 306 307 307 307 308 309 309 309 308 309 310 310 309 310 309 309 310 310 310 309 309 310 310 311 310 311 311 311 311 311 311 310 310 310 310 311 310 310 309 309 309 309 310 310 310 288 288 288 287 287 288 287 287 288 288 288 288 288 289 289 289 289 289 289 289 289 289 290 290 290 290 290 290 290 290 290 290 290 290 290 291 291 291 291 291 291 291 291 291 291 291 291 292 292 292 292 292 292 292 292 292 292 292 293 293 293 293 293 293 293 293 293 293 294 294 294 294 294 294 294 294 294 295 295 295 295 295 295 296 296 296 296 297 297 297 297 297 297 297 297 297 297 297 297 297 297 297 297 297 298 298 298 298 298 298 299 299 299 299 299 299 299 299 299 299 299 299 299 299 299 299 299 300 300 300 300 300 300 300 300 300 300 300 300 300 300 301 300 301 301 301 301 301 301 301 301 301 301 301 301 302 302 302 302 302 302 302 301 302 302 302 302 302 302 302 302 302 302 302 302 303 303 303 303 303 303 303 303 303 303 304 304 304 304 304 304 303 303 303 303 304 303 304 304 304 304 304 304 305 305 304 304 304 304 304 305 305 305 305 305 306 305 306 305 305 305 306 306 307 308 308 307 308 308 309 309 309 309 310 310 309 310 309 310 310 310 310 309 309 310 311 311 311 310 310 310 311 310 310 310 309 309 310 310 309 309 309 309 310 311 289 288 288 288 288 288 288 287 288 288 288 288 288 289 289 289 289 289 289 289 289 289 290 290 290 290 290 290 290 290 290 290 290 290 291 291 291 291 291 291 291 291 291 291 291 291 292 292 292 292 292 292 292 293 292 292 292 293 293 293 293 293 293 293 293 293 293 293 294 294 294 294 294 294 294 294 294 295 295 295 295 295 296 296 296 297 297 297 297 297 297 297 297 296 297 297 297 297 298 298 297 297 297 297 298 298 298 298 298 298 298 299 299 299 299 299 299 299 299 299 299 299 299 299 299 299 300 300 300 300 300 300 300 300 300 300 300 300 300 301 300 300 300 300 301 301 301 301 301 300 301 301 301 302 302 302 302 302 302 302 302 302 302 302 302 302 302 302 302 302 302 302 302 303 302 302 303 303 303 303 303 303 303 303 303 304 304 304 304 304 304 303 303 303 303 304 304 304 304 304 304 305 305 305 304 304 304 304 305 305 305 305 305 305 305 305 306 306 306 305 305 306 306 307 308 308 308 307 308 308 309 309 309 310 309 309 310 310 310 310 310 310 309 310 310 311 311 310 310 310 310 309 309 309 309 309 309 309 309 309 310 310 288 288 287 288 288 288 288 288 288 288 288 288 288 289 289 289 289 289 289 289 289 290 290 290 290 290 290 290 290 290 290 290 290 290 291 291 291 291 291 291 291 291 291 291 291 292 291 292 292 292 292 292 292 293 293 292 293 293 293 293 293 293 293 293 293 293 293 294 294 294 294 294 294 294 294 294 295 295 295 295 295 295 296 296 296 296 297 297 297 297 297 296 297 297 298 298 297 297 298 298 298 298 297 297 297 298 298 298 298 298 298 299 299 299 299 299 299 299 299 299 299 299 299 299 299 299 300 300 300 300 300 300 300 300 300 300 300 301 301 301 301 300 301 301 300 301 301 301 301 301 301 301 301 301 302 302 302 302 302 302 302 302 302 302 302 302 302 302 302 302 303 302 302 302 302 302 303 303 303 303 303 303 303 303 303 304 304 304 303 304 303 303 303 303 304 304 304 304 304 305 305 304 304 304 304 304 305 305 305 305 306 306 305 306 305 306 306 306 305 306 306 306 306 306 307 307 307 308 308 308 309 309 310 310 309 309 309 310 310 310 310 310 310 309 310 310 310 310 309 310 310 309 309 309 309 309 309 309 309 310 310 288 287 287 287 287 288 288 288 288 288 288 288 288 288 289 289 289 289 289 289 290 290 290 290 290 290 290 290 290 290 290 290 291 291 291 291 291 291 291 291 291 291 291 291 291 292 291 292 292 292 292 292 292 293 293 293 293 293 293 293 293 293 293 293 294 294 294 294 294 294 294 294 294 295 295 295 295 295 295 295 295 295 295 295 295 296 296 297 297 297 297 297 297 297 298 298 297 297 298 297 297 297 297 297 297 297 297 298 298 298 298 298 299 299 299 299 299 299 299 299 299 299 299 299 299 299 300 300 300 300 300 300 300 300 300 300 300 301 300 301 300 300 301 301 301 301 301 301 301 301 300 301 301 302 302 302 302 302 302 302 302 302 302 302 302 302 301 302 302 302 302 302 302 302 302 302 303 303 303 303 303 303 303 303 303 303 304 304 303 303 303 303 304 304 304 304 304 304 304 304 304 303 304 304 304 305 305 305 306 306 306 306 306 306 306 306 306 306 306 306 306 306 306 307 307 307 307 307 308 309 309 309 309 310 309 309 309 309 310 310 309 310 309 310 310 309 309 309 310 310 309 309 309 310 309 309 309 310 310 288 288 288 288 288 288 288 288 288 288 289 288 288 288 288 289 289 289 289 289 290 290 290 290 290 290 290 290 290 290 290 291 291 291 291 291 291 291 291 291 291 291 291 291 291 291 291 292 292 292 292 292 292 293 293 293 293 293 293 293 293 293 293 293 294 294 294 294 294 294 294 294 294 295 295 295 295 295 295 295 295 295 295 296 296 296 297 297 298 297 297 296 297 297 298 298 297 298 298 297 297 297 297 297 297 297 297 297 298 298 298 298 298 299 299 299 299 299 299 299 299 299 299 299 299 300 300 300 300 300 300 300 300 300 300 300 300 300 300 300 300 301 301 301 301 301 301 301 301 301 301 301 301 301 301 302 302 302 302 302 302 302 302 302 302 302 302 301 302 302 302 302 302 302 302 303 303 303 303 303 303 303 303 303 303 304 304 304 303 303 303 303 304 304 304 304 304 304 304 303 303 304 304 304 305 305 306 307 307 307 307 307 307 307 306 306 307 306 306 306 306 307 308 307 307 307 308 309 309 309 310 309 309 310 310 310 309 310 309 309 309 309 309 309 310 310 309 310 310 310 310 288 288 288 288 288 288 288 288 288 289 289 289 289 288 288 289 289 289 289 289 290 290 290 290 290 290 290 290 290 290 290 291 291 291 291 291 291 291 291 291 291 291 291 291 291 291 291 291 292 292 292 292 292 292 293 293 293 293 293 293 293 293 293 293 294 294 294 294 294 294 294 294 295 295 295 295 295 295 295 295 295 295 295 296 296 297 297 298 298 298 297 297 297 297 298 298 297 297 298 298 298 297 297 297 297 298 298 298 298 298 298 298 298 299 299 299 299 299 299 299 299 299 299 299 299 299 300 300 300 300 300 300 300 300 300 300 300 300 300 300 300 300 301 301 301 301 301 301 302 301 301 301 301 301 301 301 302 302 302 302 302 302 302 302 302 302 302 302 302 302 302 302 302 302 303 303 303 303 303 303 303 303 303 303 303 304 304 304 303 303 303 303 303 304 304 304 304 304 303 303 304 304 304 305 305 306 306 306 307 307 307 306 306 306 306 306 306 306 306 307 307 307 307 307 308 308 308 309 310 310 310 310 310 310 310 310 310 310 310 289 289 289 289 289 289 289 289 289 289 289 290 290 290 290 290 290 290 290 290 290 290 290 291 291 291 291 291 291 291 291 291 291 291 291 291 292 292 292 292 292 292 292 292 292 292 293 293 293 293 293 293 293 293 293 294 294 294 294 294 294 294 294 295 295 295 295 295 295 295 295 295 295 295 295 295 296 296 297 298 299 298 297 298 298 298 298 298 297 298 298 299 299 298 298 298 298 298 298 298 297 298 298 298 298 299 299 299 299 299 299 299 299 299 299 299 299 299 299 300 300 300 300 300 300 300 300 300 300 300 300 300 300 300 300 300 301 301 301 301 302 301 301 301 301 300 301 301 302 302 302 302 302 302 302 303 302 302 302 302 302 302 302 302 302 303 303 303 303 303 303 303 303 303 303 303 303 304 304 303 303 303 303 303 303 304 303 303 304 304 304 305 305 306 306 307 307 307 306 306 307 306 307 306 306 306 307 307 308 307 308 308 310 310 310 310 289 289 289 289 289 289 289 290 290 290 290 290 290 290 290 290 290 290 290 291 291 291 291 291 291 291 291 291 291 291 291 291 291 292 292 292 292 292 292 292 292 293 293 293 293 293 293 293 293 294 294 294 294 294 294 294 294 294 295 295 295 295 295 295 295 295 295 295 296 296 297 297 297 298 299 299 299 299 299 299 299 298 298 299 299 299 299 298 298 298 298 298 298 298 298 298 298 298 298 299 299 299 299 299 299 299 299 299 299 299 299 299 299 299 300 300 300 300 300 300 300 300 300 300 300 300 300 301 301 301 301 301 301 301 301 302 302 301 301 300 300 301 302 302 302 302 302 302 302 303 303 302 301 301 301 301 302 302 303 303 303 303 303 303 303 303 303 303 303 303 303 304 304 304 304 303 303 303 303 303 303 304 304 305 306 305 306 307 307 306 307 307 306 306 307 307 307 306 307 308 290 289 290 289 289 290 290 290 290 290 290 290 290 290 290 290 290 291 291 291 291 291 291 291 291 291 291 291 291 291 291 291 292 292 292 292 292 292 292 292 293 293 293 293 293 293 293 294 294 294 294 294 294 294 294 294 294 294 294 295 295 295 295 295 295 295 296 296 297 297 297 297 298 299 298 298 298 299 299 299 299 299 299 298 299 298 298 298 298 298 298 298 298 298 298 298 298 298 299 299 299 299 299 299 299 299 299 299 299 299 299 299 299 300 300 300 300 300 300 300 300 300 300 300 300 301 301 301 301 301 301 301 301 301 302 301 301 301 300 301 301 302 302 302 302 302 302 302 302 302 302 302 301 301 302 302 303 303 303 303 303 303 303 303 303 303 303 303 303 304 304 304 303 303 304 305 305 306 306 307 307 306 307 290 290 289 290 290 290 290 291 290 290 289 290 290 290 290 290 291 291 291 291 291 291 291 291 291 291 291 291 291 291 292 292 292 292 292 292 292 293 293 293 293 293 293 293 293 294 294 294 294 294 294 294 294 294 294 294 294 294 294 295 295 295 296 296 296 296 296 297 298 299 298 297 297 297 298 299 299 299 299 298 297 298 298 298 298 298 297 297 297 298 298 298 298 298 298 299 299 299 299 299 299 299 299 299 299 299 299 299 299 299 299 299 300 300 300 300 300 300 300 300 300 300 300 301 301 300 300 301 301 301 301 302 302 301 301 300 301 301 301 302 302 302 302 302 302 302 302 302 301 301 302 302 302 303 303 303 303 303 303 303 303 303 303 303 303 303 303 303 303 290 290 290 290 290 290 290 291 290 290 290 289 289 289 290 290 290 291 291 291 291 291 291 291 291 291 292 291 291 291 292 292 292 292 292 292 292 293 293 293 293 293 293 293 294 294 294 294 294 294 294 294 294 294 294 294 294 294 295 295 295 295 295 296 297 297 296 297 297 299 299 298 297 297 297 298 299 299 299 298 297 298 298 298 298 298 298 298 298 298 298 298 298 298 298 299 299 299 299 299 299 299 299 299 299 299 299 299 299 299 299 300 300 300 300 300 300 300 300 300 301 300 300 300 300 300 300 301 301 301 301 302 302 302 301 301 301 301 301 302 302 303 302 302 302 302 302 302 302 301 302 302 302 302 303 303 303 303 303 303 303 303 303 303 303 303 303 290 290 291 290 291 291 291 290 290 290 290 290 290 290 290 290 291 291 291 291 291 291 292 292 292 292 292 292 292 292 292 292 293 293 293 293 293 293 293 293 293 294 294 294 294 293 293 293 293 294 294 294 294 294 295 296 296 295 296 295 296 297 298 298 298 298 299 299 298 298 298 297 297 298 299 299 298 297 298 298 298 298 298 298 298 298 298 298 298 298 298 298 299 299 299 299 299 299 299 299 299 299 299 299 299 299 299 300 300 300 300 300 300 300 300 300 300 300 301 301 301 300 301 301 301 302 302 302 302 301 301 301 301 301 301 302 302 303 302 301 301 301 301 302 301 302 302 302 303 303 303 303 303 303 303 303 303 303 303 303 303 291 291 291 291 291 290 290 290 290 290 290 290 290 290 290 291 291 292 292 292 292 292 292 291 292 292 292 292 293 293 293 293 293 293 293 293 293 294 294 294 293 293 294 294 294 295 295 296 295 296 296 296 296 296 297 297 296 297 299 299 299 299 299 298 298 298 298 298 297 298 298 299 298 298 298 298 298 298 298 298 297 298 298 298 298 298 298 298 298 298 299 299 299 299 299 299 299 299 299 300 300 300 300 300 300 300 300 300 300 300 300 301 300 301 301 301 301 301 302 302 302 301 301 301 301 302 302 302 302 302 301 302 301 302 302 302 302 302 302 302 303 303 303 303 303 303 303 303 303 303 303 292 292 292 291 291 291 290 289 289 290 291 291 290 290 291 292 292 292 292 291 291 291 292 292 292 292 292 293 293 293 293 293 293 293 293 293 293 293 293 293 293 294 295 295 296 296 297 297 297 298 297 296 297 297 298 298 298 298 298 298 298 299 298 297 297 297 298 297 298 298 298 298 298 297 297 297 297 297 297 297 298 298 298 298 298 298 298 298 298 298 299 299 299 299 299 299 299 299 300 300 300 300 300 300 300 300 300 300 300 300 301 301 301 301 301 302 302 302 302 301 301 301 302 302 302 302 302 302 302 302 302 302 302 302 301 302 302 302 303 303 303 303 303 303 303 303 293 292 292 291 291 291 290 290 290 291 291 290 290 291 292 292 292 291 291 292 292 292 292 292 293 293 293 293 293 293 293 293 293 293 293 293 293 293 293 293 294 295 295 296 297 297 298 298 299 298 297 298 298 298 298 297 297 297 297 298 298 298 298 298 298 297 297 298 298 298 298 297 297 297 297 298 298 298 298 298 298 298 298 298 298 298 298 298 298 298 298 299 299 298 299 299 299 299 300 300 300 300 300 300 300 300 300 301 301 300 301 301 301 301 302 302 301 301 301 302 302 302 302 302 302 302 301 302 302 302 303 303 303 303 292 292 291 292 292 291 291 292 291 290 291 292 292 292 291 291 292 292 292 292 292 293 293 293 293 293 293 293 293 293 293 293 293 293 293 294 294 294 294 294 295 295 295 296 297 298 299 299 298 299 299 299 298 298 297 297 297 298 298 298 298 298 298 298 298 298 298 298 298 298 298 298 298 298 298 299 299 298 299 299 298 298 298 298 298 298 298 298 298 298 299 298 299 299 299 299 300 300 300 300 300 299 300 300 300 300 301 301 302 302 302 302 302 302 302 302 303 303 303 292 292 293 293 292 291 292 292 292 292 292 291 291 291 291 292 292 292 292 292 293 293 293 293 293 293 293 293 293 293 293 293 293 293 293 294 294 295 295 296 296 296 297 297 298 299 299 299 300 300 299 299 298 298 297 297 297 298 298 298 298 298 298 298 298 298 298 298 298 299 299 299 298 299 300 300 300 299 299 298 298 298 298 298 298 298 298 298 298 298 298 298 299 299 299 300 300 300 300 300 299 300 300 300 300 300 302 303 303 303 293 294 294 294 293 292 292 292 292 292 291 291 291 291 291 292 292 292 292 292 293 293 293 293 293 293 293 293 293 293 293 293 293 293 293 294 294 295 295 296 297 296 296 297 298 298 298 298 299 298 298 298 298 298 299 298 298 298 298 298 298 298 298 298 298 298 299 299 299 299 299 299 299 299 300 300 300 299 299 299 298 298 298 299 299 298 298 298 298 298 298 298 299 299 299 300 300 300 300 300 299 300 300 301 301 294 295 294 293 293 292 291 291 291 291 291 291 292 292 292 292 292 292 292 293 293 293 293 293 293 293 293 293 293 293 293 294 294 295 294 295 295 296 297 297 297 298 299 299 298 298 297 297 298 297 297 298 298 298 298 298 298 298 298 298 298 298 298 298 298 298 299 300 300 301 301 300 301 301 301 301 300 300 299 299 299 299 299 299 299 299 298 298 298 299 299 299 299 300 299 300 300 300 300 300 300 295 294 293 292 292 291 291 291 291 292 292 292 292 292 292 292 292 293 293 293 293 293 293 293 293 293 293 293 293 294 294 295 295 295 296 296 297 298 298 299 299 299 299 298 298 297 297 297 297 297 297 297 297 298 298 298 298 298 298 298 298 298 299 299 300 299 299 300 301 302 302 303 302 301 300 300 300 299 299 299 299 299 299 299 299 298 298 298 298 299 299 299 299 299 300 300 300 300 300 294 293 292 291 291 291 291 291 291 291 291 291 291 292 292 292 292 292 293 293 293 293 293 293 293 293 293 293 293 294 295 294 295 295 296 296 297 297 297 298 299 299 299 299 299 298 298 298 298 298 298 297 298 298 298 298 298 298 298 299 299 299 299 300 301 301 300 301 302 301 300 299 299 299 298 298 299 299 299 299 299 299 298 298 299 299 299 299 299 299 299 300 301 292 292 291 291 291 291 291 291 291 291 291 291 292 292 292 292 292 292 292 293 293 293 293 293 293 293 293 293 293 293 294 294 295 296 297 297 297 296 296 297 298 299 300 300 300 300 300 299 299 299 299 299 299 298 298 298 298 298 298 298 299 300 300 300 302 302 302 302 299 298 298 298 299 299 299 299 299 298 298 298 299 299 299 299 300 300 300 300 291 291 291 291 291 291 291 291 291 292 292 292 292 292 292 292 292 292 292 292 293 293 293 293 294 293 293 294 294 294 293 294 295 295 295 296 295 296 296 296 297 297 298 298 298 298 298 299 299 300 300 300 299 298 299 299 299 299 299 300 301 301 302 303 299 298 298 298 299 299 299 299 299 298 298 297 298 298 299 299 299 299 300 299 290 291 291 291 291 290 291 291 292 292 292 292 292 292 292 292 292 292 292 292 293 293 293 293 294 294 294 294 294 294 294 294 294 294 294 295 295 295 295 296 296 296 296 296 297 297 297 297 297 298 299 299 299 299 299 300 299 300 300 300 301 302 303 298 298 299 298 298 298 299 299 299 298 297 297 297 298 298 299 299 299 299 290 290 290 290 290 290 291 291 291 292 292 292 292 292 292 292 292 292 292 292 292 293 294 295 295 295 294 294 295 295 295 294 294 294 295 295 295 295 295 296 296 296 296 296 297 297 297 298 298 298 299 299 299 299 300 300 300 301 301 302 303 298 298 299 299 299 298 298 298 297 298 298 297 297 298 298 298 298 290 290 290 290 291 291 291 291 291 291 291 292 292 292 292 292 293 292 292 292 293 292 293 294 294 294 295 296 295 295 295 295 295 295 295 296 296 296 296 296 296 297 296 297 298 298 298 298 299 299 300 299 300 301 300 301 302 302 302 298 299 299 299 299 299 299 299 299 298 298 297 297 297 298 298 290 291 291 292 291 292 292 292 292 292 293 293 293 293 293 294 294 293 293 293 293 293 293 294 295 296 296 296 296 295 295 295 295 295 296 296 297 297 296 297 297 297 297 298 299 299 299 300 300 301 301 301 302 302 303 303 303 298 299 299 299 299 299 299 299 299 299 298 298 297 298 298 292 292 292 292 293 293 293 293 293 293 294 294 294 294 295 295 295 295 295 294 294 294 294 295 296 297 296 295 295 295 296 296 296 295 295 296 296 297 297 298 298 298 299 300 301 301 302 302 302 302 302 303 303 298 298 298 298 298 299 298 298 298 298 297 297 298 292 292 292 293 293 293 294 294 294 294 294 295 295 295 295 296 296 296 296 296 296 296 296 296 296 296 297 296 296 295 296 297 296 297 296 296 296 297 298 299 300 300 301 301 301 302 303 298 298 298 298 299 298 298 298 298 298 297 294 293 294 294 294 295 294 294 294 294 295 295 295 296 296 296 296 296 296 296 296 296 296 296 297 297 297 297 296 296 297 298 297 297 296 296 296 297 298 298 299 301 302 302 298 298 299 299 299 299 299 298 298 298 297 295 294 295 295 295 295 295 294 294 294 295 295 296 296 296 296 296 296 296 296 296 296 296 296 296 297 297 297 296 296 297 298 298 297 297 297 297 298 298 298 299 301 298 298 298 298 299 299 299 298 298 298 298 297 295 296 296 296 296 295 295 294 294 295 295 295 295 295 296 296 296 296 296 296 296 296 297 297 297 297 298 298 297 297 297 297 298 298 299 299 298 299 299 300 301 298 298 298 298 298 299 299 299 299 299 298 298 297 297 296 295 295 295 295 295 295 295 295 295 295 295 295 295 296 296 296 296 296 296 297 297 298 298 298 298 298 298 297 298 300 300 300 301 300 300 300 301 298 298 298 298 298 299 299 299 297 296 296 294 294 294 294 295 295 295 295 295 296 296 296 295 296 296 296 296 297 297 298 298 298 299 299 299 299 298 298 299 301 298 298 298 298 297 297 297 296 295 294 294 294 294 295 295 295 295 296 296 296 296 296 296 297 297 297 298 298 298 299 300 300 300 299 299 299 300 298 297 296 295 295 294 294 294 294 295 295 295 295 295 295 296 296 296 296 297 297 298 299 298 298 300 300 297 296 295 294 294 294 294 294 294 295 295 295 295 295 296 296 296 296 296 297 298 298 299 299 299 300 301 295 294 294 293 293 294 295 295 295 295 295 295 295 296 296 296 297 297 297 298 299 300 300 299 300 293 293 294 294 295 295 295 295 295 295 295 296 296 296 296 297 298 298 299 300 301 293 294 295 295 294 294 295 295 295 296 296 296 296 296 297 297 298 298 299 300 293 294 294 295 295 294 294 295 295 296 296 296 296 297 297 298 299 299 299 300 295 295 295 295 294 294 295 295 296 296 297 297 298 298 298 299 300 300 300 296 296 295 295 295 295 294 295 296 297 297 298 298 299 299 299 300 300 300 296 296 296 296 296 296 295 295 295 296 297 298 298 299 299 299 299 300 295 296 296 296 296 296 296 296 296 296 297 298 298 298 298 299 300 296 295 296 297 297 297 297 297 297 297 297 297 297 297 298 299 301 297 296 296 296 297 297 297 298 298 298 298 297 297 298 299 300 300 297 296 296 296 296 297 297 298 299 298 297 297 299 299 300 300 301 297 296 296 297 297 297 298 299 298 298 298 298 298 298 299 300 297 297 296 297 298 298 298 299 299 299 298 299 299 299 299 300 301 297 297 296 297 298 298 298 299 299 299 298 298 300 300 301 301 301 297 297 297 296 297 297 298 298 299 299 299 299 299 300 301 301 298 298 297 297 297 297 297 298 298 298 299 300 300 299 300 301 301 298 298 298 298 297 298 297 298 299 300 299 299 300 301 300 300 301 301 301 298 298 298 299 299 299 299 298 298 298 299 300 299 299 300 301 300 300 301 301 301 302 298 298 298 298 299 299 299 299 299 299 299 299 300 300 300 300 300 300 301 301 300 301 302 297 298 298 299 298 298 298 299 299 299 300 300 300 300 300 300 300 301 301 301 300 298 298 298 298 298 299 299 299 299 299 299 299 300 300 300 300 300 300 300 301 298 298 298 299 299 299 299 298 299 299 298 299 299 299 300 300 300 301 299 299 299 299 299 299 298 298 299 299 299 299 300 300 300 300 301 298 298 299 299 298 299 299 299 299 299 300 301 298 298 298 299 300 300 300 