199 199 199 199 200 200 200 200 198 199 198 198 199 199 199 199 199 199 199 199 200 200 200 200 200 203 203 204 204 204 204 204 204 204 204 204 204 205 198 198 198 199 198 199 199 199 199 199 199 199 199 199 200 200 200 200 200 200 200 200 201 203 203 203 204 204 204 204 204 204 204 204 204 204 204 205 205 206 198 198 198 199 199 198 199 199 199 199 199 199 199 199 200 200 200 200 200 200 200 200 200 201 201 203 203 203 203 203 203 204 204 204 204 204 204 204 204 204 204 204 205 205 206 206 206 206 207 207 198 198 198 198 198 198 198 199 199 198 199 199 199 199 199 199 199 199 200 200 200 200 200 200 200 200 201 201 201 201 201 202 203 203 203 203 203 203 203 203 204 204 204 204 204 204 204 204 205 204 204 204 205 205 205 205 205 205 206 206 206 206 206 206 207 207 207 207 207 207 198 198 198 198 198 198 199 199 199 199 199 199 199 199 199 199 199 200 200 200 200 200 200 200 200 201 201 201 201 201 201 201 201 201 202 202 202 203 203 203 203 203 203 203 203 203 204 204 204 204 204 204 204 204 205 204 204 205 205 205 205 205 205 205 205 206 206 206 206 206 206 206 206 207 207 207 207 207 207 207 198 198 198 198 198 199 199 199 199 199 199 199 199 199 199 199 200 200 200 200 200 200 200 200 201 201 201 201 201 201 201 201 202 202 202 202 202 202 202 202 203 203 203 203 203 203 203 203 204 204 204 204 204 204 204 204 205 205 204 204 205 205 205 205 205 205 205 206 206 206 206 206 206 206 206 207 207 207 207 207 207 207 207 208 208 208 198 198 198 199 199 199 199 199 199 199 199 199 199 199 200 200 200 200 200 200 200 200 201 201 201 201 201 201 201 201 202 202 202 202 202 202 202 202 203 203 203 203 203 203 203 203 204 204 204 204 204 204 204 204 205 205 205 204 205 205 205 205 205 205 205 205 206 206 206 206 206 206 206 206 207 207 207 207 207 207 207 207 208 208 208 208 208 198 198 198 198 199 199 199 199 199 199 199 199 199 199 199 199 200 200 200 200 200 200 200 200 201 201 201 201 201 201 201 201 202 202 202 202 202 202 202 202 203 203 203 203 203 203 203 203 204 204 204 204 204 204 204 205 205 205 205 205 205 205 205 205 205 205 205 206 206 206 206 206 206 206 206 207 207 207 207 207 207 207 207 208 208 208 208 208 208 208 208 209 198 198 198 198 198 198 199 199 199 199 199 199 199 199 199 199 199 200 200 200 200 200 200 200 200 201 201 201 201 201 201 201 201 201 202 202 202 202 202 202 202 203 203 203 203 203 203 203 203 204 204 204 204 204 204 204 204 205 205 205 205 205 205 205 205 205 205 205 206 206 206 206 206 206 206 206 207 207 207 207 207 207 207 207 208 208 208 208 208 208 208 208 209 197 198 198 198 198 198 198 198 199 199 199 199 199 199 199 199 199 199 199 200 200 200 200 200 200 200 200 200 201 201 201 201 201 201 201 201 202 202 202 202 202 202 202 203 203 203 203 203 203 203 203 203 204 204 204 204 204 204 204 204 205 205 205 205 205 205 205 205 205 205 205 206 206 206 206 206 206 206 206 207 207 207 207 207 207 207 207 208 208 208 208 208 208 208 209 209 209 209 198 198 198 198 198 198 198 198 199 199 199 199 199 199 199 199 199 199 199 200 200 200 200 200 200 200 200 201 201 201 201 201 201 201 201 202 202 202 202 202 202 202 202 203 203 203 203 203 203 203 203 204 204 204 204 204 204 204 204 205 205 205 205 205 205 205 205 205 205 205 206 206 206 206 206 206 206 206 207 207 207 207 207 207 207 207 208 208 208 208 208 208 208 208 209 209 209 209 209 209 197 198 198 198 198 198 198 198 198 199 199 199 199 199 199 199 199 199 199 200 200 200 200 200 200 200 200 200 201 201 201 201 201 201 201 202 202 202 202 202 202 202 202 203 203 203 203 203 203 203 203 203 204 204 204 204 204 204 204 205 205 205 205 205 205 205 205 205 205 205 206 206 206 206 206 206 206 206 207 207 207 207 207 207 207 207 208 208 208 208 208 208 208 208 209 209 209 209 209 209 209 209 197 198 198 198 198 198 198 198 198 199 199 199 199 199 199 199 199 199 199 199 200 200 200 200 200 200 200 200 201 201 201 201 201 201 201 201 202 202 202 202 202 202 202 202 203 203 203 203 203 203 203 203 204 204 204 204 204 204 204 204 205 205 205 205 205 205 205 205 205 205 206 206 206 206 206 206 206 206 206 207 207 207 207 207 207 207 207 208 208 208 208 208 208 208 209 209 209 209 209 209 209 209 210 197 197 197 198 198 198 198 198 198 198 198 199 199 199 199 199 199 199 199 199 199 200 200 200 200 200 200 200 200 201 201 201 201 201 201 201 201 202 202 202 202 202 202 202 202 203 203 203 203 203 203 203 203 204 204 204 204 204 204 204 204 205 205 205 205 205 205 205 205 205 205 205 206 206 206 206 206 206 206 206 207 207 207 207 207 207 207 207 208 208 208 208 208 208 208 208 209 209 209 209 209 209 209 210 210 210 210 197 197 197 198 198 198 198 198 198 198 198 199 199 199 199 199 199 199 199 199 199 199 200 200 200 200 200 200 200 201 201 201 201 201 201 201 201 202 202 202 202 202 202 202 202 203 203 203 203 203 203 203 203 204 204 204 204 204 204 204 204 204 205 205 205 205 205 205 205 205 205 205 206 206 206 206 206 206 206 206 207 207 207 207 207 207 207 207 208 208 208 208 208 208 208 208 209 209 209 209 209 209 209 210 210 210 210 210 210 196 196 196 197 197 197 197 198 198 198 198 198 198 198 198 199 199 199 199 199 199 199 200 199 199 200 200 200 200 200 200 200 200 201 201 201 201 201 201 201 201 202 202 202 202 202 202 202 202 203 203 203 203 203 203 203 204 204 204 204 204 204 204 204 204 205 205 205 205 205 205 205 206 205 205 205 206 206 206 206 206 206 206 206 207 207 207 207 207 207 207 208 208 208 208 208 208 208 208 209 209 209 209 209 209 209 209 210 210 210 210 210 210 210 192 192 192 196 196 196 196 196 197 197 197 197 197 197 197 198 198 198 198 198 198 198 198 199 199 199 199 199 199 199 199 200 199 199 200 200 200 200 200 200 200 201 201 201 201 201 201 201 201 202 202 202 202 202 202 202 202 203 203 203 203 203 203 203 203 204 204 204 204 204 204 204 204 204 205 205 205 205 205 205 205 206 205 205 206 206 206 206 206 206 206 206 207 207 207 207 207 207 207 207 208 208 208 208 208 208 208 208 209 209 209 209 209 209 209 210 210 210 210 210 210 210 210 192 192 192 192 192 192 196 196 196 196 196 196 196 197 197 197 197 197 197 197 197 198 198 198 198 198 198 198 199 199 199 199 199 199 199 199 200 200 199 200 200 200 200 200 200 200 200 201 201 201 201 201 201 201 201 202 202 202 202 202 202 202 203 203 203 203 203 203 203 203 204 204 204 204 204 204 204 204 204 205 205 205 205 205 205 205 206 206 205 205 206 206 206 206 206 206 206 207 207 207 207 207 207 207 207 208 208 208 208 208 208 208 208 209 209 209 209 209 209 209 209 210 210 210 210 210 210 210 211 192 192 192 192 192 192 192 195 195 196 196 196 196 196 196 196 196 197 197 197 197 197 197 197 198 198 198 198 198 198 198 198 199 199 199 199 199 199 199 199 200 200 199 200 200 200 200 200 200 200 201 201 201 201 201 201 201 201 202 202 202 202 202 202 202 202 203 203 203 203 203 203 203 203 204 204 204 204 204 204 204 204 205 205 205 205 205 205 205 205 206 206 205 206 206 206 206 206 206 206 207 207 207 207 207 207 207 207 208 208 208 208 208 208 208 208 209 209 209 209 209 209 209 209 210 210 210 210 210 210 210 211 211 211 192 192 192 192 192 192 192 192 195 195 196 196 196 196 196 196 196 196 197 197 197 197 197 197 197 197 198 198 198 198 198 198 198 199 199 199 199 199 199 199 199 200 200 200 200 200 200 200 200 200 200 200 201 201 201 201 201 201 201 202 202 202 202 202 202 202 202 203 203 203 203 203 203 203 203 204 204 204 204 204 204 204 204 204 205 205 205 205 205 205 205 206 206 206 206 206 206 206 206 206 206 206 207 207 207 207 207 207 207 208 208 208 208 208 208 208 208 209 209 209 209 209 209 209 209 210 210 210 210 210 210 210 210 211 211 211 211 191 192 192 192 192 192 192 192 193 193 195 196 196 196 196 196 196 196 197 197 197 197 197 197 197 197 198 198 198 198 198 198 198 198 199 199 199 199 199 199 199 199 200 200 200 200 200 200 200 200 200 200 201 201 201 201 201 201 201 201 202 202 202 202 202 202 202 202 203 203 203 203 203 203 203 204 204 204 204 204 204 204 204 204 205 205 205 205 205 205 205 205 206 206 206 206 206 206 206 206 206 206 207 207 207 207 207 207 207 207 208 208 208 208 208 208 208 209 209 209 209 209 209 209 209 210 210 210 210 210 210 210 210 211 211 211 211 191 192 192 192 192 192 192 192 193 193 193 193 194 194 194 194 195 195 195 195 196 196 196 196 196 196 196 197 197 197 197 197 197 197 197 198 198 198 198 198 198 198 198 199 199 199 199 199 199 199 200 200 200 200 200 200 200 200 200 200 200 201 201 201 201 201 201 201 202 202 202 202 202 202 202 202 203 203 203 203 203 203 203 203 204 204 204 204 204 204 204 204 205 205 205 205 205 205 205 205 205 206 206 206 206 206 206 206 206 206 206 207 207 207 207 207 207 207 208 208 208 208 208 208 208 209 209 209 209 209 209 209 209 209 210 210 210 210 210 210 210 211 211 211 211 211 211 192 192 192 192 192 192 192 193 193 193 193 193 194 194 194 194 194 194 194 195 195 195 195 195 195 195 196 196 196 196 196 196 196 197 197 197 197 197 197 197 197 198 198 198 198 198 198 198 198 199 199 199 199 199 199 199 199 200 200 200 200 200 200 200 200 200 200 201 201 201 201 201 201 201 201 202 202 202 202 202 202 202 203 203 203 203 203 203 203 203 204 204 204 204 204 204 204 204 205 205 205 205 205 205 205 205 205 206 206 206 206 206 206 206 206 206 206 207 207 207 207 207 207 207 208 208 208 208 208 208 208 208 209 209 209 209 209 209 209 209 210 210 210 210 210 210 210 211 211 211 211 211 211 211 211 192 192 192 192 192 192 193 193 193 193 193 194 194 194 194 194 194 194 195 195 195 195 195 195 195 195 196 196 196 196 196 196 196 197 197 197 197 197 197 197 197 198 198 198 198 198 198 198 198 199 199 199 199 199 199 199 200 200 200 200 200 200 200 200 200 200 201 201 201 201 201 201 201 201 202 202 202 202 202 202 202 202 203 203 203 203 203 203 203 203 204 204 204 204 204 204 204 205 205 205 205 205 205 205 205 205 206 206 206 206 206 206 206 206 206 206 207 207 207 207 207 207 207 207 208 208 208 208 208 208 208 209 209 209 209 209 209 209 209 210 210 210 210 210 210 210 210 211 211 211 211 211 211 211 211 212 212 192 192 192 192 192 192 193 193 193 193 193 194 194 194 194 194 194 194 195 195 195 195 195 195 195 196 196 196 196 196 196 196 197 197 197 197 197 197 197 197 198 198 198 198 198 198 198 198 199 199 199 199 199 199 199 200 200 200 200 200 200 200 200 200 200 200 201 201 201 201 201 201 201 201 202 202 202 202 202 202 202 203 203 203 203 203 203 203 203 204 204 204 204 204 204 204 204 205 205 205 205 205 205 205 205 206 206 206 206 206 206 206 206 206 206 206 207 207 207 207 207 207 207 208 208 208 208 208 208 208 208 209 209 209 209 209 209 209 210 210 210 210 210 210 210 210 211 211 211 211 211 211 211 211 212 212 212 212 212 191 191 191 191 192 192 192 192 192 192 192 192 193 193 193 193 193 193 194 194 194 194 194 194 195 195 195 195 195 195 195 195 196 196 196 196 196 196 196 197 197 197 197 197 197 197 198 198 198 198 198 198 198 198 198 199 199 199 199 199 199 199 200 200 200 200 200 200 200 200 200 200 201 201 201 201 201 201 201 201 202 202 202 202 202 202 202 202 203 203 203 203 203 203 203 204 204 204 204 204 204 204 204 205 205 205 205 205 205 205 205 206 206 206 206 206 206 206 206 206 206 206 207 207 207 207 207 207 207 208 208 208 208 208 208 208 208 209 209 209 209 209 209 209 210 210 210 210 210 210 210 210 211 211 211 211 211 211 211 211 212 212 212 212 212 212 212 212 213 213 213 213 213 213 191 191 191 191 191 191 192 192 192 192 192 192 192 193 193 193 193 193 193 193 194 194 194 194 194 194 195 195 195 195 195 195 195 196 196 196 196 196 196 196 197 197 197 197 197 197 197 197 198 198 198 198 198 198 198 198 199 199 199 199 199 199 199 200 200 200 200 200 200 200 200 200 200 200 201 201 201 201 201 201 201 201 202 202 202 202 202 202 202 202 203 203 203 203 203 203 204 204 204 204 204 204 204 204 204 205 205 205 205 205 205 205 206 206 206 206 206 206 206 206 206 206 206 206 207 207 207 207 207 207 207 208 208 208 208 208 208 208 209 209 209 209 209 209 209 209 210 210 210 210 210 210 210 210 211 211 211 211 211 211 211 212 212 212 212 212 212 212 212 213 213 213 213 213 213 213 213 214 191 191 191 191 191 192 192 192 192 192 192 192 192 193 193 193 193 193 193 193 194 194 194 194 194 195 195 195 195 195 195 195 195 196 196 196 196 196 196 196 197 197 197 197 197 197 197 198 198 198 198 198 198 198 198 199 199 199 199 199 199 199 199 200 200 200 200 200 200 200 200 200 200 200 201 201 201 201 201 201 201 202 202 202 202 202 202 202 202 203 203 203 203 203 203 203 204 204 204 204 204 204 204 204 205 205 205 205 205 205 205 205 206 206 206 206 206 206 206 206 206 206 206 207 207 207 207 207 207 207 208 208 208 208 208 208 208 208 209 209 209 209 209 209 209 210 210 210 210 210 210 210 210 211 211 211 211 211 211 211 211 212 212 212 212 212 212 212 213 213 213 213 213 213 213 213 213 214 191 191 191 191 191 192 192 192 192 192 192 192 193 193 193 193 193 193 193 193 194 194 194 194 194 195 195 195 195 195 195 195 196 196 196 196 196 196 196 197 197 197 197 197 197 197 197 198 198 198 198 198 198 198 199 199 199 199 199 199 199 199 199 200 200 200 200 200 200 200 200 200 200 201 201 201 201 201 201 201 202 202 202 202 202 202 202 202 202 203 203 203 203 203 203 204 204 204 204 204 204 204 204 205 205 205 205 205 205 205 205 206 206 206 206 206 206 206 206 207 206 206 206 207 207 207 207 207 207 208 208 208 208 208 208 208 208 209 209 209 209 209 209 209 209 210 210 210 210 210 210 210 210 211 211 211 211 211 211 211 212 212 212 212 212 212 212 212 213 213 213 213 213 213 213 213 214 214 214 189 190 190 190 190 191 191 191 191 191 192 192 192 192 192 192 192 192 193 193 193 193 193 193 193 193 194 194 194 194 195 195 195 195 195 195 195 196 196 196 196 196 196 196 196 197 197 197 197 197 197 197 198 198 198 198 198 198 198 198 199 199 199 199 199 199 199 199 200 200 200 200 200 200 200 201 200 200 200 201 201 201 201 201 201 201 202 202 202 202 202 202 202 202 203 203 203 203 203 203 203 204 204 204 204 204 204 204 204 205 205 205 205 205 205 205 205 206 206 206 206 206 206 206 207 207 206 207 207 207 207 207 207 207 208 208 208 208 208 208 208 208 208 209 209 209 209 209 209 209 210 210 210 210 210 210 210 210 211 211 211 211 211 211 211 212 212 212 212 212 212 212 212 213 213 213 213 213 213 213 213 214 214 214 214 189 189 189 190 190 190 190 190 190 190 191 191 191 191 191 191 191 191 192 192 192 192 192 192 192 193 193 193 193 193 193 193 193 193 194 194 194 194 195 195 195 195 195 195 195 196 196 196 196 196 196 196 197 197 197 197 197 197 197 197 198 198 198 198 198 198 198 199 199 199 199 199 199 199 199 200 200 200 200 200 200 200 200 201 200 200 201 201 201 201 201 201 201 202 202 202 202 202 202 202 202 203 203 203 203 203 203 203 204 204 204 204 204 204 204 204 205 205 205 205 205 205 205 205 206 206 206 206 206 206 206 206 207 207 207 207 207 207 207 207 207 207 208 208 208 208 208 208 208 208 209 209 209 209 209 209 209 209 210 210 210 210 210 210 210 211 211 211 211 211 211 211 211 212 212 212 212 212 212 212 213 213 213 213 213 213 213 213 214 214 214 214 214 214 188 189 189 189 189 190 190 190 190 190 190 190 190 191 191 191 191 191 191 191 192 192 192 192 192 192 192 192 193 193 193 193 193 193 193 193 194 194 194 194 195 195 195 195 195 195 195 196 196 196 196 196 196 196 197 197 197 197 197 197 197 197 198 198 198 198 198 198 198 198 199 199 199 199 199 199 199 200 200 200 200 200 200 200 200 200 201 200 200 201 201 201 201 201 201 201 202 202 202 202 202 202 202 203 203 203 203 203 203 203 203 204 204 204 204 204 204 204 204 205 205 205 205 205 205 205 206 206 206 206 206 206 206 206 207 207 207 207 207 207 207 207 207 207 208 208 208 208 208 208 208 208 209 209 209 209 209 209 209 209 210 210 210 210 210 210 210 210 211 211 211 211 211 211 211 212 212 212 212 212 212 212 212 213 213 213 213 213 213 213 213 214 214 214 214 214 214 188 189 189 189 189 189 189 189 189 190 190 190 190 190 190 190 191 191 191 191 191 191 191 192 192 192 192 192 192 192 192 193 193 193 193 193 193 193 193 194 194 194 194 194 195 195 195 195 195 195 195 196 196 196 196 196 196 196 197 197 197 197 197 197 197 198 198 198 198 198 198 198 198 199 199 199 199 199 199 199 199 200 200 200 200 200 200 200 201 201 201 200 201 201 201 201 201 201 201 202 202 202 202 202 202 202 202 203 203 203 203 203 203 203 203 204 204 204 204 204 204 204 205 205 205 205 205 205 205 205 206 206 206 206 206 206 206 206 207 207 207 207 207 207 207 207 207 208 208 208 208 208 208 208 208 209 209 209 209 209 209 209 209 209 210 210 210 210 210 210 210 211 211 211 211 211 211 211 212 212 212 212 212 212 212 212 213 213 213 213 213 213 213 213 214 214 214 214 214 214 214 214 215 215 216 189 189 189 189 189 189 189 189 190 190 190 190 190 190 190 191 191 191 191 191 191 191 191 192 192 192 192 192 192 192 192 193 193 193 193 193 193 193 194 194 194 194 194 195 195 195 195 195 195 195 196 196 196 196 196 196 196 197 197 197 197 197 197 197 197 198 198 198 198 198 198 198 198 199 199 199 199 199 199 199 200 200 200 200 200 200 200 200 201 201 201 200 201 201 201 201 201 201 202 202 202 202 202 202 202 202 203 203 203 203 203 203 203 203 204 204 204 204 204 204 204 205 205 205 205 205 205 205 205 206 206 206 206 206 206 206 206 207 207 207 207 207 207 207 207 207 207 208 208 208 208 208 208 208 208 209 209 209 209 209 209 209 209 210 210 210 210 210 210 210 211 211 211 211 211 211 211 212 212 212 212 212 212 212 212 213 213 213 213 213 213 213 213 214 214 214 214 214 214 214 214 215 215 215 215 215 215 216 189 189 189 189 189 189 189 189 190 190 190 190 190 190 190 191 191 191 191 191 191 191 192 192 192 192 192 192 192 192 193 193 193 193 193 193 193 193 194 194 194 194 194 195 195 195 195 195 195 195 196 196 196 196 196 196 196 197 197 197 197 197 197 197 198 198 198 198 198 198 198 198 199 199 199 199 199 199 199 199 200 200 200 200 200 200 200 201 201 201 201 201 201 201 201 201 201 201 202 202 202 202 202 202 202 202 203 203 203 203 203 203 203 203 204 204 204 204 204 204 204 205 205 205 205 205 205 205 206 206 206 206 206 206 206 206 207 207 207 207 207 207 207 207 207 207 208 208 208 208 208 208 208 208 209 209 209 209 209 209 209 209 210 210 210 210 210 210 210 211 211 211 211 211 211 211 211 212 212 212 212 212 212 212 213 213 213 213 213 213 213 213 213 214 214 214 214 214 214 214 215 215 215 215 215 215 215 215 216 216 189 189 189 189 189 189 190 190 190 190 190 190 190 191 191 191 191 191 191 191 192 192 192 192 192 192 192 192 193 193 193 193 193 193 193 193 194 194 194 194 194 194 195 195 195 195 195 195 196 196 196 196 196 196 196 197 197 197 197 197 197 197 197 198 198 198 198 198 198 198 198 199 199 199 199 199 199 199 200 200 200 200 200 200 200 200 201 201 201 201 201 201 201 201 201 201 201 202 202 202 202 202 202 202 203 203 203 203 203 203 203 203 204 204 204 204 204 204 204 205 205 205 205 205 205 205 205 206 206 206 206 206 206 206 206 207 207 207 207 207 207 207 207 207 207 208 208 208 208 208 208 208 209 209 209 209 209 209 209 209 210 210 210 210 210 210 210 210 211 211 211 211 211 211 211 212 212 212 212 212 212 212 212 213 213 213 213 213 213 213 213 214 214 214 214 214 214 214 214 215 215 215 215 215 215 215 216 216 216 189 189 189 189 189 190 190 190 190 190 190 190 190 191 191 191 191 191 191 191 192 192 192 192 192 192 192 193 193 193 193 193 193 193 193 194 194 194 194 194 195 195 195 195 195 195 195 195 196 196 196 196 196 196 196 197 197 197 197 197 197 197 198 198 198 198 198 198 198 198 199 199 199 199 199 199 199 199 200 200 200 200 200 200 200 201 201 201 201 201 201 201 201 201 201 201 202 202 202 202 202 202 202 203 203 203 203 203 203 203 203 204 204 204 204 204 204 204 204 205 205 205 205 205 205 205 206 206 206 206 206 206 206 206 207 207 207 207 207 207 207 207 207 207 208 208 208 208 208 208 208 209 209 209 209 209 209 209 209 210 210 210 210 210 210 210 210 211 211 211 211 211 211 211 212 212 212 212 212 212 212 212 213 213 213 213 213 213 213 213 213 214 214 214 214 214 214 214 215 215 215 215 215 215 215 216 216 216 216 216 189 189 189 190 190 190 190 190 190 190 191 191 191 191 191 191 191 191 192 192 192 192 192 192 192 193 193 193 193 193 193 193 193 194 194 194 194 194 195 195 195 195 195 195 195 196 196 196 196 196 196 196 197 197 197 197 197 197 197 197 198 198 198 198 198 198 198 199 199 199 199 199 199 199 199 200 200 200 200 200 200 200 200 201 201 201 201 201 201 201 201 201 201 201 202 202 202 202 202 202 202 203 203 203 203 203 203 203 204 204 204 204 204 204 204 204 204 205 205 205 205 205 205 205 206 206 206 206 206 206 206 207 207 207 207 207 207 207 207 207 207 207 208 208 208 208 208 208 208 209 209 209 209 209 209 209 209 210 210 210 210 210 210 210 211 211 211 211 211 211 211 211 212 212 212 212 212 212 212 213 213 213 213 213 213 213 213 214 214 214 214 214 214 214 214 215 215 215 215 215 215 215 215 216 216 216 216 216 216 216 217 217 189 189 190 190 190 190 190 190 191 191 191 191 191 191 191 191 192 192 192 192 192 192 192 193 193 193 193 193 193 193 193 194 194 194 194 194 194 195 195 195 195 195 195 195 196 196 196 196 196 196 196 197 197 197 197 197 197 197 198 198 198 198 198 198 198 198 199 199 199 199 199 199 199 199 200 200 200 200 200 200 200 201 201 201 201 201 201 201 201 201 201 201 202 202 202 202 202 202 202 203 203 203 203 203 203 203 203 204 204 204 204 204 204 204 204 205 205 205 205 205 205 205 206 206 206 206 206 206 206 206 207 207 207 207 207 207 207 207 207 207 208 208 208 208 208 208 208 209 209 209 209 209 209 209 209 210 210 210 210 210 210 210 210 211 211 211 211 211 211 211 212 212 212 212 212 212 212 212 213 213 213 213 213 213 213 214 214 214 214 214 214 214 214 214 215 215 215 215 215 215 215 216 216 216 216 216 216 216 216 217 217 217 189 190 190 190 190 190 190 190 191 191 191 191 191 191 191 192 192 192 192 192 192 192 192 193 193 193 193 193 193 193 194 194 194 194 194 194 194 195 195 195 195 195 195 195 196 196 196 196 196 196 197 197 197 197 197 197 197 197 198 198 198 198 198 198 198 199 199 199 199 199 199 199 199 200 200 200 200 200 200 200 201 201 201 201 201 201 201 201 201 201 201 201 202 202 202 202 202 202 202 203 203 203 203 203 203 203 204 204 204 204 204 204 204 204 205 205 205 205 205 205 205 206 206 206 206 206 206 206 206 207 207 207 207 207 207 207 207 207 207 208 208 208 208 208 208 208 209 209 209 209 209 209 209 209 210 210 210 210 210 210 210 210 211 211 211 211 211 211 211 212 212 212 212 212 212 212 212 213 213 213 213 213 213 213 213 214 214 214 214 214 214 214 214 215 215 215 215 215 215 215 215 216 216 216 216 216 216 216 217 217 217 217 217 189 190 190 190 190 190 190 191 191 191 191 191 191 191 191 192 192 192 192 192 192 192 193 193 193 193 193 193 193 193 194 194 194 194 194 194 194 195 195 195 195 195 195 196 196 196 196 196 196 196 197 197 197 197 197 197 197 198 198 198 198 198 198 198 199 199 199 199 199 199 199 199 200 200 200 200 200 200 200 200 201 201 201 201 201 201 201 201 201 201 201 202 202 202 202 202 202 202 203 203 203 203 203 203 203 203 204 204 204 204 204 204 204 204 205 205 205 205 205 205 205 206 206 206 206 206 206 206 206 207 207 207 207 207 207 207 208 207 208 208 208 208 208 208 208 209 209 209 209 209 209 209 209 209 210 210 210 210 210 210 210 211 211 211 211 211 211 211 211 212 212 212 212 212 212 212 212 213 213 213 213 213 213 213 214 214 214 214 214 214 214 214 215 215 215 215 215 215 215 215 216 216 216 216 216 216 216 217 217 217 217 217 217 217 217 190 190 190 191 191 191 191 191 191 191 192 192 192 192 192 192 192 192 193 193 193 193 193 193 193 194 194 194 194 194 194 194 195 195 195 195 195 195 195 195 196 196 196 196 196 196 196 196 197 197 197 197 197 197 197 198 198 198 198 198 198 198 199 199 199 199 199 199 199 199 200 200 200 200 200 200 200 200 201 201 201 201 201 201 201 202 202 202 202 202 202 202 202 202 202 203 203 203 203 203 203 203 204 204 204 204 204 204 204 204 205 205 205 205 205 205 205 205 206 206 206 206 206 206 206 207 207 207 207 207 207 207 207 208 208 208 208 207 208 208 208 208 208 208 208 209 209 209 209 209 209 209 209 210 210 210 210 210 210 210 210 211 211 211 211 211 211 211 212 212 212 212 212 212 212 212 213 213 213 213 213 213 213 214 214 214 214 214 214 214 214 214 214 215 215 215 215 215 215 215 215 216 216 216 216 216 216 216 217 217 217 217 217 217 217 217 190 190 190 191 191 191 191 191 191 191 191 192 192 192 192 192 192 192 193 193 193 193 193 193 193 194 194 194 194 194 194 194 194 195 195 195 195 195 195 195 196 196 196 196 196 196 196 196 197 197 197 197 197 197 197 198 198 198 198 198 198 198 199 199 199 199 199 199 199 199 200 200 200 200 200 200 200 200 201 201 201 201 201 201 201 201 202 202 202 202 202 202 202 202 202 203 203 203 203 203 203 203 204 204 204 204 204 204 204 204 205 205 205 205 205 205 205 205 206 206 206 206 206 206 206 206 207 207 207 207 207 207 207 208 208 208 208 208 208 208 208 208 208 208 208 209 209 209 209 209 209 209 209 209 210 210 210 210 210 210 210 211 211 211 211 211 211 211 211 212 212 212 212 212 212 212 213 213 213 213 213 213 213 213 214 214 214 214 214 214 214 214 214 214 215 215 215 215 215 215 215 216 216 216 216 216 216 216 216 217 217 217 217 217 217 217 218 190 190 190 191 191 191 191 191 191 191 192 192 192 192 192 192 192 192 193 193 193 193 193 193 194 194 194 194 194 194 194 194 195 195 195 195 195 195 195 196 196 196 196 196 196 196 196 196 197 197 197 197 197 197 197 198 198 198 198 198 198 198 199 199 199 199 199 199 199 200 200 200 200 200 200 200 200 201 201 201 201 201 201 201 201 202 202 202 202 202 202 202 202 202 202 203 203 203 203 203 203 203 204 204 204 204 204 204 204 205 205 205 205 205 205 205 205 205 206 206 206 206 206 206 206 207 207 207 207 207 207 207 207 208 208 208 208 208 208 208 208 208 208 208 208 209 209 209 209 209 209 209 209 210 210 210 210 210 210 210 211 211 211 211 211 211 211 211 212 212 212 212 212 212 212 212 213 213 213 213 213 213 213 214 214 214 214 214 214 214 214 214 214 215 215 215 215 215 215 215 216 216 216 216 216 216 216 216 217 217 217 217 217 217 217 218 190 190 191 191 191 191 191 191 191 191 192 192 192 192 192 192 192 193 193 193 193 193 193 193 194 194 194 194 194 194 194 195 195 195 195 195 195 195 195 196 196 196 196 196 196 196 196 197 197 197 197 197 197 197 198 198 198 198 198 198 198 199 199 199 199 199 199 199 199 200 200 200 200 200 200 200 201 201 201 201 201 201 201 201 201 202 202 202 202 202 202 202 202 202 203 203 203 203 203 203 203 204 204 204 204 204 204 204 204 205 205 205 205 205 205 205 205 206 206 206 206 206 206 206 207 207 207 207 207 207 207 207 208 208 208 208 208 208 208 208 208 208 208 208 209 209 209 209 209 209 209 209 210 210 210 210 210 210 210 210 211 211 211 211 211 211 211 212 212 212 212 212 212 212 212 213 213 213 213 213 213 213 214 214 214 214 214 214 214 214 214 214 215 215 215 215 215 215 215 215 216 216 216 216 216 216 216 217 217 217 217 217 217 217 217 218 218 190 190 191 191 191 191 191 191 191 192 192 192 192 192 192 192 193 193 193 193 193 193 193 193 194 194 194 194 194 194 194 195 195 195 195 195 195 195 196 196 196 196 196 196 196 196 197 197 197 197 197 197 197 198 198 198 198 198 198 198 198 199 199 199 199 199 199 199 200 200 200 200 200 200 200 200 201 201 201 201 201 201 201 201 202 202 202 202 202 202 202 202 202 202 203 203 203 203 203 203 203 204 204 204 204 204 204 204 204 205 205 205 205 205 205 205 206 206 206 206 206 206 206 206 207 207 207 207 207 207 207 207 208 208 208 208 208 208 208 208 208 208 208 208 209 209 209 209 209 209 209 210 210 210 210 210 210 210 210 211 211 211 211 211 211 211 212 212 212 212 212 212 212 212 213 213 213 213 213 213 213 213 214 214 214 214 214 214 214 214 214 215 215 215 215 215 215 215 215 216 216 216 216 216 216 216 216 217 217 217 217 217 217 217 218 218 218 218 191 191 191 191 191 191 191 191 192 192 192 192 192 192 192 193 193 193 193 193 193 193 194 194 194 194 194 194 194 195 195 195 195 195 195 195 195 196 196 196 196 196 196 196 197 197 197 197 197 197 197 197 198 198 198 198 198 198 198 199 199 199 199 199 199 199 199 200 200 200 200 200 200 200 201 201 201 201 201 201 201 201 202 202 202 202 202 202 202 202 202 202 203 203 203 203 203 203 203 204 204 204 204 204 204 204 204 205 205 205 205 205 205 205 205 206 206 206 206 206 206 206 207 207 207 207 207 207 207 207 208 208 208 208 208 208 208 208 208 208 208 208 209 209 209 209 209 209 209 210 210 210 210 210 210 210 210 211 211 211 211 211 211 211 211 212 212 212 212 212 212 212 213 213 213 213 213 213 213 213 214 214 214 214 214 214 214 214 214 214 215 215 215 215 215 215 215 216 216 216 216 216 216 216 216 217 217 217 217 217 217 217 218 218 218 218 218 218 218 191 191 191 191 192 192 192 192 192 192 192 193 193 193 193 193 193 193 193 194 194 194 194 194 194 194 195 195 195 195 195 195 195 196 196 196 196 196 196 196 196 197 197 197 197 197 197 197 197 198 198 198 198 198 198 199 199 199 199 199 199 199 199 200 200 200 200 200 200 200 200 201 201 201 201 201 201 201 202 202 202 202 202 202 202 202 202 202 203 203 203 203 203 203 203 204 204 204 204 204 204 204 204 205 205 205 205 205 205 205 205 206 206 206 206 206 206 206 206 207 207 207 207 207 207 207 208 208 208 208 208 208 208 208 208 208 208 208 208 209 209 209 209 209 209 209 210 210 210 210 210 210 210 210 211 211 211 211 211 211 211 212 212 212 212 212 212 212 212 213 213 213 213 213 213 213 214 214 214 214 214 214 214 214 214 214 215 215 215 215 215 215 215 216 216 216 216 216 216 216 216 217 217 217 217 217 217 217 217 218 218 218 218 218 218 218 219 220 220 220 191 191 192 192 192 192 192 192 192 192 193 193 193 193 193 193 193 194 194 194 194 194 194 194 195 195 195 195 195 195 195 196 196 196 196 196 196 196 196 197 197 197 197 197 197 197 197 198 198 198 198 198 198 198 199 199 199 199 199 199 199 200 200 200 200 200 200 200 200 201 201 201 201 201 201 201 201 202 202 202 202 202 202 202 202 202 202 203 203 203 203 203 203 204 204 204 204 204 204 204 204 205 205 205 205 205 205 205 205 205 206 206 206 206 206 206 206 206 207 207 207 207 207 207 207 208 208 208 208 208 208 208 209 208 208 208 208 209 209 209 209 209 209 209 210 210 210 210 210 210 210 210 211 211 211 211 211 211 211 212 212 212 212 212 212 212 212 213 213 213 213 213 213 213 213 214 214 214 214 214 214 214 215 214 215 215 215 215 215 215 215 215 216 216 216 216 216 216 216 217 217 217 217 217 217 217 217 218 218 218 218 218 218 218 218 219 220 220 220 220 221 221 191 192 192 192 192 192 192 192 192 193 193 193 193 193 193 193 194 194 194 194 194 194 194 195 195 195 195 195 195 195 195 196 196 196 196 196 196 196 197 197 197 197 197 197 197 197 198 198 198 198 198 198 198 198 199 199 199 199 199 199 199 200 200 200 200 200 200 200 201 201 201 201 201 201 201 201 202 202 202 202 202 202 202 202 202 202 203 203 203 203 203 203 203 204 204 204 204 204 204 204 204 205 205 205 205 205 205 205 205 206 206 206 206 206 206 206 207 207 207 207 207 207 207 207 208 208 208 208 208 208 208 209 209 208 208 208 209 209 209 209 209 209 209 209 210 210 210 210 210 210 210 211 211 211 211 211 211 211 211 212 212 212 212 212 212 212 213 213 213 213 213 213 213 213 214 214 214 214 214 214 214 215 215 215 215 215 215 215 215 215 215 216 216 216 216 216 216 216 216 217 217 217 217 217 217 217 218 218 218 218 218 218 218 218 219 219 220 220 220 221 221 191 192 192 192 192 192 192 192 193 193 193 193 193 193 193 193 194 194 194 194 194 194 194 195 195 195 195 195 195 195 196 196 196 196 196 196 196 196 197 197 197 197 197 197 197 198 198 198 198 198 198 198 198 198 199 199 199 199 199 199 200 200 200 200 200 200 200 201 201 201 201 201 201 201 201 201 202 202 202 202 202 202 202 202 202 202 203 203 203 203 203 203 204 204 204 204 204 204 204 204 205 205 205 205 205 205 205 205 206 206 206 206 206 206 206 206 207 207 207 207 207 207 207 207 208 208 208 208 208 208 208 209 209 208 208 209 209 209 209 209 209 209 209 210 210 210 210 210 210 210 210 211 211 211 211 211 211 211 212 212 212 212 212 212 212 212 213 213 213 213 213 213 213 214 214 214 214 214 214 214 214 215 215 215 215 215 215 215 215 215 216 216 216 216 216 216 216 216 217 217 217 217 217 217 217 217 218 218 218 218 218 218 218 219 219 219 219 219 220 220 220 220 220 220 220 221 221 221 192 192 192 192 192 192 193 193 193 193 193 193 193 193 194 194 194 194 194 194 194 195 195 195 195 195 195 195 195 196 196 196 196 196 196 196 197 197 197 197 197 197 197 197 198 198 198 198 198 198 198 198 199 199 199 199 199 199 199 200 200 200 200 200 200 200 201 201 201 201 201 201 201 201 202 202 202 202 202 202 202 202 202 202 203 203 203 203 203 203 203 204 204 204 204 204 204 204 204 205 205 205 205 205 205 205 205 206 206 206 206 206 206 206 207 207 207 207 207 207 207 207 208 208 208 208 208 208 208 209 209 209 208 208 209 209 209 209 209 209 209 210 210 210 210 210 210 210 210 211 211 211 211 211 211 211 212 212 212 212 212 212 212 212 213 213 213 213 213 213 213 214 214 214 214 214 214 214 214 215 215 215 215 215 215 215 215 215 215 216 216 216 216 216 216 216 217 217 217 217 217 217 217 217 218 218 218 218 218 218 218 219 219 219 219 219 219 219 219 220 220 220 220 220 220 220 220 221 221 192 192 192 192 192 192 193 193 193 193 193 193 193 194 194 194 194 194 194 194 195 195 195 195 195 195 195 195 196 196 196 196 196 196 196 197 197 197 197 197 197 197 197 198 198 198 198 198 198 198 198 199 199 199 199 199 199 199 199 200 200 200 200 200 200 201 201 201 201 201 201 201 201 202 202 202 202 202 202 202 202 203 202 203 203 203 203 203 203 203 204 204 204 204 204 204 204 204 205 205 205 205 205 205 205 205 206 206 206 206 206 206 206 207 207 207 207 207 207 207 207 208 208 208 208 208 208 208 208 209 209 209 208 209 209 209 209 209 209 209 210 210 210 210 210 210 210 210 211 211 211 211 211 211 211 211 212 212 212 212 212 212 212 213 213 213 213 213 213 213 213 214 214 214 214 214 214 214 215 215 215 215 215 215 215 215 215 215 216 216 216 216 216 216 216 217 217 217 217 217 217 217 217 218 218 218 218 218 218 218 218 219 219 219 219 219 219 219 220 220 220 220 220 220 220 220 221 221 192 192 192 192 192 192 193 193 193 193 193 193 193 194 194 194 194 194 194 194 195 195 195 195 195 195 195 196 196 196 196 196 196 196 196 197 197 197 197 197 197 197 198 198 198 198 198 198 198 198 199 199 199 199 199 199 199 199 200 200 200 200 200 200 200 201 201 201 201 201 201 201 202 202 202 202 202 202 202 202 202 203 202 203 203 203 203 203 203 203 204 204 204 204 204 204 204 205 205 205 205 205 205 205 205 206 206 206 206 206 206 206 206 207 207 207 207 207 207 207 208 208 208 208 208 208 208 208 209 209 209 209 209 209 209 209 209 209 209 209 210 210 210 210 210 210 210 210 211 211 211 211 211 211 211 212 212 212 212 212 212 212 213 213 213 213 213 213 213 213 214 214 214 214 214 214 214 214 215 215 215 215 215 215 215 215 215 216 216 216 216 216 216 216 216 217 217 217 217 217 217 217 218 218 218 218 218 218 218 218 219 219 219 219 219 219 219 219 220 220 220 220 220 220 220 221 221 221 192 192 192 192 192 193 193 193 193 193 193 193 194 194 194 194 194 194 194 195 195 195 195 195 195 195 195 196 196 196 196 196 196 196 197 197 197 197 197 197 197 197 198 198 198 198 198 198 198 199 199 199 199 199 199 199 199 199 200 200 200 200 200 200 201 201 201 201 201 201 201 202 202 202 202 202 202 202 202 202 203 203 203 203 203 203 203 203 203 203 204 204 204 204 204 204 204 205 205 205 205 205 205 205 206 206 206 206 206 206 206 206 207 207 207 207 207 207 207 207 208 208 208 208 208 208 208 208 209 209 209 209 209 209 209 209 209 209 209 210 210 210 210 210 210 210 210 211 211 211 211 211 211 211 212 212 212 212 212 212 212 212 213 213 213 213 213 213 213 214 214 214 214 214 214 214 214 215 215 215 215 215 215 215 215 215 216 216 216 216 216 216 216 216 217 217 217 217 217 217 217 217 218 218 218 218 218 218 218 219 219 219 219 219 219 219 219 220 220 220 220 220 220 220 220 221 221 221 192 192 192 193 193 193 193 193 193 193 194 194 194 194 194 194 194 195 195 195 195 195 195 195 195 196 196 196 196 196 196 196 197 197 197 197 197 197 197 197 198 198 198 198 198 198 198 199 199 199 199 199 199 199 199 199 200 200 200 200 200 200 201 201 201 201 201 201 201 201 202 202 202 202 202 202 202 202 203 203 203 203 203 203 203 203 203 203 204 204 204 204 204 204 204 205 205 205 205 205 205 205 205 206 206 206 206 206 206 206 207 207 207 207 207 207 207 207 208 208 208 208 208 208 208 208 209 209 209 209 209 209 209 209 209 209 209 210 210 210 210 210 210 210 210 211 211 211 211 211 211 211 212 212 212 212 212 212 212 212 213 213 213 213 213 213 213 214 214 214 214 214 214 214 214 215 215 215 215 215 215 215 215 215 215 216 216 216 216 216 216 216 217 217 217 217 217 217 217 217 218 218 218 218 218 218 218 218 219 219 219 219 219 219 219 220 220 220 220 220 220 220 220 221 221 221 221 192 192 192 193 193 193 193 193 193 193 194 194 194 194 194 194 194 195 195 195 195 195 195 195 196 196 196 196 196 196 196 196 197 197 197 197 197 197 197 198 198 198 198 198 198 198 198 199 199 199 199 199 199 199 199 200 200 200 200 200 200 200 201 201 201 201 201 201 201 202 202 202 202 202 202 202 202 203 203 203 203 203 203 203 203 203 203 204 204 204 204 204 204 204 204 205 205 205 205 205 205 205 206 206 206 206 206 206 206 206 207 207 207 207 207 207 207 208 208 208 208 208 208 208 208 209 209 209 209 209 209 209 209 209 209 209 209 210 210 210 210 210 210 210 211 211 211 211 211 211 211 211 212 212 212 212 212 212 212 213 213 213 213 213 213 213 213 214 214 214 214 214 214 214 214 215 215 215 215 215 215 215 215 215 216 216 216 216 216 216 216 216 217 217 217 217 217 217 217 218 218 218 218 218 218 218 218 219 219 219 219 219 219 219 220 220 220 220 220 220 220 220 221 221 221 221 221 192 193 193 193 193 193 193 193 194 194 194 194 194 194 194 195 195 195 195 195 195 195 195 196 196 196 196 196 196 196 197 197 197 197 197 197 197 198 198 198 198 198 198 198 198 199 199 199 199 199 199 199 199 200 200 200 200 200 200 200 200 201 201 201 201 201 201 201 202 202 202 202 202 202 202 203 203 203 203 203 203 203 203 203 203 204 204 204 204 204 204 204 204 204 205 205 205 205 205 205 206 206 206 206 206 206 206 206 207 207 207 207 207 207 207 207 208 208 208 208 208 208 208 209 209 209 209 209 209 209 209 209 209 209 209 210 210 210 210 210 210 210 210 211 211 211 211 211 211 211 212 212 212 212 212 212 212 212 213 213 213 213 213 213 213 214 214 214 214 214 214 214 214 215 215 215 215 215 215 215 215 215 216 216 216 216 216 216 216 216 217 217 217 217 217 217 217 217 218 218 218 218 218 218 218 219 219 219 219 219 219 219 219 220 220 220 220 220 220 220 221 221 221 221 221 221 193 193 193 193 193 194 194 194 194 194 194 194 194 195 195 195 195 195 195 195 196 196 196 196 196 196 196 197 197 197 197 197 197 197 197 198 198 198 198 198 198 198 199 199 199 199 199 199 199 199 200 200 200 200 200 200 200 200 201 201 201 201 201 201 201 201 202 202 202 202 202 202 202 203 203 203 203 203 203 203 203 203 204 204 204 204 204 204 204 204 204 205 205 205 205 205 205 206 206 206 206 206 206 206 206 207 207 207 207 207 207 207 207 208 208 208 208 208 208 208 208 209 209 209 209 209 209 209 209 209 209 209 210 210 210 210 210 210 210 210 211 211 211 211 211 211 211 211 212 212 212 212 212 212 212 213 213 213 213 213 213 213 214 214 214 214 214 214 214 214 215 215 215 215 215 215 215 215 215 215 216 216 216 216 216 216 216 217 217 217 217 217 217 217 217 218 218 218 218 218 218 218 219 219 219 219 219 219 219 219 220 220 220 220 220 220 220 220 221 221 221 221 221 221 193 193 194 194 194 194 194 194 194 195 195 195 195 195 195 195 196 196 196 196 196 196 196 196 197 197 197 197 197 197 197 198 198 198 198 198 198 198 198 199 199 199 199 199 199 199 200 200 200 200 200 200 200 200 200 201 201 201 201 201 201 201 202 202 202 202 202 202 202 203 203 203 203 203 203 203 203 203 204 204 204 204 204 204 204 204 204 205 205 205 205 205 205 205 206 206 206 206 206 206 206 207 207 207 207 207 207 207 207 207 208 208 208 208 208 208 208 209 209 209 209 209 209 209 209 209 209 209 210 210 210 210 210 210 210 210 211 211 211 211 211 211 211 211 212 212 212 212 212 212 212 213 213 213 213 213 213 213 213 214 214 214 214 214 214 214 215 215 215 215 215 215 215 215 216 215 216 216 216 216 216 216 216 216 217 217 217 217 217 217 217 218 218 218 218 218 218 218 218 219 219 219 219 219 219 219 220 220 220 220 220 220 220 220 221 221 221 221 221 221 221 194 194 194 194 194 194 194 195 195 195 195 195 195 195 196 196 196 196 196 196 196 196 197 197 197 197 197 197 197 198 198 198 198 198 198 198 198 199 199 199 199 199 199 199 199 200 200 200 200 200 200 200 200 201 201 201 201 201 201 201 201 202 202 202 202 202 202 202 203 203 203 203 203 203 203 203 203 204 204 204 204 204 204 204 204 205 205 205 205 205 205 205 206 206 206 206 206 206 206 206 207 207 207 207 207 207 207 207 208 208 208 208 208 208 208 209 209 209 209 209 209 209 209 210 209 209 209 210 210 210 210 210 210 210 210 211 211 211 211 211 211 211 212 212 212 212 212 212 212 213 213 213 213 213 213 213 213 214 214 214 214 214 214 214 214 215 215 215 215 215 215 215 216 216 216 216 216 216 216 216 216 216 217 217 217 217 217 217 217 218 218 218 218 218 218 218 218 219 219 219 219 219 219 219 219 220 220 220 220 220 220 220 221 221 221 221 221 221 221 221 194 194 194 194 194 194 195 195 195 195 195 195 195 195 196 196 196 196 196 196 196 197 197 197 197 197 197 197 197 198 198 198 198 198 198 198 199 199 199 199 199 199 199 199 200 200 200 200 200 200 200 200 201 201 201 201 201 201 201 201 202 202 202 202 202 202 202 203 203 203 203 203 203 203 203 203 204 204 204 204 204 204 204 204 205 205 205 205 205 205 205 206 206 206 206 206 206 206 206 207 207 207 207 207 207 207 207 208 208 208 208 208 208 208 208 209 209 209 209 209 209 209 209 210 209 209 210 210 210 210 210 210 210 210 211 211 211 211 211 211 211 212 212 212 212 212 212 212 212 213 213 213 213 213 213 213 214 214 214 214 214 214 214 214 215 215 215 215 215 215 215 215 216 216 216 216 216 216 216 216 216 217 217 217 217 217 217 217 217 218 218 218 218 218 218 218 219 219 219 219 219 219 219 219 220 220 220 220 220 220 220 220 221 221 221 221 221 221 221 222 194 194 194 194 194 194 194 195 195 195 195 195 195 195 196 196 196 196 196 196 196 197 197 197 197 197 197 197 197 198 198 198 198 198 198 198 198 199 199 199 199 199 199 199 200 200 200 200 200 200 200 200 201 201 201 201 201 201 201 201 202 202 202 202 202 202 202 203 203 203 203 203 203 203 203 203 204 204 204 204 204 204 204 204 205 205 205 205 205 205 205 205 206 206 206 206 206 206 206 206 207 207 207 207 207 207 207 208 208 208 208 208 208 208 208 209 209 209 209 209 209 209 210 210 210 209 210 210 210 210 210 210 210 210 211 211 211 211 211 211 211 211 212 212 212 212 212 212 212 213 213 213 213 213 213 213 213 214 214 214 214 214 214 214 215 215 215 215 215 215 215 215 216 216 216 216 216 216 216 216 216 217 217 217 217 217 217 217 217 218 218 218 218 218 218 218 218 219 219 219 219 219 219 219 220 220 220 220 220 220 220 220 221 221 221 221 221 221 221 222 222 193 194 194 194 194 194 194 194 195 195 195 195 195 195 195 196 196 196 196 196 196 196 196 197 197 197 197 197 197 197 198 198 198 198 198 198 198 198 199 199 199 199 199 199 199 200 200 200 200 200 200 200 200 201 201 201 201 201 201 201 201 202 202 202 202 202 202 202 202 203 203 203 203 203 203 203 204 203 204 204 204 204 204 204 204 204 205 205 205 205 205 205 205 206 206 206 206 206 206 206 206 207 207 207 207 207 207 207 207 208 208 208 208 208 208 208 209 209 209 209 209 209 209 209 210 210 210 210 210 210 210 210 210 210 210 211 211 211 211 211 211 211 211 212 212 212 212 212 212 212 213 213 213 213 213 213 213 213 214 214 214 214 214 214 214 214 215 215 215 215 215 215 215 216 216 216 216 216 216 216 216 216 216 217 217 217 217 217 217 217 218 218 218 218 218 218 218 218 219 219 219 219 219 219 219 220 220 220 220 220 220 220 220 221 221 221 221 221 221 221 221 222 193 194 194 194 194 194 194 194 195 195 195 195 195 195 195 195 196 196 196 196 196 196 196 197 197 197 197 197 197 197 198 198 198 198 198 198 198 198 199 199 199 199 199 199 199 199 200 200 200 200 200 200 200 201 201 201 201 201 201 201 201 202 202 202 202 202 202 202 202 202 203 203 203 203 203 203 204 204 204 204 204 204 204 204 204 205 205 205 205 205 205 205 205 205 206 206 206 206 206 206 206 207 207 207 207 207 207 207 207 208 208 208 208 208 208 208 208 209 209 209 209 209 209 209 210 210 210 210 210 210 210 210 210 210 210 210 211 211 211 211 211 211 211 212 212 212 212 212 212 212 212 213 213 213 213 213 213 213 214 214 214 214 214 214 214 214 215 215 215 215 215 215 215 216 216 216 216 216 216 216 216 216 216 217 217 217 217 217 217 217 217 218 218 218 218 218 218 218 219 219 219 219 219 219 219 220 220 220 220 220 220 220 220 221 221 221 221 221 221 221 221 222 194 194 194 194 194 194 194 194 195 195 195 195 195 195 195 196 196 196 196 196 196 196 197 197 197 197 197 197 197 197 198 198 198 198 198 198 198 199 199 199 199 199 199 199 199 200 200 200 200 200 200 200 200 201 201 201 201 201 201 201 202 202 202 202 202 202 202 202 202 203 203 203 203 203 203 203 204 204 204 204 204 204 204 204 204 205 205 205 205 205 205 205 205 206 206 206 206 206 206 206 206 207 207 207 207 207 207 207 208 208 208 208 208 208 208 208 209 209 209 209 209 209 209 209 210 210 210 210 210 210 210 210 210 210 210 211 211 211 211 211 211 211 211 212 212 212 212 212 212 212 213 213 213 213 213 213 213 214 214 214 214 214 214 214 214 215 215 215 215 215 215 215 215 216 216 216 216 216 216 216 216 216 217 217 217 217 217 217 217 217 218 218 218 218 218 218 218 219 219 219 219 219 219 219 219 220 220 220 220 220 220 220 220 221 221 221 221 221 221 221 222 222 193 193 194 194 194 194 194 194 194 194 195 195 195 195 195 195 195 195 196 196 196 196 196 196 196 197 197 197 197 197 197 197 198 198 198 198 198 198 198 198 199 199 199 199 199 199 199 200 200 200 200 200 200 200 200 201 201 201 201 201 201 201 201 202 202 202 202 202 202 202 203 203 203 203 203 203 203 203 203 204 204 204 204 204 204 204 204 205 205 205 205 205 205 205 205 206 206 206 206 206 206 206 206 207 207 207 207 207 207 207 208 208 208 208 208 208 208 208 209 209 209 209 209 209 209 209 210 210 210 210 210 210 210 210 210 210 210 211 211 211 211 211 211 211 211 212 212 212 212 212 212 212 213 213 213 213 213 213 213 213 214 214 214 214 214 214 214 215 215 215 215 215 215 215 215 216 216 216 216 216 216 216 216 216 216 217 217 217 217 217 217 217 218 218 218 218 218 218 218 218 219 219 219 219 219 219 219 220 220 220 220 220 220 220 220 221 221 221 221 221 221 221 222 222 193 193 194 194 194 194 194 194 194 195 195 195 195 195 195 195 196 196 196 196 196 196 196 196 197 197 197 197 197 197 197 197 198 198 198 198 198 198 198 199 199 199 199 199 199 199 200 200 200 200 200 200 200 200 201 201 201 201 201 201 201 201 202 202 202 202 202 202 202 202 203 203 203 203 203 203 203 203 204 204 204 204 204 204 204 204 204 205 205 205 205 205 205 205 206 206 206 206 206 206 206 206 207 207 207 207 207 207 207 207 208 208 208 208 208 208 208 208 209 209 209 209 209 209 209 210 210 210 210 210 210 210 210 210 210 210 211 211 211 211 211 211 211 211 212 212 212 212 212 212 212 212 213 213 213 213 213 213 213 214 214 214 214 214 214 214 214 215 215 215 215 215 215 215 216 216 216 216 216 216 216 216 216 216 217 217 217 217 217 217 217 218 218 218 218 218 218 218 218 219 219 219 219 219 219 219 219 220 220 220 220 220 220 220 221 221 221 221 221 221 221 222 222 193 194 194 194 194 194 194 194 195 195 195 195 195 195 195 195 196 196 196 196 196 196 196 197 197 197 197 197 197 197 197 198 198 198 198 198 198 198 199 199 199 199 199 199 199 199 200 200 200 200 200 200 200 201 201 201 201 201 201 201 201 202 202 202 202 202 202 202 202 203 203 203 203 203 203 203 203 203 204 204 204 204 204 204 204 204 205 205 205 205 205 205 205 205 206 206 206 206 206 206 206 206 207 207 207 207 207 207 207 208 208 208 208 208 208 208 208 209 209 209 209 209 209 209 210 210 210 210 210 210 210 210 210 210 210 211 211 211 211 211 211 211 211 212 212 212 212 212 212 212 212 213 213 213 213 213 213 213 214 214 214 214 214 214 214 214 215 215 215 215 215 215 215 215 216 216 216 216 216 216 216 216 216 217 217 217 217 217 217 217 217 218 218 218 218 218 218 218 219 219 219 219 219 219 219 219 220 220 220 220 220 220 220 221 221 221 221 221 221 221 221 222 222 194 194 194 194 194 194 194 195 195 195 195 195 195 195 196 196 196 196 196 196 196 197 197 197 197 197 197 197 197 198 198 198 198 198 198 198 199 199 199 199 199 199 199 199 200 200 200 200 200 200 200 200 201 201 201 201 201 201 201 202 202 202 202 202 202 202 202 203 203 203 203 203 203 203 203 204 204 204 204 204 204 204 204 204 205 205 205 205 205 205 205 205 206 206 206 206 206 206 206 207 207 207 207 207 207 207 207 208 208 208 208 208 208 208 208 209 209 209 209 209 209 209 209 210 210 210 210 210 210 210 210 210 210 210 211 211 211 211 211 211 211 212 212 212 212 212 212 212 212 213 213 213 213 213 213 213 213 214 214 214 214 214 214 214 215 215 215 215 215 215 215 215 216 216 216 216 216 216 216 216 216 217 217 217 217 217 217 217 217 218 218 218 218 218 218 218 218 219 219 219 219 219 219 219 220 220 220 220 220 220 220 220 221 221 221 221 221 221 221 222 222 222 194 194 194 194 194 194 194 194 195 195 195 195 195 195 195 196 196 196 196 196 196 196 196 197 197 197 197 197 197 197 198 198 198 198 198 198 198 199 199 199 199 199 199 199 199 200 200 200 200 200 200 200 200 201 201 201 201 201 201 201 201 202 202 202 202 202 202 202 203 203 203 203 203 203 203 203 204 204 204 204 204 204 204 204 204 204 205 205 205 205 205 205 205 206 206 206 206 206 206 206 206 207 207 207 207 207 207 207 207 208 208 208 208 208 208 208 209 209 209 209 209 209 209 209 210 210 210 210 210 210 210 210 210 210 210 211 211 211 211 211 211 211 211 212 212 212 212 212 212 212 212 213 213 213 213 213 213 213 214 214 214 214 214 214 214 214 215 215 215 215 215 215 215 216 216 216 216 216 216 216 216 217 216 217 217 217 217 217 217 217 218 218 218 218 218 218 218 218 219 219 219 219 219 219 219 219 220 220 220 220 220 220 220 221 221 221 221 221 221 221 221 222 222 222 222 194 194 194 194 194 194 194 194 195 195 195 195 195 195 195 195 196 196 196 196 196 196 196 197 197 197 197 197 197 197 198 198 198 198 198 198 198 198 199 199 199 199 199 199 199 200 200 200 200 200 200 200 200 201 201 201 201 201 201 201 201 202 202 202 202 202 202 202 202 203 203 203 203 203 203 203 204 204 204 204 204 204 204 204 204 205 205 205 205 205 205 205 205 206 206 206 206 206 206 206 206 207 207 207 207 207 207 207 207 208 208 208 208 208 208 208 208 209 209 209 209 209 209 209 209 210 210 210 210 210 210 210 211 210 210 211 211 211 211 211 211 211 211 212 212 212 212 212 212 212 212 213 213 213 213 213 213 213 214 214 214 214 214 214 214 214 215 215 215 215 215 215 215 215 216 216 216 216 216 216 216 217 217 217 217 217 217 217 217 217 217 218 218 218 218 218 218 218 219 219 219 219 219 219 219 219 220 220 220 220 220 220 220 221 221 221 221 221 221 221 221 222 222 222 222 222 222 222 222 194 194 194 194 194 194 194 195 195 195 195 195 195 195 195 196 196 196 196 196 196 196 197 197 197 197 197 197 197 197 198 198 198 198 198 198 198 199 199 199 199 199 199 199 200 200 200 200 200 200 200 200 201 201 201 201 201 201 201 201 202 202 202 202 202 202 202 202 203 203 203 203 203 203 203 203 204 204 204 204 204 204 204 204 204 205 205 205 205 205 205 205 205 206 206 206 206 206 206 206 206 207 207 207 207 207 207 207 208 208 208 208 208 208 208 208 209 209 209 209 209 209 209 209 210 210 210 210 210 210 210 210 211 210 211 211 211 211 211 211 211 211 212 212 212 212 212 212 212 212 213 213 213 213 213 213 213 213 214 214 214 214 214 214 214 215 215 215 215 215 215 215 215 216 216 216 216 216 216 216 217 217 217 217 217 217 217 217 217 217 218 218 218 218 218 218 218 219 219 219 219 219 219 219 219 220 220 220 220 220 220 220 220 221 221 221 221 221 221 221 222 222 222 222 222 222 222 222 223 223 194 194 194 194 194 194 195 195 195 195 195 195 195 195 196 196 196 196 196 196 196 197 197 197 197 197 197 197 197 198 198 198 198 198 198 198 199 199 199 199 199 199 199 199 200 200 200 200 200 200 200 201 201 201 201 201 201 201 201 202 202 202 202 202 202 202 202 203 203 203 203 203 203 203 203 204 204 204 204 204 204 204 204 204 205 205 205 205 205 205 205 205 206 206 206 206 206 206 206 206 207 207 207 207 207 207 207 208 208 208 208 208 208 208 208 209 209 209 209 209 209 209 209 210 210 210 210 210 210 210 210 211 211 210 211 211 211 211 211 211 211 211 212 212 212 212 212 212 212 213 213 213 213 213 213 213 213 214 214 214 214 214 214 214 215 215 215 215 215 215 215 215 216 216 216 216 216 216 216 216 217 217 217 217 217 217 217 217 217 218 218 218 218 218 218 218 218 219 219 219 219 219 219 219 220 220 220 220 220 220 220 220 221 221 221 221 221 221 221 222 222 222 222 222 222 222 222 223 223 223 223 194 194 195 195 195 195 195 195 195 195 195 196 196 196 196 196 197 197 197 197 197 197 197 198 198 198 198 198 198 198 199 199 199 199 199 199 199 199 200 200 200 200 200 200 200 200 201 201 201 201 201 201 201 202 202 202 202 202 202 202 202 203 203 203 203 203 203 203 203 204 204 204 204 204 204 204 204 205 205 205 205 205 205 205 205 205 206 206 206 206 206 206 206 206 207 207 207 207 207 207 207 207 208 208 208 208 208 208 208 208 209 209 209 209 209 209 209 210 210 210 210 210 210 210 210 211 211 211 211 211 211 211 211 211 211 211 212 212 212 212 212 212 212 213 213 213 213 213 213 213 213 214 214 214 214 214 214 214 214 215 215 215 215 215 215 215 216 216 216 216 216 216 216 216 217 217 217 217 217 217 217 217 217 218 218 218 218 218 218 218 218 219 219 219 219 219 219 219 219 220 220 220 220 220 220 220 221 221 221 221 221 221 221 221 222 222 222 222 222 222 222 223 223 223 223 223 223 194 195 195 195 195 195 195 195 195 196 196 196 196 197 197 197 197 197 197 198 198 198 198 198 198 198 199 199 199 199 199 199 199 199 200 200 200 200 200 200 200 200 201 201 201 201 201 201 201 201 202 202 202 202 202 202 202 203 203 203 203 203 203 203 203 204 204 204 204 204 204 204 204 205 205 205 205 205 205 205 205 205 206 206 206 206 206 206 206 206 207 207 207 207 207 207 207 207 208 208 208 208 208 208 208 208 209 209 209 209 209 209 209 209 210 210 210 210 210 210 210 210 211 211 211 211 211 211 211 211 211 211 212 212 212 212 212 212 212 212 213 213 213 213 213 213 213 213 214 214 214 214 214 214 214 215 215 215 215 215 215 215 215 216 216 216 216 216 216 216 217 217 217 217 217 217 217 217 217 218 218 218 218 218 218 218 218 219 219 219 219 219 219 219 219 220 220 220 220 220 220 220 221 221 221 221 221 221 221 221 222 222 222 222 222 222 222 223 223 223 223 223 223 223 195 195 195 195 195 196 196 196 196 197 197 197 197 197 198 198 198 198 198 198 198 199 199 199 199 199 199 199 199 200 200 200 200 200 200 200 200 201 201 201 201 201 201 201 201 202 202 202 202 202 202 202 202 203 203 203 203 203 203 203 203 204 204 204 204 204 204 204 204 205 205 205 205 205 205 205 205 206 206 206 206 206 206 206 206 207 207 207 207 207 207 207 207 208 208 208 208 208 208 208 208 209 209 209 209 209 209 209 209 210 210 210 210 210 210 210 210 211 211 211 211 211 211 211 211 211 211 212 212 212 212 212 212 212 212 213 213 213 213 213 213 213 213 214 214 214 214 214 214 214 215 215 215 215 215 215 215 215 216 216 216 216 216 216 216 216 217 217 217 217 217 217 217 217 217 218 218 218 218 218 218 218 218 219 219 219 219 219 219 219 220 220 220 220 220 220 220 220 221 221 221 221 221 221 221 222 222 222 222 222 222 222 222 223 223 223 223 223 223 223 224 197 197 197 198 198 198 198 198 198 198 198 199 199 199 199 199 199 199 200 200 200 200 200 200 200 200 201 201 201 201 201 201 201 201 202 202 202 202 202 202 202 202 203 203 203 203 203 203 203 203 204 204 204 204 204 204 204 204 205 205 205 205 205 205 205 205 205 206 206 206 206 206 206 206 206 207 207 207 207 207 207 207 208 208 208 208 208 208 208 208 209 209 209 209 209 209 209 209 210 210 210 210 210 210 210 210 211 211 211 211 211 211 211 211 211 211 211 212 212 212 212 212 212 212 213 213 213 213 213 213 213 213 214 214 214 214 214 214 214 215 215 215 215 215 215 215 215 216 216 216 216 216 216 216 216 217 217 217 217 217 217 217 217 217 218 218 218 218 218 218 218 218 219 219 219 219 219 219 219 220 220 220 220 220 220 220 220 221 221 221 221 221 221 221 221 222 222 222 222 222 222 222 223 223 223 223 223 223 223 223 197 198 198 198 198 198 198 198 199 199 199 199 199 199 199 200 200 200 200 200 200 200 200 201 201 201 201 201 201 201 201 202 202 202 202 202 202 202 202 203 203 203 203 203 203 203 203 204 204 204 204 204 204 204 204 205 205 205 205 205 205 205 205 205 206 206 206 206 206 206 206 206 207 207 207 207 207 207 207 207 208 208 208 208 208 208 208 208 209 209 209 209 209 209 209 210 210 210 210 210 210 210 210 211 211 211 211 211 211 211 211 211 211 211 212 212 212 212 212 212 212 213 213 213 213 213 213 213 213 214 214 214 214 214 214 214 214 215 215 215 215 215 215 215 216 216 216 216 216 216 216 216 217 217 217 217 217 217 217 217 217 217 218 218 218 218 218 218 218 219 219 219 219 219 219 219 219 220 220 220 220 220 220 220 221 221 221 221 221 221 221 221 222 222 222 222 222 222 222 223 223 223 223 223 223 223 223 198 198 198 198 198 198 199 199 199 199 199 199 199 200 200 200 200 200 200 200 200 201 201 201 201 201 201 201 201 202 202 202 202 202 202 202 202 203 203 203 203 203 203 203 203 204 204 204 204 204 204 204 204 205 205 205 205 205 205 205 205 205 206 206 206 206 206 206 206 206 207 207 207 207 207 207 207 207 208 208 208 208 208 208 208 208 209 209 209 209 209 209 209 209 210 210 210 210 210 210 210 210 211 211 211 211 211 211 211 211 211 211 212 212 212 212 212 212 212 212 213 213 213 213 213 213 213 213 214 214 214 214 214 214 214 215 215 215 215 215 215 215 215 216 216 216 216 216 216 216 217 217 217 217 217 217 217 217 217 217 218 218 218 218 218 218 218 219 219 219 219 219 219 219 219 220 220 220 220 220 220 220 221 221 221 221 221 221 221 221 222 222 222 222 222 222 222 223 223 223 223 223 223 223 198 198 198 198 198 199 199 199 199 199 199 199 200 200 200 200 200 200 200 200 201 201 201 201 201 201 201 201 202 202 202 202 202 202 202 202 203 203 203 203 203 203 203 203 204 204 204 204 204 204 204 204 205 205 205 205 205 205 205 205 205 206 206 206 206 206 206 206 206 207 207 207 207 207 207 207 207 208 208 208 208 208 208 208 208 209 209 209 209 209 209 209 209 210 210 210 210 210 210 210 210 211 211 211 211 211 211 211 211 211 211 212 212 212 212 212 212 212 212 213 213 213 213 213 213 213 213 214 214 214 214 214 214 214 215 215 215 215 215 215 215 215 216 216 216 216 216 216 216 216 217 217 217 217 217 217 217 218 217 218 218 218 218 218 218 218 218 219 219 219 219 219 219 219 220 220 220 220 220 220 220 220 221 221 221 221 221 221 221 222 222 222 222 222 222 222 222 223 223 223 223 223 198 198 198 198 199 199 199 199 199 199 199 199 200 200 200 200 200 200 200 201 201 201 201 201 201 201 201 202 202 202 202 202 202 202 202 203 203 203 203 203 203 203 203 204 204 204 204 204 204 204 204 205 205 205 205 205 205 205 205 205 206 206 206 206 206 206 206 206 207 207 207 207 207 207 207 207 208 208 208 208 208 208 208 208 209 209 209 209 209 209 209 209 210 210 210 210 210 210 210 210 211 211 211 211 211 211 211 211 211 211 212 212 212 212 212 212 212 212 213 213 213 213 213 213 213 213 214 214 214 214 214 214 214 214 215 215 215 215 215 215 215 216 216 216 216 216 216 216 216 217 217 217 217 217 217 217 217 218 218 218 218 218 218 218 218 218 219 219 219 219 219 219 219 219 220 220 220 220 220 220 220 221 221 221 221 221 221 221 221 222 222 222 222 222 222 222 223 223 223 223 223 196 196 197 197 197 198 198 198 198 198 198 199 199 199 199 199 199 199 199 200 200 200 200 200 200 200 200 201 201 201 201 201 201 201 202 202 202 202 202 202 202 202 203 203 203 203 203 203 203 203 204 204 204 204 204 204 204 204 205 205 205 205 205 205 205 205 205 206 206 206 206 206 206 206 206 207 207 207 207 207 207 207 207 208 208 208 208 208 208 208 208 209 209 209 209 209 209 209 209 210 210 210 210 210 210 210 210 211 211 211 211 211 211 211 211 212 211 212 212 212 212 212 212 212 212 213 213 213 213 213 213 213 213 214 214 214 214 214 214 214 214 215 215 215 215 215 215 215 216 216 216 216 216 216 216 216 217 217 217 217 217 217 217 217 218 218 218 218 218 218 218 218 218 219 219 219 219 219 219 219 219 220 220 220 220 220 220 220 221 221 221 221 221 221 221 221 222 222 222 222 222 222 222 223 223 223 223 223 223 197 197 197 197 197 197 197 197 198 198 198 198 198 198 198 199 199 199 199 199 199 199 199 200 200 200 200 200 200 200 200 201 201 201 201 201 201 201 201 202 202 202 202 202 202 202 202 203 203 203 203 203 203 203 203 204 204 204 204 204 204 204 204 205 205 205 205 205 205 205 205 206 206 206 206 206 206 206 206 206 207 207 207 207 207 207 207 207 208 208 208 208 208 208 208 208 209 209 209 209 209 209 209 209 210 210 210 210 210 210 210 210 211 211 211 211 211 211 211 212 212 212 212 212 212 212 212 212 212 212 213 213 213 213 213 213 213 214 214 214 214 214 214 214 214 215 215 215 215 215 215 215 215 216 216 216 216 216 216 216 217 217 217 217 217 217 217 217 218 218 218 218 218 218 218 218 218 219 219 219 219 219 219 219 219 220 220 220 220 220 220 220 220 221 221 221 221 221 221 221 222 222 222 222 222 222 222 222 223 223 223 223 223 223 223 224 224 224 224 224 224 197 197 197 197 197 197 197 198 198 198 198 198 198 198 199 199 199 199 199 199 199 199 200 200 200 200 200 200 200 200 201 201 201 201 201 201 201 201 202 202 202 202 202 202 202 202 203 203 203 203 203 203 203 203 204 204 204 204 204 204 204 204 205 205 205 205 205 205 205 205 206 206 206 206 206 206 206 206 206 207 207 207 207 207 207 207 207 208 208 208 208 208 208 208 208 209 209 209 209 209 209 209 209 210 210 210 210 210 210 210 210 211 211 211 211 211 211 211 211 212 212 212 212 212 212 212 212 212 212 213 213 213 213 213 213 213 214 214 214 214 214 214 214 214 215 215 215 215 215 215 215 215 216 216 216 216 216 216 216 216 217 217 217 217 217 217 217 218 218 218 218 218 218 218 218 218 218 219 219 219 219 219 219 219 220 220 220 220 220 220 220 220 221 221 221 221 221 221 221 222 222 222 222 222 222 222 222 223 223 223 223 223 223 223 224 224 224 224 224 224 224 224 224 197 197 197 197 197 197 198 198 198 198 198 198 198 199 199 199 199 199 199 199 199 200 200 200 200 200 200 200 200 201 201 201 201 201 201 201 201 202 202 202 202 202 202 202 202 203 203 203 203 203 203 203 203 204 204 204 204 204 204 204 204 205 205 205 205 205 205 205 205 206 206 206 206 206 206 206 206 206 207 207 207 207 207 207 207 207 208 208 208 208 208 208 208 208 209 209 209 209 209 209 209 209 210 210 210 210 210 210 210 210 211 211 211 211 211 211 211 211 212 212 212 212 212 212 212 212 212 212 213 213 213 213 213 213 213 213 214 214 214 214 214 214 214 214 215 215 215 215 215 215 215 216 216 216 216 216 216 216 216 217 217 217 217 217 217 217 217 218 218 218 218 218 218 218 218 218 219 219 219 219 219 219 219 219 220 220 220 220 220 220 220 221 221 221 221 221 221 221 221 222 222 222 222 222 222 222 223 223 223 223 223 223 223 223 224 224 224 224 224 224 224 224 225 225 225 197 197 197 197 197 197 198 198 198 198 198 198 198 199 199 199 199 199 199 199 199 200 200 200 200 200 200 200 200 201 201 201 201 201 201 201 201 202 202 202 202 202 202 202 202 203 203 203 203 203 203 203 203 204 204 204 204 204 204 204 204 205 205 205 205 205 205 205 205 206 206 206 206 206 206 206 206 206 207 207 207 207 207 207 207 207 208 208 208 208 208 208 208 208 209 209 209 209 209 209 209 209 210 210 210 210 210 210 210 210 211 211 211 211 211 211 211 211 212 212 212 212 212 212 212 212 212 212 213 213 213 213 213 213 213 213 214 214 214 214 214 214 214 214 215 215 215 215 215 215 215 215 216 216 216 216 216 216 216 217 217 217 217 217 217 217 217 218 218 218 218 218 218 218 218 218 219 219 219 219 219 219 219 219 220 220 220 220 220 220 220 220 221 221 221 221 221 221 221 222 222 222 222 222 222 222 223 223 223 223 223 223 223 223 224 224 224 224 224 224 224 225 225 225 225 225 225 197 197 197 197 198 198 198 198 198 198 198 199 199 199 199 199 199 199 199 200 200 200 200 200 200 200 200 201 201 201 201 201 201 201 201 202 202 202 202 202 202 202 202 203 203 203 203 203 203 203 203 204 204 204 204 204 204 204 204 205 205 205 205 205 205 205 205 206 206 206 206 206 206 206 206 206 207 207 207 207 207 207 207 207 208 208 208 208 208 208 208 208 209 209 209 209 209 209 209 209 210 210 210 210 210 210 210 210 210 211 211 211 211 211 211 211 212 212 212 212 212 212 212 212 212 212 213 213 213 213 213 213 213 213 214 214 214 214 214 214 214 214 215 215 215 215 215 215 215 215 216 216 216 216 216 216 216 216 217 217 217 217 217 217 217 218 218 218 218 218 218 218 218 218 219 219 219 219 219 219 219 219 220 220 220 220 220 220 220 220 221 221 221 221 221 221 221 222 222 222 222 222 222 222 222 223 223 223 223 223 223 223 224 224 224 224 224 224 224 224 225 225 225 225 225 225 225 197 197 198 198 198 198 198 198 198 199 199 199 199 199 199 199 199 200 200 200 200 200 200 200 200 201 201 201 201 201 201 201 201 202 202 202 202 202 202 202 202 203 203 203 203 203 203 203 203 204 204 204 204 204 204 204 204 205 205 205 205 205 205 205 205 206 206 206 206 206 206 206 206 206 207 207 207 207 207 207 207 207 208 208 208 208 208 208 208 208 208 209 209 209 209 209 209 209 209 210 210 210 210 210 210 210 210 211 211 211 211 211 211 211 211 212 212 212 212 212 212 212 212 212 213 213 213 213 213 213 213 213 213 214 214 214 214 214 214 214 215 215 215 215 215 215 215 215 216 216 216 216 216 216 216 216 217 217 217 217 217 217 217 218 218 218 218 218 218 218 218 218 218 219 219 219 219 219 219 219 220 220 220 220 220 220 220 220 221 221 221 221 221 221 221 222 222 222 222 222 222 222 222 223 223 223 223 223 223 223 224 224 224 224 224 224 224 224 225 225 225 225 225 225 225 198 198 198 198 198 198 199 199 199 199 199 199 199 199 200 200 200 200 200 200 200 200 201 201 201 201 201 201 201 201 202 202 202 202 202 202 202 202 203 203 203 203 203 203 203 203 204 204 204 204 204 204 204 204 205 205 205 205 205 205 205 205 206 206 206 206 206 206 206 206 206 207 207 207 207 207 207 207 207 208 208 208 208 208 208 208 208 208 209 209 209 209 209 209 209 209 210 210 210 210 210 210 210 210 211 211 211 211 211 211 211 211 212 212 212 212 212 212 212 212 212 213 213 213 213 213 213 213 213 213 214 214 214 214 214 214 214 215 215 215 215 215 215 215 215 215 216 216 216 216 216 216 216 217 217 217 217 217 217 217 217 218 218 218 218 218 218 218 218 218 219 219 219 219 219 219 219 219 220 220 220 220 220 220 220 221 221 221 221 221 221 221 221 222 222 222 222 222 222 222 223 223 223 223 223 223 223 223 224 224 224 224 224 224 224 225 225 225 225 225 225 225 198 198 198 198 199 199 199 199 199 199 199 199 200 200 200 200 200 200 200 200 201 201 201 201 201 201 201 201 202 202 202 202 202 202 202 202 203 203 203 203 203 203 203 203 204 204 204 204 204 204 204 204 205 205 205 205 205 205 205 205 206 206 206 206 206 206 206 206 206 207 207 207 207 207 207 207 207 207 208 208 208 208 208 208 208 208 209 209 209 209 209 209 209 209 210 210 210 210 210 210 210 210 211 211 211 211 211 211 211 211 212 212 212 212 212 212 212 212 212 212 213 213 213 213 213 213 213 213 214 214 214 214 214 214 214 214 215 215 215 215 215 215 215 215 216 216 216 216 216 216 216 217 217 217 217 217 217 217 217 218 218 218 218 218 218 218 218 218 219 219 219 219 219 219 219 219 220 220 220 220 220 220 220 220 221 221 221 221 221 221 221 222 222 222 222 222 222 222 222 223 223 223 223 223 223 223 224 224 224 224 224 224 224 225 225 225 225 225 225 225 225 226 226 226 198 199 199 199 199 199 199 199 199 200 200 200 200 200 200 200 200 201 201 201 201 201 201 201 201 201 202 202 202 202 202 202 202 203 203 203 203 203 203 203 203 203 204 204 204 204 204 204 204 204 205 205 205 205 205 205 205 205 206 206 206 206 206 206 206 206 207 207 207 207 207 207 207 208 208 208 208 208 208 208 208 209 209 209 209 209 209 209 209 210 210 210 210 210 210 210 210 210 211 211 211 211 211 211 211 211 212 212 212 212 212 212 212 212 213 213 212 212 212 213 213 213 213 213 213 213 213 214 214 214 214 214 214 214 214 215 215 215 215 215 215 215 215 216 216 216 216 216 216 216 216 217 217 217 217 217 217 217 218 218 218 218 218 218 218 218 219 219 219 219 219 219 219 220 220 220 220 220 220 220 220 221 221 221 221 221 221 221 222 222 222 222 222 222 222 222 223 223 223 223 223 223 223 224 224 224 224 224 224 224 224 225 225 225 225 225 225 225 226 226 226 226 226 226 226 226 227 198 199 199 199 199 199 199 199 199 200 200 200 200 200 200 200 200 200 201 201 201 201 201 201 201 201 202 202 202 202 202 202 202 203 203 203 203 203 203 203 203 203 204 204 204 204 204 204 204 204 205 205 205 205 205 205 205 205 206 206 206 206 206 206 206 206 207 207 207 207 207 207 207 208 208 208 208 208 208 208 208 209 209 209 209 209 209 209 209 209 210 210 210 210 210 210 210 210 211 211 211 211 211 211 211 211 212 212 212 212 212 212 212 212 213 213 213 212 212 213 213 213 213 213 213 213 213 214 214 214 214 214 214 214 214 214 215 215 215 215 215 215 215 216 216 216 216 216 216 216 216 217 217 217 217 217 217 217 217 218 218 218 218 218 218 218 219 219 219 219 219 219 219 220 220 220 220 220 220 220 220 221 221 221 221 221 221 221 221 222 222 222 222 222 222 222 223 223 223 223 223 223 223 223 224 224 224 224 224 224 224 225 225 225 225 225 225 225 225 226 226 226 226 226 226 226 227 227 198 198 198 198 198 198 199 199 199 199 199 199 199 199 200 200 200 200 200 200 200 200 201 201 201 201 201 201 201 201 202 202 202 202 202 202 202 202 203 203 203 203 203 203 203 203 203 204 204 204 204 204 204 204 204 205 205 205 205 205 205 205 205 206 206 206 206 206 206 206 206 207 207 207 207 207 207 207 208 208 208 208 208 208 208 208 209 209 209 209 209 209 209 209 209 210 210 210 210 210 210 210 210 211 211 211 211 211 211 211 211 212 212 212 212 212 212 212 212 213 213 213 213 212 213 213 213 213 213 213 213 213 214 214 214 214 214 214 214 214 214 215 215 215 215 215 215 215 215 216 216 216 216 216 216 216 216 217 217 217 217 217 217 217 218 218 218 218 218 218 218 218 219 219 219 219 219 219 219 220 220 220 220 220 220 220 221 221 221 221 221 221 221 221 222 222 222 222 222 222 222 223 223 223 223 223 223 223 223 224 224 224 224 224 224 224 225 225 225 225 225 225 225 225 226 226 226 226 226 226 226 226 227 227 227 198 198 198 198 198 198 199 199 199 199 199 199 199 200 200 200 200 200 200 200 200 200 201 201 201 201 201 201 201 201 202 202 202 202 202 202 202 202 203 203 203 203 203 203 203 203 203 204 204 204 204 204 204 204 204 205 205 205 205 205 205 205 205 206 206 206 206 206 206 206 206 207 207 207 207 207 207 207 208 208 208 208 208 208 208 208 208 209 209 209 209 209 209 209 209 210 210 210 210 210 210 210 210 211 211 211 211 211 211 211 211 212 212 212 212 212 212 212 212 213 213 213 213 213 213 213 213 213 213 213 213 213 213 214 214 214 214 214 214 214 214 215 215 215 215 215 215 215 215 216 216 216 216 216 216 216 216 217 217 217 217 217 217 217 218 218 218 218 218 218 218 218 219 219 219 219 219 219 219 220 220 220 220 220 220 220 220 221 221 221 221 221 221 221 222 222 222 222 222 222 222 222 223 223 223 223 223 223 223 224 224 224 224 224 224 224 224 225 225 225 225 225 225 225 225 226 226 226 226 226 226 226 227 227 227 227 198 198 198 198 198 199 199 199 199 199 199 199 200 200 200 200 200 200 200 200 200 201 201 201 201 201 201 201 201 202 202 202 202 202 202 202 202 203 203 203 203 203 203 203 203 204 204 204 204 204 204 204 204 204 205 205 205 205 205 205 205 205 206 206 206 206 206 206 206 206 207 207 207 207 207 207 207 208 208 208 208 208 208 208 208 208 209 209 209 209 209 209 209 209 210 210 210 210 210 210 210 210 211 211 211 211 211 211 211 211 211 212 212 212 212 212 212 212 212 213 213 213 213 213 213 213 213 213 213 213 213 213 214 214 214 214 214 214 214 214 215 215 215 215 215 215 215 215 215 216 216 216 216 216 216 216 217 217 217 217 217 217 217 217 218 218 218 218 218 218 218 218 219 219 219 219 219 219 220 220 220 220 220 220 220 220 221 221 221 221 221 221 221 222 222 222 222 222 222 222 222 223 223 223 223 223 223 223 223 224 224 224 224 224 224 224 225 225 225 225 225 225 225 226 226 226 226 226 226 226 226 227 227 227 227 227 227 227 198 198 198 199 199 199 199 199 199 199 200 200 200 200 200 200 200 200 200 201 201 201 201 201 201 201 201 202 202 202 202 202 202 202 202 202 203 203 203 203 203 203 203 204 204 204 204 204 204 204 204 204 205 205 205 205 205 205 205 205 206 206 206 206 206 206 206 206 207 207 207 207 207 207 207 208 208 208 208 208 208 208 208 208 209 209 209 209 209 209 209 209 210 210 210 210 210 210 210 210 211 211 211 211 211 211 211 211 211 212 212 212 212 212 212 212 212 213 213 213 213 213 213 213 213 213 213 213 213 213 214 214 214 214 214 214 214 214 215 215 215 215 215 215 215 215 215 216 216 216 216 216 216 216 217 217 217 217 217 217 217 217 218 218 218 218 218 218 218 218 219 219 219 219 219 219 219 220 220 220 220 220 220 220 221 221 221 221 221 221 221 221 222 222 222 222 222 222 222 223 223 223 223 223 223 223 223 224 224 224 224 224 224 224 225 225 225 225 225 225 225 225 226 226 226 226 226 226 226 227 227 227 227 227 227 227 227 228 199 199 199 199 199 199 199 200 200 200 200 200 200 200 200 200 201 201 201 201 201 201 201 201 202 202 202 202 202 202 202 202 203 203 203 203 203 203 203 203 204 204 204 204 204 204 204 204 204 205 205 205 205 205 205 205 205 206 206 206 206 206 206 206 206 207 207 207 207 207 207 207 208 208 208 208 208 208 208 208 208 209 209 209 209 209 209 209 209 210 210 210 210 210 210 210 210 210 211 211 211 211 211 211 211 211 212 212 212 212 212 212 212 212 213 213 213 213 213 213 213 213 213 213 213 213 213 214 214 214 214 214 214 214 214 215 215 215 215 215 215 215 215 215 216 216 216 216 216 216 216 216 217 217 217 217 217 217 217 218 218 218 218 218 218 218 218 219 219 219 219 219 219 219 220 220 220 220 220 220 220 221 221 221 221 221 221 221 221 222 222 222 222 222 222 222 222 223 223 223 223 223 223 223 224 224 224 224 224 224 224 224 225 225 225 225 225 225 225 226 226 226 226 226 226 226 226 227 227 227 227 227 227 227 228 228 228 228 199 199 199 199 199 200 200 200 200 200 200 200 200 201 201 201 201 201 201 201 201 202 202 202 202 202 202 202 202 203 203 203 203 203 203 203 203 204 204 204 204 204 204 204 204 204 205 205 205 205 205 205 205 205 206 206 206 206 206 206 206 206 207 207 207 207 207 207 207 208 208 208 208 208 208 208 208 208 209 209 209 209 209 209 209 209 210 210 210 210 210 210 210 210 210 211 211 211 211 211 211 211 211 212 212 212 212 212 212 212 212 213 213 213 213 213 213 213 213 213 213 213 213 213 214 214 214 214 214 214 214 214 214 215 215 215 215 215 215 215 215 216 216 216 216 216 216 216 216 217 217 217 217 217 217 217 217 218 218 218 218 218 218 218 218 219 219 219 219 219 219 220 220 220 220 220 220 220 220 221 221 221 221 221 221 221 222 222 222 222 222 222 222 222 223 223 223 223 223 223 223 223 224 224 224 224 224 224 224 225 225 225 225 225 225 225 226 226 226 226 226 226 226 226 227 227 227 227 227 227 227 228 228 228 228 228 228 199 199 199 199 200 200 200 200 200 200 201 201 201 201 201 201 201 201 201 202 202 202 202 202 202 202 202 203 203 203 203 203 203 203 203 204 204 204 204 204 204 204 204 204 205 205 205 205 205 205 205 205 206 206 206 206 206 206 206 206 207 207 207 207 207 207 207 207 208 208 208 208 208 208 208 208 209 209 209 209 209 209 209 209 210 210 210 210 210 210 210 210 210 211 211 211 211 211 211 211 211 212 212 212 212 212 212 212 212 213 213 213 213 213 213 213 213 214 213 213 213 213 214 214 214 214 214 214 214 214 214 215 215 215 215 215 215 215 215 216 216 216 216 216 216 216 216 217 217 217 217 217 217 217 217 218 218 218 218 218 218 218 218 219 219 219 219 219 219 219 220 220 220 220 220 220 220 221 221 221 221 221 221 221 221 222 222 222 222 222 222 222 223 223 223 223 223 223 223 223 224 224 224 224 224 224 224 225 225 225 225 225 225 225 226 226 226 226 226 226 226 226 227 227 227 227 227 227 227 227 228 228 228 228 228 228 228 201 201 201 201 201 201 201 201 202 202 202 202 202 202 202 202 202 203 203 203 203 203 203 203 203 204 204 204 204 204 204 204 204 205 205 205 205 205 205 205 205 205 206 206 206 206 206 206 206 206 207 207 207 207 207 207 207 207 207 208 208 208 208 208 208 208 209 209 209 209 209 209 209 209 210 210 210 210 210 210 210 210 210 211 211 211 211 211 211 211 211 212 212 212 212 212 212 212 212 213 213 213 213 213 213 213 213 213 214 213 213 213 213 214 214 214 214 214 214 214 214 215 215 215 215 215 215 215 215 216 216 216 216 216 216 216 216 217 217 217 217 217 217 217 217 218 218 218 218 218 218 218 218 219 219 219 219 219 219 219 220 220 220 220 220 220 220 221 221 221 221 221 221 221 221 222 222 222 222 222 222 222 223 223 223 223 223 223 223 223 224 224 224 224 224 224 224 225 225 225 225 225 225 225 225 226 226 226 226 226 226 226 226 227 227 227 227 227 227 227 228 228 228 228 228 228 228 229 229 229 201 201 201 201 201 201 202 202 202 202 202 202 202 202 202 203 203 203 203 203 203 203 203 204 204 204 204 204 204 204 204 205 205 205 205 205 205 205 205 205 206 206 206 206 206 206 206 206 207 207 207 207 207 207 207 207 207 208 208 208 208 208 208 208 209 209 209 209 209 209 209 209 210 210 210 210 210 210 210 210 210 211 211 211 211 211 211 211 211 211 212 212 212 212 212 212 212 212 213 213 213 213 213 213 213 213 214 214 213 213 214 214 214 214 214 214 214 214 214 215 215 215 215 215 215 215 215 215 216 216 216 216 216 216 216 217 217 217 217 217 217 217 217 218 218 218 218 218 218 218 218 219 219 219 219 219 219 219 220 220 220 220 220 220 220 220 221 221 221 221 221 221 221 222 222 222 222 222 222 222 222 223 223 223 223 223 223 223 224 224 224 224 224 224 224 224 225 225 225 225 225 225 225 226 226 226 226 226 226 226 226 227 227 227 227 227 227 227 228 228 228 228 228 228 228 229 229 229 229 229 230 230 201 201 201 201 201 202 202 202 202 202 202 202 202 202 203 203 203 203 203 203 203 203 204 204 204 204 204 204 204 204 205 205 205 205 205 205 205 205 205 206 206 206 206 206 206 206 206 207 207 207 207 207 207 207 207 207 208 208 208 208 208 208 208 209 209 209 209 209 209 209 209 210 210 210 210 210 210 210 210 210 211 211 211 211 211 211 211 211 211 212 212 212 212 212 212 212 212 213 213 213 213 213 213 213 213 214 214 214 213 214 214 214 214 214 214 214 214 214 215 215 215 215 215 215 215 215 215 216 216 216 216 216 216 216 216 217 217 217 217 217 217 217 217 218 218 218 218 218 218 218 219 219 219 219 219 219 219 219 220 220 220 220 220 220 220 221 221 221 221 221 221 221 222 222 222 222 222 222 222 222 223 223 223 223 223 223 223 223 224 224 224 224 224 224 224 225 225 225 225 225 225 225 226 226 226 226 226 226 226 226 227 227 227 227 227 227 227 228 228 228 228 228 228 228 228 229 229 229 229 229 229 229 230 230 230 232 232 232 201 201 201 201 202 202 202 202 202 202 202 202 202 203 203 203 203 203 203 203 203 204 204 204 204 204 204 204 204 205 205 205 205 205 205 205 205 205 206 206 206 206 206 206 206 206 207 207 207 207 207 207 207 207 207 208 208 208 208 208 208 209 209 209 209 209 209 209 209 209 210 210 210 210 210 210 210 210 210 211 211 211 211 211 211 211 211 211 212 212 212 212 212 212 212 212 213 213 213 213 213 213 213 213 214 214 214 214 213 214 214 214 214 214 214 214 214 215 215 215 215 215 215 215 215 215 216 216 216 216 216 216 216 216 216 217 217 217 217 217 217 217 218 218 218 218 218 218 218 218 219 219 219 219 219 219 219 219 220 220 220 220 220 220 221 221 221 221 221 221 221 221 222 222 222 222 222 222 222 222 223 223 223 223 223 223 223 224 224 224 224 224 224 224 225 225 225 225 225 225 225 226 226 226 226 226 226 226 226 227 227 227 227 227 227 227 227 228 228 228 228 228 228 228 229 229 229 229 229 229 229 230 230 230 230 230 230 230 232 232 232 232 201 201 201 202 202 202 202 202 202 202 202 202 203 203 203 203 203 203 203 203 204 204 204 204 204 204 204 204 205 205 205 205 205 205 205 205 206 206 206 206 206 206 206 206 206 207 207 207 207 207 207 207 207 207 208 208 208 208 208 208 209 209 209 209 209 209 209 209 209 210 210 210 210 210 210 210 210 210 211 211 211 211 211 211 211 211 211 212 212 212 212 212 212 212 212 212 213 213 213 213 213 213 213 214 214 214 214 214 214 214 214 214 214 214 214 214 215 215 215 215 215 215 215 215 215 215 215 216 216 216 216 216 216 216 216 217 217 217 217 217 217 218 218 218 218 218 218 218 218 219 219 219 219 219 219 219 219 220 220 220 220 220 220 220 221 221 221 221 221 221 221 222 222 222 222 222 222 222 222 223 223 223 223 223 223 223 223 224 224 224 224 224 224 224 225 225 225 225 225 225 225 226 226 226 226 226 226 226 226 227 227 227 227 227 227 227 228 228 228 228 228 228 228 229 229 229 229 229 229 229 230 230 230 230 230 230 230 230 231 231 231 232 232 232 232 232 201 201 202 202 202 202 202 202 202 203 203 203 203 203 203 203 203 203 204 204 204 204 204 204 204 204 205 205 205 205 205 205 205 205 206 206 206 206 206 206 206 206 206 207 207 207 207 207 207 207 207 208 208 208 208 208 208 208 209 209 209 209 209 209 209 209 209 210 210 210 210 210 210 210 210 210 211 211 211 211 211 211 211 211 212 212 212 212 212 212 212 212 212 213 213 213 213 213 213 213 213 213 214 214 214 214 214 214 214 214 214 214 214 214 214 215 215 215 215 215 215 215 215 215 215 216 216 216 216 216 216 216 216 216 217 217 217 217 217 217 218 218 218 218 218 218 218 219 219 219 219 219 219 219 219 219 220 220 220 220 220 220 221 221 221 221 221 221 221 222 222 222 222 222 222 222 222 223 223 223 223 223 223 223 223 224 224 224 224 224 224 224 225 225 225 225 225 225 225 226 226 226 226 226 226 226 227 227 227 227 227 227 227 227 228 228 228 228 228 228 228 229 229 229 229 229 229 229 229 230 230 230 230 230 230 230 231 231 231 231 231 231 231 232 232 232 232 232 232 232 202 202 202 202 202 202 203 203 203 203 203 203 203 203 203 204 204 204 204 204 204 204 204 205 205 205 205 205 205 205 205 205 206 206 206 206 206 206 206 206 207 207 207 207 207 207 207 207 208 208 208 208 208 208 208 209 209 209 209 209 209 209 209 209 210 210 210 210 210 210 210 210 210 211 211 211 211 211 211 211 211 212 212 212 212 212 212 212 212 212 213 213 213 213 213 213 213 213 213 214 214 214 214 214 214 214 214 214 214 214 214 214 215 215 215 215 215 215 215 215 215 215 216 216 216 216 216 216 216 217 217 217 217 217 217 217 217 217 218 218 218 218 218 218 218 219 219 219 219 219 219 219 219 220 220 220 220 220 220 221 221 221 221 221 221 221 221 222 222 222 222 222 222 222 223 223 223 223 223 223 223 223 224 224 224 224 224 224 224 225 225 225 225 225 225 225 226 226 226 226 226 226 226 226 227 227 227 227 227 227 227 228 228 228 228 228 228 228 229 229 229 229 229 229 229 229 230 230 230 230 230 230 230 231 231 231 231 231 231 231 232 232 232 232 232 232 232 233 202 202 202 203 203 203 203 203 203 203 204 204 204 204 204 204 204 204 204 205 205 205 205 205 205 205 205 205 206 206 206 206 206 206 206 206 207 207 207 207 207 207 207 207 208 208 208 208 208 208 208 208 209 209 209 209 209 209 209 209 210 210 210 210 210 210 210 210 210 211 211 211 211 211 211 211 211 212 212 212 212 212 212 212 212 212 212 213 213 213 213 213 213 213 213 214 214 214 214 214 214 214 214 214 214 214 214 214 215 215 215 215 215 215 215 215 215 215 216 216 216 216 216 216 216 217 217 217 217 217 217 217 217 217 217 218 218 218 218 218 218 219 219 219 219 219 219 219 219 220 220 220 220 220 220 220 221 221 221 221 221 221 221 222 222 222 222 222 222 222 222 223 223 223 223 223 223 223 224 224 224 224 224 224 224 225 225 225 225 225 225 225 225 226 226 226 226 226 226 226 227 227 227 227 227 227 227 227 228 228 228 228 228 228 228 229 229 229 229 229 229 229 230 230 230 230 230 230 230 231 231 231 231 231 231 231 232 232 232 232 232 232 232 233 233 233 203 203 203 203 203 203 204 204 204 204 204 204 204 204 204 205 205 205 205 205 205 205 205 206 206 206 206 206 206 206 206 207 207 207 207 207 207 207 207 207 208 208 208 208 208 208 208 208 208 209 209 209 209 209 209 209 210 210 210 210 210 210 210 210 210 211 211 211 211 211 211 211 211 212 212 212 212 212 212 212 212 212 213 213 213 213 213 213 213 213 213 214 214 214 214 214 214 214 214 214 214 214 214 214 215 215 215 215 215 215 215 215 215 215 216 216 216 216 216 216 217 217 217 217 217 217 217 217 217 217 217 217 218 218 218 218 218 219 219 219 219 219 219 219 219 220 220 220 220 220 220 220 221 221 221 221 221 221 221 221 222 222 222 222 222 222 222 223 223 223 223 223 223 223 223 224 224 224 224 224 224 224 225 225 225 225 225 225 225 226 226 226 226 226 226 226 227 227 227 227 227 227 227 227 228 228 228 228 228 228 228 229 229 229 229 229 229 229 230 230 230 230 230 230 230 231 231 231 231 231 231 231 232 232 232 232 232 232 232 232 233 233 233 233 203 203 203 204 204 204 204 204 204 204 205 205 205 205 205 205 205 205 205 206 206 206 206 206 206 206 206 207 207 207 207 207 207 207 207 207 208 208 208 208 208 208 208 208 208 209 209 209 209 209 209 209 210 210 210 210 210 210 210 210 211 211 211 211 211 211 211 211 211 212 212 212 212 212 212 212 212 212 213 213 213 213 213 213 213 213 213 214 214 214 214 214 214 214 214 215 214 214 214 214 215 215 215 215 215 215 215 215 215 216 216 216 216 216 216 216 216 217 217 217 217 217 217 217 217 218 218 218 218 218 218 218 218 218 219 219 219 219 219 219 219 219 220 220 220 220 220 220 221 221 221 221 221 221 221 221 222 222 222 222 222 222 222 223 223 223 223 223 223 223 223 224 224 224 224 224 224 224 225 225 225 225 225 225 225 226 226 226 226 226 226 226 227 227 227 227 227 227 227 227 228 228 228 228 228 228 228 229 229 229 229 229 229 229 230 230 230 230 230 230 230 231 231 231 231 231 231 231 231 232 232 232 232 232 232 232 233 233 233 233 233 204 204 204 204 204 204 204 205 205 205 205 205 205 205 205 206 206 206 206 206 206 206 206 207 207 207 207 207 207 207 207 207 207 208 208 208 208 208 208 208 208 209 209 209 209 209 209 209 210 210 210 210 210 210 210 210 211 211 211 211 211 211 211 211 211 212 212 212 212 212 212 212 212 212 213 213 213 213 213 213 213 213 213 214 214 214 214 214 214 214 214 215 215 214 214 214 215 215 215 215 215 215 215 215 215 216 216 216 216 216 216 216 216 216 217 217 217 217 217 217 217 218 218 218 218 218 218 218 218 218 218 219 219 219 219 219 219 219 220 220 220 220 220 220 220 221 221 221 221 221 221 221 222 222 222 222 222 222 222 222 223 223 223 223 223 223 223 224 224 224 224 224 224 224 225 225 225 225 225 225 225 225 226 226 226 226 226 226 226 227 227 227 227 227 227 227 228 228 228 228 228 228 228 229 229 229 229 229 229 229 229 230 230 230 230 230 230 230 231 231 231 231 231 231 231 232 232 232 232 232 232 232 233 233 233 233 233 233 233 204 204 204 204 205 205 205 205 205 205 205 205 206 206 206 206 206 206 206 207 207 207 207 207 207 207 207 207 207 208 208 208 208 208 208 208 208 209 209 209 209 209 209 209 210 210 210 210 210 210 210 210 211 211 211 211 211 211 211 211 211 212 212 212 212 212 212 212 212 212 213 213 213 213 213 213 213 213 213 213 214 214 214 214 214 214 214 215 215 215 214 214 215 215 215 215 215 215 215 215 215 216 216 216 216 216 216 216 216 216 216 217 217 217 217 217 217 218 218 218 218 218 218 218 218 218 218 218 219 219 219 219 219 219 220 220 220 220 220 220 220 221 221 221 221 221 221 221 222 222 222 222 222 222 222 222 223 223 223 223 223 223 223 223 224 224 224 224 224 224 224 225 225 225 225 225 225 225 226 226 226 226 226 226 226 227 227 227 227 227 227 227 227 228 228 228 228 228 228 228 229 229 229 229 229 229 229 230 230 230 230 230 230 230 231 231 231 231 231 231 231 232 232 232 232 232 232 232 233 233 233 233 233 233 233 234 234 234 234 205 205 205 205 205 205 205 206 206 206 206 206 206 206 206 207 207 207 207 207 207 207 207 207 207 208 208 208 208 208 208 208 209 209 209 209 209 209 209 210 210 210 210 210 210 210 210 210 211 211 211 211 211 211 211 211 212 212 212 212 212 212 212 212 212 212 213 213 213 213 213 213 213 213 213 214 214 214 214 214 214 214 215 215 215 215 214 214 215 215 215 215 215 215 215 215 216 216 216 216 216 216 216 216 216 216 216 217 217 217 217 217 217 218 218 218 218 218 218 218 218 218 218 218 219 219 219 219 219 220 220 220 220 220 220 220 221 221 221 221 221 221 221 221 222 222 222 222 222 222 222 222 223 223 223 223 223 223 223 224 224 224 224 224 224 224 225 225 225 225 225 225 225 225 226 226 226 226 226 226 226 227 227 227 227 227 227 227 228 228 228 228 228 228 228 229 229 229 229 229 229 229 230 230 230 230 230 230 230 231 231 231 231 231 231 231 232 232 232 232 232 232 232 233 233 233 233 233 233 233 233 234 234 234 234 234 234 235 235 235 235 235 207 207 207 207 207 207 208 208 208 208 208 208 208 208 208 209 209 209 209 209 209 209 210 210 210 210 210 210 210 210 210 211 211 211 211 211 211 211 212 212 212 212 212 212 212 212 212 212 212 212 212 213 213 213 213 213 213 213 213 214 214 214 214 214 214 215 215 215 215 214 215 215 215 215 215 215 215 215 216 216 216 216 216 216 216 216 216 217 217 217 217 217 217 217 217 217 218 218 218 218 218 218 218 218 219 218 219 219 219 219 219 219 220 220 220 220 220 220 220 221 221 221 221 221 221 221 222 222 222 222 222 222 222 222 223 223 223 223 223 223 223 224 224 224 224 224 224 224 225 225 225 225 225 225 225 225 226 226 226 226 226 226 226 227 227 227 227 227 227 227 228 228 228 228 228 228 228 229 229 229 229 229 229 229 230 230 230 230 230 230 230 231 231 231 231 231 231 231 232 232 232 232 232 232 232 233 233 233 233 233 233 233 233 234 234 234 234 234 234 234 235 235 235 235 235 235 235 235 236 236 236 207 207 207 207 207 208 208 208 208 208 208 208 208 208 208 209 209 209 209 209 209 209 210 210 210 210 210 210 210 210 210 210 211 211 211 211 211 211 211 212 212 212 212 212 212 212 212 212 212 212 213 213 213 213 213 213 213 213 213 214 214 214 214 214 215 215 215 215 215 215 215 215 215 215 215 215 215 216 216 216 216 216 216 216 216 216 217 217 217 217 217 217 217 217 217 217 218 218 218 218 218 218 218 218 219 219 219 219 219 219 219 220 220 220 220 220 220 220 221 221 221 221 221 221 221 222 222 222 222 222 222 222 222 223 223 223 223 223 223 223 223 224 224 224 224 224 224 224 225 225 225 225 225 225 225 226 226 226 226 226 226 226 226 227 227 227 227 227 227 227 228 228 228 228 228 228 229 229 229 229 229 229 229 230 230 230 230 230 230 230 231 231 231 231 231 231 231 232 232 232 232 232 232 232 233 233 233 233 233 233 233 233 234 234 234 234 234 234 234 235 235 235 235 235 235 235 235 236 236 236 236 236 236 236 237 237 207 207 207 208 208 208 208 208 208 208 208 208 208 209 209 209 209 209 209 209 209 210 210 210 210 210 210 210 210 210 210 210 211 211 211 211 211 211 211 211 212 212 212 212 212 212 212 212 213 213 213 213 213 213 213 214 214 214 214 214 214 214 215 215 215 215 215 215 215 215 215 215 215 215 215 216 216 216 216 216 216 216 216 216 217 217 217 217 217 217 217 217 217 217 218 218 218 218 218 218 218 218 219 219 219 219 219 219 219 220 220 220 220 220 220 220 220 221 221 221 221 221 221 221 222 222 222 222 222 222 222 222 223 223 223 223 223 223 223 224 224 224 224 224 224 224 225 225 225 225 225 225 225 225 226 226 226 226 226 226 226 227 227 227 227 227 227 227 228 228 228 228 228 228 228 229 229 229 229 229 229 229 230 230 230 230 230 230 230 231 231 231 231 231 231 231 232 232 232 232 232 232 232 233 233 233 233 233 233 233 234 234 234 234 234 234 234 235 235 235 235 235 235 235 235 236 236 236 236 236 236 236 237 237 237 237 237 237 237 237 205 205 206 206 207 208 208 208 208 208 208 208 208 208 209 209 209 209 209 209 209 209 209 210 210 210 210 210 210 210 210 210 211 211 211 211 211 211 211 211 211 212 212 212 212 212 212 212 212 213 213 213 213 213 213 213 213 213 214 214 214 214 214 214 214 214 215 215 215 215 215 215 215 215 215 215 215 216 216 216 216 216 216 216 216 216 217 217 217 217 217 217 217 217 217 218 218 218 218 218 218 218 218 218 218 219 219 219 219 219 219 220 220 220 220 220 220 220 220 221 221 221 221 221 221 221 222 222 222 222 222 222 222 222 223 223 223 223 223 223 223 224 224 224 224 224 224 224 225 225 225 225 225 225 225 225 226 226 226 226 226 226 226 227 227 227 227 227 227 227 228 228 228 228 228 228 228 229 229 229 229 229 229 229 230 230 230 230 230 230 230 231 231 231 231 231 231 231 232 232 232 232 232 232 232 233 233 233 233 233 233 233 234 234 234 234 234 234 234 235 235 235 235 235 235 235 235 236 236 236 236 236 236 236 237 237 237 237 237 237 237 237 238 204 204 204 205 206 206 206 206 208 208 208 208 208 208 208 208 209 209 209 209 209 209 209 209 210 210 210 210 210 210 210 210 211 211 211 211 211 211 211 211 211 211 211 211 212 212 212 212 212 212 212 213 213 213 213 213 213 213 213 213 213 214 214 214 214 214 214 214 214 215 215 215 215 215 215 215 215 215 215 216 216 216 216 216 216 216 216 216 217 217 217 217 217 217 217 217 217 217 218 218 218 218 218 218 218 218 219 219 219 219 219 219 219 219 220 220 220 220 220 220 220 221 221 221 221 221 221 221 222 222 222 222 222 222 222 222 222 223 223 223 223 223 223 224 224 224 224 224 224 224 224 225 225 225 225 225 225 225 226 226 226 226 226 226 226 227 227 227 227 227 227 227 227 228 228 228 228 228 228 228 229 229 229 229 229 229 230 230 230 230 230 230 230 231 231 231 231 231 231 231 232 232 232 232 232 232 232 233 233 233 233 233 233 233 234 234 234 234 234 234 234 235 235 235 235 235 235 235 235 235 236 236 236 236 236 236 237 237 237 237 237 237 237 237 238 238 238 238 238 238 204 205 205 205 205 206 206 206 206 206 206 207 208 208 208 208 208 208 208 208 209 209 209 209 209 209 209 209 209 209 210 210 210 210 210 211 210 211 211 211 211 211 211 211 211 211 211 211 212 212 212 212 212 212 213 212 212 213 213 213 213 213 213 213 213 213 214 214 214 214 214 214 214 215 214 214 215 215 215 215 215 215 215 215 215 216 216 216 216 216 216 216 216 217 217 217 217 217 217 217 217 217 217 217 218 218 218 218 218 218 218 219 219 219 219 219 219 219 219 220 220 220 220 220 220 220 220 221 221 221 221 221 221 222 222 222 222 222 222 222 222 222 223 223 223 223 223 223 223 224 224 224 224 224 224 224 225 225 225 225 225 225 225 226 226 226 226 226 226 226 227 227 227 227 227 227 227 227 228 228 228 228 228 228 228 229 229 229 229 229 229 230 230 230 230 230 230 230 231 231 231 231 231 231 231 232 232 232 232 232 232 232 233 233 233 233 233 233 233 234 234 234 234 234 234 234 235 235 235 235 235 235 235 235 235 236 236 236 236 236 236 236 237 237 237 237 237 237 237 238 238 238 238 238 238 239 239 239 205 205 205 205 205 205 206 206 206 206 207 207 208 208 208 208 208 208 209 209 209 209 209 209 209 209 209 209 210 209 210 210 210 210 210 211 211 211 211 211 212 211 211 212 212 212 211 212 212 212 212 212 212 213 213 213 212 213 213 213 213 213 213 214 214 213 214 214 214 214 214 214 214 215 215 215 215 215 215 215 215 215 215 215 215 216 216 216 216 216 216 216 216 216 217 217 217 217 217 217 217 217 217 217 217 218 218 218 218 218 219 219 219 219 219 219 219 219 220 220 220 220 220 220 220 220 221 221 221 221 221 221 221 222 222 222 222 222 222 222 222 223 223 223 223 223 223 223 224 224 224 224 224 224 224 224 225 225 225 225 225 225 225 226 226 226 226 226 226 227 227 227 227 227 227 227 227 228 228 228 228 228 228 228 228 229 229 229 229 229 229 230 230 230 230 230 230 231 231 231 231 231 231 231 232 232 232 232 232 232 232 233 233 233 233 233 233 233 234 234 234 234 234 234 234 235 235 235 235 235 235 235 235 236 236 236 236 236 236 236 237 237 237 237 237 237 237 237 238 238 238 238 238 238 238 239 239 239 239 205 205 205 205 205 205 205 206 206 206 206 206 206 206 206 207 207 207 207 207 207 207 208 208 208 208 208 208 209 209 209 209 209 209 209 209 209 210 209 210 210 210 210 211 211 210 211 211 211 211 211 211 211 211 212 212 212 212 212 212 212 212 213 213 213 213 213 213 213 213 213 213 213 213 214 214 214 214 214 214 214 214 214 215 215 215 215 215 215 215 215 215 215 215 215 215 215 215 216 216 216 216 216 216 216 216 216 217 217 217 217 217 217 217 217 217 217 218 218 218 218 219 219 219 219 219 219 219 220 220 220 220 220 220 220 220 220 221 221 221 221 221 221 221 222 222 222 222 222 222 222 223 223 223 223 223 223 223 224 224 224 224 224 224 224 224 225 225 225 225 225 225 225 226 226 226 226 226 226 227 227 227 227 227 227 227 228 228 228 228 228 228 228 228 228 229 229 229 229 229 229 230 230 230 230 230 230 230 231 231 231 231 231 231 232 232 232 232 232 232 232 233 233 233 233 233 233 233 234 234 234 234 234 234 234 235 235 235 235 235 235 235 235 236 236 236 236 236 236 236 236 237 237 237 237 237 237 237 237 238 238 238 238 238 238 239 239 239 239 239 239 239 240 205 205 205 205 205 205 205 206 206 206 206 206 206 206 206 206 206 207 207 207 207 207 207 207 207 208 208 208 208 208 208 208 208 208 208 209 209 209 209 209 209 209 209 210 210 210 210 210 210 210 211 210 211 211 211 211 211 211 211 211 212 212 212 212 212 212 213 213 213 213 213 213 213 213 213 213 214 214 214 214 214 214 214 215 214 214 215 214 215 215 215 215 215 215 215 216 216 216 215 215 215 216 216 216 216 216 216 216 216 216 216 217 217 217 217 217 217 217 218 218 218 218 218 218 218 218 218 218 218 219 219 219 219 219 220 220 220 220 220 220 220 220 221 221 221 221 221 221 221 221 222 222 222 222 222 222 222 223 223 223 223 223 223 223 223 224 224 224 224 224 224 224 225 225 225 225 225 225 225 226 226 226 226 226 226 227 227 227 227 227 227 227 228 228 228 228 228 228 228 228 229 229 229 229 229 229 229 230 230 230 230 230 230 230 231 231 231 231 231 231 231 232 232 232 232 232 232 233 233 233 233 233 233 233 234 234 234 234 234 234 234 235 235 235 235 235 235 235 235 236 236 236 236 236 236 236 236 237 237 237 237 237 237 237 237 237 238 238 238 238 238 238 238 239 239 239 239 240 240 240 240 205 205 205 205 205 205 205 206 206 206 206 206 206 206 206 206 206 207 207 207 207 207 207 207 208 208 208 208 208 208 208 208 208 208 208 209 209 209 209 209 209 210 209 210 210 210 210 210 210 210 210 211 211 211 211 211 211 211 211 212 212 212 212 213 213 213 213 213 213 213 213 213 213 213 213 214 214 214 214 214 214 214 215 215 215 215 215 215 215 215 215 215 215 216 216 216 216 216 216 215 215 216 216 216 216 216 216 216 216 217 217 217 217 217 217 217 217 217 217 217 218 218 218 218 218 218 218 218 218 218 219 219 219 219 219 220 220 220 220 220 220 220 220 221 221 221 221 221 221 221 222 222 222 222 222 222 222 222 223 223 223 223 223 223 223 224 224 224 224 224 224 224 224 225 225 225 225 225 225 226 226 226 226 226 226 227 227 227 227 227 227 227 228 228 228 228 228 228 228 228 229 229 229 229 229 229 229 229 230 230 230 230 230 230 231 231 231 231 231 231 231 232 232 232 232 232 232 232 233 233 233 233 233 233 233 234 234 234 234 234 234 235 235 235 235 235 235 235 235 236 236 236 236 236 236 236 236 237 237 237 237 236 236 237 237 237 237 237 238 238 238 238 238 239 239 239 239 239 240 240 240 240 205 205 205 205 205 205 205 205 206 206 206 206 206 206 206 206 206 207 207 207 207 207 207 207 208 208 208 208 208 208 208 208 208 208 208 208 209 209 209 209 209 209 210 210 210 210 210 210 210 211 211 211 211 211 211 211 211 211 212 212 212 212 212 212 212 213 213 213 213 213 213 213 213 213 213 213 213 213 214 214 214 214 214 214 214 214 215 215 215 215 215 215 215 215 216 216 216 216 216 216 216 216 216 216 216 216 216 216 216 216 216 217 217 217 217 217 217 217 217 217 217 218 218 218 218 218 218 218 219 219 219 219 219 219 219 219 220 220 220 220 220 220 220 220 221 221 221 221 221 221 221 222 222 222 222 222 222 222 222 223 223 223 223 223 223 223 224 224 224 224 224 224 224 224 225 225 225 225 225 225 225 226 226 226 226 226 226 227 227 227 227 227 227 227 228 228 228 228 228 228 228 229 229 229 229 229 229 229 229 229 230 230 230 230 230 231 231 231 231 231 231 231 232 232 232 232 232 232 232 233 233 233 233 233 233 233 234 234 234 234 234 234 234 235 235 235 235 235 235 235 236 236 236 236 236 236 236 236 237 237 237 236 236 237 237 238 238 237 237 238 238 238 238 238 238 239 239 239 239 239 239 240 240 240 204 204 204 204 205 205 205 205 205 205 205 206 206 206 206 206 206 206 206 206 207 207 207 207 207 207 207 207 207 208 208 208 208 208 208 208 208 208 208 208 209 209 209 209 209 209 209 210 210 210 210 210 210 210 210 210 211 211 211 211 212 212 212 212 212 212 212 212 212 213 213 212 213 213 213 213 213 213 213 213 213 213 213 213 214 214 214 214 214 214 214 214 214 215 215 215 215 215 215 216 216 216 216 216 216 216 216 216 216 216 216 216 216 216 216 217 217 217 217 217 217 217 217 218 218 218 218 218 218 218 218 218 218 219 219 219 219 219 219 219 219 220 220 220 220 220 220 220 221 221 221 221 221 221 221 221 222 222 222 222 222 222 222 223 223 223 223 223 223 223 224 224 224 224 224 224 224 224 225 225 225 225 225 225 225 226 226 226 226 226 226 226 227 227 227 227 227 227 228 228 228 228 228 228 228 229 229 229 229 229 229 229 229 229 230 230 230 230 230 230 231 231 231 231 231 231 232 232 232 232 232 232 232 233 233 233 233 233 233 233 234 234 234 234 234 234 234 235 235 235 235 235 235 235 236 236 236 236 236 236 236 236 237 237 236 236 236 237 237 238 238 238 238 238 238 239 239 239 238 238 239 239 239 239 239 240 240 240 240 204 204 204 204 205 205 205 205 205 205 205 205 205 206 206 206 206 206 206 206 206 206 206 207 207 207 207 207 207 207 207 207 208 208 208 208 208 208 208 208 208 208 209 209 209 209 209 209 209 209 210 210 210 210 210 210 210 210 210 210 211 211 211 211 211 211 212 212 212 212 212 212 212 212 212 212 213 213 213 213 213 213 213 213 213 213 214 214 214 214 214 214 214 214 214 215 215 215 215 215 215 215 215 216 216 216 216 216 216 216 216 216 216 216 216 216 216 217 217 217 217 217 217 217 217 218 218 218 218 218 218 218 218 218 218 219 219 219 219 219 219 219 219 219 219 220 220 220 220 220 220 221 221 221 221 221 221 221 221 222 222 222 222 222 222 222 223 223 223 223 223 223 223 223 224 224 224 224 224 224 224 225 225 225 225 225 225 225 226 226 226 226 226 226 226 227 227 227 227 227 227 227 228 228 228 228 228 228 229 229 229 229 229 229 229 229 230 230 230 230 230 230 230 231 231 231 231 231 231 232 232 232 232 232 232 232 233 233 233 233 233 233 233 234 234 234 234 234 234 234 235 235 235 235 235 235 235 236 236 236 236 236 236 236 237 237 237 236 236 237 237 238 238 237 238 238 238 238 238 239 239 239 239 239 239 239 239 240 240 240 204 204 204 205 205 205 205 205 205 205 205 205 205 206 206 206 206 206 206 206 206 206 206 206 207 207 207 207 207 207 207 207 207 208 208 208 208 208 208 208 208 208 209 209 209 209 209 209 209 209 209 209 210 210 210 210 210 210 210 210 211 211 211 211 211 211 211 211 211 212 212 212 212 212 212 212 212 212 213 213 213 213 213 213 213 213 213 214 214 214 214 214 214 214 214 215 215 215 215 215 215 215 216 216 216 216 216 216 216 216 216 216 216 216 216 216 216 217 217 217 217 217 217 217 217 218 218 218 218 218 218 218 218 218 219 219 219 219 219 219 219 219 219 219 219 219 220 220 220 220 220 221 221 221 221 221 221 221 221 221 222 222 222 222 222 222 222 223 223 223 223 223 223 223 224 224 224 224 224 224 224 225 225 225 225 225 225 225 225 226 226 226 226 226 226 227 227 227 227 227 227 227 228 228 228 228 228 228 229 229 229 229 229 229 229 229 230 230 230 230 230 230 230 230 231 231 231 231 231 232 232 232 232 232 232 232 233 233 233 233 233 233 233 234 234 234 234 234 234 234 235 235 235 235 235 235 235 236 236 236 236 236 236 236 237 237 237 237 237 237 237 237 238 238 238 238 238 238 238 238 239 239 239 239 239 240 240 240 204 205 205 205 205 205 205 205 205 205 206 206 206 206 206 206 206 206 206 206 206 207 207 207 207 207 207 207 207 207 208 208 208 208 208 208 208 208 208 209 209 209 209 209 209 209 209 209 209 210 210 210 210 210 210 210 210 211 211 211 211 211 211 211 211 211 211 212 212 212 212 212 212 212 212 212 213 213 213 213 213 213 213 214 214 214 214 214 214 214 214 215 215 215 215 215 215 215 215 215 216 216 216 216 216 216 216 216 217 217 216 216 216 216 217 217 217 217 217 217 217 217 217 218 218 218 218 218 218 218 218 218 218 219 219 219 219 219 219 219 219 219 220 220 220 220 220 220 220 220 221 221 221 221 221 221 221 221 222 222 222 222 222 222 222 223 223 223 223 223 223 223 224 224 224 224 224 224 224 224 225 225 225 225 225 225 225 226 226 226 226 226 226 226 227 227 227 227 227 227 228 228 228 228 228 228 229 229 229 229 229 229 229 230 230 230 230 230 230 230 230 230 231 231 231 231 231 231 232 232 232 232 232 232 233 233 233 233 233 233 233 234 234 234 234 234 234 234 235 235 235 235 235 235 235 236 236 236 236 236 236 236 237 237 237 237 237 237 237 237 237 237 238 238 238 238 239 238 239 239 239 239 239 240 240 240 240 205 205 205 205 205 205 205 206 206 206 206 206 206 206 206 206 206 207 207 207 207 207 207 207 207 207 207 207 208 208 208 208 208 208 208 208 209 209 209 209 209 209 209 209 209 210 210 210 210 210 210 210 210 210 210 211 211 211 211 211 211 211 211 212 212 212 212 212 212 212 212 212 213 213 213 213 213 213 213 213 213 214 214 214 214 214 214 214 214 214 215 215 215 215 215 215 215 215 216 216 216 216 216 216 216 216 216 217 217 216 216 216 217 217 217 217 217 217 217 217 217 218 218 218 218 218 218 218 218 218 218 219 219 219 219 219 219 219 219 219 220 220 220 220 220 220 220 220 221 221 221 221 221 221 221 221 222 222 222 222 222 222 222 223 223 223 223 223 223 223 224 224 224 224 224 224 224 224 225 225 225 225 225 225 225 226 226 226 226 226 226 226 227 227 227 227 227 227 227 228 228 228 228 228 228 229 229 229 229 229 229 229 230 230 230 230 230 230 230 230 230 231 231 231 231 231 232 232 232 232 232 232 232 233 233 233 233 233 233 234 234 234 234 234 234 234 235 235 235 235 235 235 235 236 236 236 236 236 236 236 237 237 237 237 237 237 237 237 237 238 238 238 238 238 238 239 239 239 239 239 239 240 240 240 240 240 205 205 205 205 205 205 206 206 206 206 206 206 206 206 206 207 207 207 207 207 207 207 207 207 207 207 208 208 208 208 208 208 208 208 209 209 209 209 209 209 209 209 209 210 210 210 210 210 210 210 210 210 210 211 211 211 211 211 211 211 211 212 212 212 212 212 212 212 212 212 213 213 213 213 213 213 213 213 213 213 213 214 214 214 214 214 214 214 215 215 215 215 215 215 215 215 216 216 216 216 216 216 216 216 216 217 217 217 217 216 216 217 217 217 217 217 217 217 217 218 218 218 218 218 218 218 218 218 218 218 219 219 219 219 219 219 219 219 219 220 220 220 220 220 220 220 220 220 221 221 221 221 221 221 221 221 222 222 222 222 222 222 223 223 223 223 223 223 223 223 224 224 224 224 224 224 224 225 225 225 225 225 225 225 225 226 226 226 226 226 226 226 227 227 227 227 227 227 228 228 228 228 228 228 229 229 229 229 229 229 229 230 230 230 230 230 230 230 230 230 231 231 231 231 231 231 232 232 232 232 232 232 233 233 233 233 233 233 233 234 234 234 234 234 234 235 235 235 235 235 235 235 236 236 236 236 236 236 236 237 237 237 237 237 237 237 237 238 238 238 238 238 238 238 239 239 239 239 239 239 239 240 240 240 240 240 240 205 205 205 205 206 206 206 206 206 206 206 206 206 207 207 207 207 207 207 207 207 207 207 208 208 208 208 208 208 208 208 208 209 209 209 209 209 209 209 209 209 210 210 210 210 210 210 210 210 210 210 211 211 211 211 211 211 211 212 212 212 212 212 212 212 212 212 212 213 213 213 213 213 213 213 213 213 214 214 214 214 214 214 214 214 215 215 215 215 215 215 215 215 215 216 216 216 216 216 216 216 216 216 217 217 217 217 217 216 217 217 217 217 217 217 217 217 217 218 218 218 218 218 218 218 218 218 218 219 219 219 219 219 219 219 219 219 220 220 220 220 220 220 220 220 220 220 221 221 221 221 221 221 221 222 222 222 222 222 222 223 223 223 223 223 223 223 223 223 224 224 224 224 224 224 225 225 225 225 225 225 225 225 226 226 226 226 226 226 226 227 227 227 227 227 227 227 228 228 228 228 228 228 229 229 229 229 229 229 230 230 230 230 230 230 230 230 231 231 231 231 231 231 231 231 232 232 232 232 232 233 233 233 233 233 233 233 234 234 234 234 234 234 234 235 235 235 235 235 235 236 236 236 236 236 236 236 237 237 237 237 237 237 237 238 238 238 238 238 238 238 239 239 239 239 239 239 239 240 240 240 240 240 240 240 205 206 206 206 206 206 206 206 206 206 207 207 207 207 207 207 207 207 207 208 208 208 208 208 208 208 208 208 208 209 209 209 209 209 209 209 209 209 210 210 210 210 210 210 210 210 210 210 211 211 211 211 211 211 211 211 211 212 212 212 212 212 212 212 212 213 213 213 213 213 213 213 213 213 213 214 214 214 214 214 214 214 214 215 215 215 215 215 215 215 215 215 216 216 216 216 216 216 216 216 216 217 217 217 217 217 217 217 217 217 217 217 217 217 217 217 218 218 218 218 218 218 218 218 218 219 219 219 219 219 219 219 219 219 219 220 220 220 220 220 220 220 220 221 221 221 221 221 221 221 221 221 222 222 222 222 222 222 222 223 223 223 223 223 223 223 224 224 224 224 224 224 224 224 225 225 225 225 225 225 225 226 226 226 226 226 226 226 226 227 227 227 227 227 227 228 228 228 228 228 228 229 229 229 229 229 229 230 230 230 230 230 230 230 230 231 231 231 231 231 231 231 231 231 232 232 232 232 233 233 233 233 233 233 233 234 234 234 234 234 234 234 235 235 235 235 235 235 236 236 236 236 236 236 236 237 237 237 237 237 237 237 238 238 238 238 238 238 238 239 239 239 239 239 239 239 240 240 240 240 240 240 240 206 206 206 206 206 206 206 206 206 207 207 207 207 207 207 207 207 207 207 208 208 208 208 208 208 208 208 208 208 209 209 209 209 209 209 209 209 209 210 210 210 210 210 210 210 210 210 210 211 211 211 211 211 211 211 211 211 211 212 212 212 212 212 212 212 213 213 213 213 213 213 213 213 213 214 214 214 214 214 214 214 214 214 215 215 215 215 215 215 215 215 215 216 216 216 216 216 216 216 216 216 217 217 217 217 217 217 217 217 217 217 217 217 217 217 217 218 218 218 218 218 218 218 218 218 219 219 219 219 219 219 219 219 219 219 220 220 220 220 220 220 220 220 221 221 221 221 221 221 221 221 221 222 222 222 222 222 222 222 223 223 223 223 223 223 223 223 224 224 224 224 224 224 224 225 225 225 225 225 225 225 226 226 226 226 226 226 226 227 227 227 227 227 227 227 227 228 228 228 228 228 229 229 229 229 229 229 229 230 230 230 230 230 230 231 231 231 231 231 231 231 231 231 232 232 232 232 232 232 232 233 233 233 233 233 233 234 234 234 234 234 234 235 235 235 235 235 235 236 236 236 236 236 236 236 237 237 237 237 237 237 237 238 238 238 238 238 238 238 239 239 239 239 239 239 239 240 240 240 240 240 240 240 206 206 206 206 206 206 206 206 207 207 207 207 207 207 207 207 207 208 208 208 208 208 208 208 208 208 208 209 209 209 209 209 209 209 209 209 210 210 210 210 210 210 210 210 210 210 211 211 211 211 211 211 211 211 211 211 212 212 212 212 212 212 212 213 213 213 213 213 213 213 213 213 213 214 214 214 214 214 214 214 214 214 215 215 215 215 215 215 215 215 216 216 216 216 216 216 216 216 216 216 217 217 217 217 217 217 217 217 217 217 217 217 217 217 218 218 218 218 218 218 218 218 218 218 219 219 219 219 219 219 219 219 219 220 220 220 220 220 220 220 220 220 220 221 221 221 221 221 221 221 221 221 222 222 222 222 222 222 223 223 223 223 223 223 223 223 224 224 224 224 224 224 224 225 225 225 225 225 225 225 226 226 226 226 226 226 226 226 227 227 227 227 227 227 227 228 228 228 228 228 228 229 229 229 229 229 229 230 230 230 230 230 230 231 231 231 231 231 231 231 231 232 232 232 232 232 232 232 232 233 233 233 233 233 233 234 234 234 234 234 234 235 235 235 235 235 235 235 236 236 236 236 236 236 237 237 237 237 237 237 237 238 238 238 238 238 238 238 239 239 239 239 239 239 239 240 240 240 240 240 240 240 240 206 206 206 206 206 206 206 207 207 207 207 207 207 207 207 207 208 208 208 208 208 208 208 208 208 209 209 209 209 209 209 209 209 209 209 210 210 210 210 210 210 210 210 210 211 211 211 211 211 211 211 211 211 211 211 212 212 212 212 212 212 213 213 213 213 213 213 213 213 213 213 214 214 214 214 214 214 214 214 214 215 215 215 215 215 215 215 215 215 216 216 216 216 216 216 216 216 216 216 217 217 217 217 217 217 217 217 217 217 217 217 217 217 218 218 218 218 218 218 218 218 218 218 219 219 219 219 219 219 219 219 219 220 220 220 220 220 220 220 220 220 220 221 221 221 221 221 221 221 221 221 221 222 222 222 222 222 222 223 223 223 223 223 223 223 224 224 224 224 224 224 224 224 225 225 225 225 225 225 225 226 226 226 226 226 226 226 227 227 227 227 227 227 227 228 228 228 228 228 228 229 229 229 229 229 229 230 230 230 230 230 230 230 231 231 231 231 231 231 231 232 232 232 232 232 232 232 232 232 233 233 233 233 233 233 234 234 234 234 234 235 235 235 235 235 235 235 236 236 236 236 236 236 237 237 237 237 237 237 237 238 238 238 238 238 238 238 239 239 239 239 239 239 240 240 240 240 240 240 240 240 240 206 206 206 206 206 206 207 207 207 207 207 207 207 207 208 208 208 208 208 208 208 208 208 209 209 209 209 209 209 209 209 209 209 210 210 210 210 210 210 210 210 210 210 211 211 211 211 211 211 211 211 211 211 211 212 212 212 212 212 212 213 213 213 213 213 213 213 213 213 214 214 214 214 214 214 214 214 214 214 215 215 215 215 215 215 215 215 216 216 216 216 216 216 216 216 216 216 217 217 217 217 217 217 217 217 217 217 218 217 217 217 217 218 218 218 218 218 218 218 218 218 218 219 219 219 219 219 219 219 219 219 220 220 220 220 220 220 220 220 220 220 221 221 221 221 221 221 221 221 221 221 221 222 222 222 222 222 222 223 223 223 223 223 223 223 224 224 224 224 224 224 224 225 225 225 225 225 225 225 226 226 226 226 226 226 226 227 227 227 227 227 227 227 227 228 228 228 228 228 228 229 229 229 229 229 229 230 230 230 230 230 230 231 231 231 231 231 231 232 232 232 232 232 232 232 232 233 233 233 233 233 233 233 233 234 234 234 234 234 234 235 235 235 235 235 235 236 236 236 236 236 236 237 237 237 237 237 237 237 238 238 238 238 238 238 238 239 239 239 239 239 239 239 240 240 240 240 240 240 240 240 241 206 206 206 206 207 207 207 207 207 207 207 207 207 207 208 208 208 208 208 208 208 208 208 209 209 209 209 209 209 209 209 209 210 210 210 210 210 210 210 210 210 210 211 211 211 211 211 211 211 211 211 211 211 212 212 212 212 212 212 212 213 213 213 213 213 213 213 213 213 214 214 214 214 214 214 214 214 214 215 215 215 215 215 215 215 215 215 216 216 216 216 216 216 216 216 216 216 217 217 217 217 217 217 217 217 217 217 218 218 217 217 217 218 218 218 218 218 218 218 218 218 218 219 219 219 219 219 219 219 219 219 220 220 220 220 220 220 220 220 220 220 221 221 221 221 221 221 221 221 221 222 222 222 222 222 222 222 222 223 223 223 223 223 223 223 224 224 224 224 224 224 224 225 225 225 225 225 225 225 226 226 226 226 226 226 226 227 227 227 227 227 227 227 227 228 228 228 228 228 228 229 229 229 229 229 229 230 230 230 230 230 230 231 231 231 231 231 231 231 232 232 232 232 232 232 232 233 233 233 233 233 233 233 233 234 234 234 234 234 234 235 235 235 235 235 235 236 236 236 236 236 236 237 237 237 237 237 237 237 238 238 238 238 238 238 238 239 239 239 239 239 239 239 240 240 240 240 240 240 240 241 241 206 206 207 207 207 207 207 207 207 207 207 208 208 208 208 208 208 208 208 208 209 209 209 209 209 209 209 209 209 209 210 210 210 210 210 210 210 210 210 210 211 211 211 211 211 211 211 211 211 212 212 212 212 212 212 212 212 212 213 213 213 213 213 213 213 213 214 214 214 214 214 214 214 214 214 214 215 215 215 215 215 215 215 215 215 216 216 216 216 216 216 216 216 216 217 217 217 217 217 217 217 217 217 217 217 218 218 218 217 217 218 218 218 218 218 218 218 218 218 218 219 219 219 219 219 219 219 219 219 220 220 220 220 220 220 220 220 220 221 221 221 221 221 221 221 221 221 221 222 222 222 222 222 222 222 222 223 223 223 223 223 223 223 224 224 224 224 224 224 224 224 225 225 225 225 225 225 225 226 226 226 226 226 226 226 227 227 227 227 227 227 227 228 228 228 228 228 228 228 229 229 229 229 229 230 230 230 230 230 230 231 231 231 231 231 231 231 232 232 232 232 232 232 232 233 233 233 233 233 233 233 233 234 234 234 234 234 234 235 235 235 235 235 235 236 236 236 236 236 236 236 237 237 237 237 237 237 238 238 238 238 238 238 238 239 239 239 239 239 239 239 240 240 240 240 240 206 207 207 207 207 207 207 207 207 207 208 208 208 208 208 208 208 208 208 209 209 209 209 209 209 209 209 209 210 210 210 210 210 210 210 210 210 210 211 211 211 211 211 211 211 211 211 211 212 212 212 212 212 212 212 212 212 213 213 213 213 213 213 213 214 214 214 214 214 214 214 214 214 214 215 215 215 215 215 215 215 215 215 215 216 216 216 216 216 216 216 216 216 217 217 217 217 217 217 217 217 217 217 218 218 218 218 218 217 218 218 218 218 218 218 218 218 218 218 219 219 219 219 219 219 219 219 219 220 220 220 220 220 220 220 220 220 220 221 221 221 221 221 221 221 221 221 222 222 222 222 222 222 222 222 223 223 223 223 223 223 223 224 224 224 224 224 224 224 224 225 225 225 225 225 225 225 226 226 226 226 226 226 226 227 227 227 227 227 227 227 228 228 228 228 228 228 228 229 229 229 229 229 229 230 230 230 230 230 230 231 231 231 231 231 231 232 232 232 232 232 232 232 233 233 233 233 233 233 233 234 234 234 234 234 234 234 235 235 235 235 235 235 236 236 236 236 236 236 236 237 237 237 237 237 237 238 238 238 238 238 238 238 239 239 239 239 239 239 239 239 207 207 207 207 207 207 207 207 208 208 208 208 208 208 208 208 208 208 209 209 209 209 209 209 209 209 209 210 210 210 210 210 210 210 210 210 211 211 211 211 211 211 211 211 211 211 212 212 212 212 212 212 212 212 212 212 213 213 213 213 213 213 213 214 214 214 214 214 214 214 214 214 214 215 215 215 215 215 215 215 215 215 215 216 216 216 216 216 216 216 216 216 217 217 217 217 217 217 217 217 217 217 218 218 218 218 218 218 218 218 218 218 218 218 218 218 218 218 219 219 219 219 219 219 219 219 219 220 220 220 220 220 220 220 220 220 221 221 221 221 221 221 221 221 221 221 221 222 222 222 222 222 222 222 223 223 223 223 223 223 223 223 224 224 224 224 224 224 224 225 225 225 225 225 225 225 226 226 226 226 226 226 226 227 227 227 227 227 227 227 228 228 228 228 228 228 228 229 229 229 229 229 229 230 230 230 230 230 230 231 231 231 231 231 231 232 232 232 232 232 232 232 233 233 233 233 233 233 233 234 234 234 234 234 234 234 235 235 235 235 235 235 235 236 236 236 236 236 236 237 237 237 237 237 237 238 238 238 238 238 238 238 239 239 239 239 239 239 239 240 240 240 207 207 207 207 207 207 207 208 208 208 208 208 208 208 208 208 209 209 209 209 209 209 209 209 209 210 210 210 210 210 210 210 210 210 210 211 211 211 211 211 211 211 211 211 212 212 212 212 212 212 212 212 212 212 213 213 213 213 213 213 213 213 214 214 214 214 214 214 214 214 214 215 215 215 215 215 215 215 215 215 215 216 216 216 216 216 216 216 216 216 216 216 217 217 217 217 217 217 217 217 217 218 218 218 218 218 218 218 218 218 218 218 218 218 218 218 219 219 219 219 219 219 219 219 219 219 220 220 220 220 220 220 220 220 220 221 221 221 221 221 221 221 221 221 221 221 222 222 222 222 222 222 222 222 223 223 223 223 223 223 223 224 224 224 224 224 224 224 224 225 225 225 225 225 225 225 226 226 226 226 226 226 226 227 227 227 227 227 227 228 228 228 228 228 228 228 229 229 229 229 229 229 229 230 230 230 230 230 231 231 231 231 231 231 232 232 232 232 232 232 232 232 233 233 233 233 233 233 234 234 234 234 234 234 234 235 235 235 235 235 235 235 236 236 236 236 236 236 237 237 237 237 237 237 237 238 238 238 238 238 238 239 239 239 239 239 239 239 239 240 240 240 240 240 207 207 207 207 207 207 207 208 208 208 208 208 208 208 208 209 209 209 209 209 209 209 209 209 210 210 210 210 210 210 210 210 210 210 211 211 211 211 211 211 211 211 211 211 212 212 212 212 212 212 212 212 212 212 213 213 213 213 213 213 213 213 213 214 214 214 214 214 214 214 214 214 214 215 215 215 215 215 215 215 215 215 215 216 216 216 216 216 216 216 216 216 216 216 217 217 217 217 217 217 217 217 217 218 218 218 218 218 218 218 218 218 218 219 219 219 219 219 219 219 219 219 219 220 220 220 220 220 220 220 220 220 221 221 221 221 221 221 221 221 221 221 222 222 222 222 222 222 222 222 222 223 223 223 223 223 223 223 223 223 223 223 224 224 224 224 224 224 224 224 225 225 225 225 225 225 225 226 226 226 226 226 226 226 227 227 227 227 227 227 228 228 228 228 228 228 228 229 229 229 229 229 229 229 230 230 230 230 230 231 231 231 231 231 231 232 232 232 232 232 232 232 233 233 233 233 233 233 234 234 234 234 234 234 234 235 235 235 235 235 235 235 235 236 236 236 236 236 236 237 237 237 237 237 237 238 238 238 238 238 238 238 238 238 239 239 239 239 239 239 239 240 240 240 240 240 240 240 207 207 207 207 207 207 207 208 208 208 208 208 208 208 208 209 209 209 209 209 209 209 209 209 209 210 210 210 210 210 210 210 210 210 210 211 211 211 211 211 211 211 211 211 212 212 212 212 212 212 212 212 212 212 213 213 213 213 213 213 213 213 213 214 214 214 214 214 214 214 214 214 214 214 215 215 215 215 215 215 215 215 215 216 216 216 216 216 216 216 216 216 216 217 217 217 217 217 217 217 217 217 217 217 218 218 218 218 218 218 218 218 218 218 219 219 219 219 219 219 219 219 219 219 220 220 220 220 220 220 220 220 220 221 221 221 221 221 221 221 221 221 222 222 222 222 222 222 222 222 222 222 223 223 223 223 223 223 223 223 224 223 223 224 224 224 224 224 224 224 224 225 225 225 225 225 225 225 226 226 226 226 226 226 226 227 227 227 227 227 227 227 228 228 228 228 228 228 228 229 229 229 229 229 229 230 230 230 230 230 230 231 231 231 231 231 232 232 232 232 232 232 232 233 233 233 233 233 233 234 234 234 234 234 234 234 235 235 235 235 235 235 235 235 236 236 236 236 236 236 237 237 237 237 237 237 237 238 238 238 238 238 238 238 238 239 239 239 239 239 239 239 240 240 240 240 240 240 240 241 207 207 207 207 207 207 207 207 208 208 208 208 208 208 208 208 209 209 209 209 209 209 209 209 209 209 210 210 210 210 210 210 210 210 210 211 211 211 211 211 211 211 211 211 211 212 212 212 212 212 212 212 212 212 212 213 213 213 213 213 213 213 213 213 214 214 214 214 214 214 214 214 214 214 215 215 215 215 215 215 215 215 215 216 216 216 216 216 216 216 216 216 216 216 217 217 217 217 217 217 217 217 217 217 217 218 218 218 218 218 218 218 218 218 218 219 219 219 219 219 219 219 219 219 219 220 220 220 220 220 220 220 220 220 221 221 221 221 221 221 221 221 221 222 222 222 222 222 222 222 222 222 222 223 223 223 223 223 223 223 223 224 224 223 223 224 224 224 224 224 224 224 224 225 225 225 225 225 225 225 226 226 226 226 226 226 227 227 227 227 227 227 227 228 228 228 228 228 228 228 229 229 229 229 229 229 230 230 230 230 230 230 230 231 231 231 231 231 232 232 232 232 232 232 233 233 233 233 233 233 234 234 234 234 234 234 234 235 235 235 235 235 235 235 236 236 236 236 236 236 236 237 237 237 237 237 237 237 238 238 238 238 238 238 238 238 239 239 239 239 239 239 239 240 240 240 240 240 240 240 241 241 207 208 208 208 208 209 209 209 209 209 209 209 209 209 210 210 210 210 210 210 210 210 210 210 211 211 211 211 211 211 211 211 211 211 212 212 212 212 212 212 212 212 212 212 213 213 213 213 213 213 213 213 213 213 214 214 214 214 214 214 214 214 214 214 215 215 215 215 215 215 215 215 215 216 216 216 216 216 216 216 216 216 216 217 217 217 217 217 217 217 217 217 217 217 217 218 218 218 218 218 218 218 218 219 219 219 219 219 219 219 219 219 219 219 219 220 220 220 220 220 220 220 220 220 221 221 221 221 221 221 221 221 221 221 222 222 222 222 222 222 222 222 222 223 223 223 223 223 223 223 223 223 224 224 223 224 224 224 224 224 224 224 224 225 225 225 225 225 225 225 226 226 226 226 226 226 226 227 227 227 227 227 227 228 228 228 228 228 228 228 229 229 229 229 229 229 230 230 230 230 230 230 230 231 231 231 231 231 231 232 232 232 232 232 233 233 233 233 233 233 233 234 234 234 234 234 234 235 235 235 235 235 235 235 236 236 236 236 236 236 236 236 237 237 237 237 237 237 238 238 238 238 238 238 238 238 238 239 239 239 239 239 239 240 240 240 240 240 240 240 241 241 241 208 208 209 209 209 209 209 209 209 209 209 210 210 210 210 210 210 210 210 210 210 211 211 211 211 211 211 211 211 211 212 212 212 212 212 212 212 212 212 212 213 213 213 213 213 213 213 213 213 213 214 214 214 214 214 214 214 214 214 214 215 215 215 215 215 215 215 215 215 216 216 216 216 216 216 216 216 216 216 217 217 217 217 217 217 217 217 217 217 217 218 218 218 218 218 218 218 218 218 218 219 219 219 219 219 219 219 219 219 219 219 220 220 220 220 220 220 220 220 220 220 221 221 221 221 221 221 221 221 221 221 222 222 222 222 222 222 222 222 222 223 223 223 223 223 223 223 223 223 224 224 224 224 224 224 224 224 224 224 224 225 225 225 225 225 225 225 226 226 226 226 226 226 226 227 227 227 227 227 227 227 228 228 228 228 228 228 228 229 229 229 229 229 229 230 230 230 230 230 230 231 231 231 231 231 231 232 232 232 232 232 233 233 233 233 233 233 233 234 234 234 234 234 234 235 235 235 235 235 235 236 236 236 236 236 236 236 237 237 237 237 237 237 237 237 237 238 238 238 238 238 238 238 238 239 239 239 239 239 239 240 240 240 240 240 240 240 241 241 241 241 241 241 242 242 242 209 209 209 209 209 209 209 209 210 210 210 210 210 210 210 210 210 210 211 211 211 211 211 211 211 211 211 211 212 212 212 212 212 212 212 212 212 212 213 213 213 213 213 213 213 213 213 213 214 214 214 214 214 214 214 214 214 215 215 215 215 215 215 215 215 215 215 216 216 216 216 216 216 216 216 216 216 217 217 217 217 217 217 217 217 217 217 218 218 218 218 218 218 218 218 218 218 219 219 219 219 219 219 219 219 219 219 219 219 220 220 220 220 220 220 220 220 220 220 221 221 221 221 221 221 221 221 221 221 222 222 222 222 222 222 222 222 222 222 223 223 223 223 223 223 223 223 224 224 224 224 224 224 224 224 224 224 224 225 225 225 225 225 225 225 225 226 226 226 226 226 226 227 227 227 227 227 227 227 228 228 228 228 228 228 228 229 229 229 229 229 229 230 230 230 230 230 230 231 231 231 231 231 231 232 232 232 232 232 232 233 233 233 233 233 233 234 234 234 234 234 234 235 235 235 235 235 235 235 236 236 236 236 236 236 236 237 237 237 237 237 237 237 237 238 238 238 238 238 238 239 238 238 239 239 239 239 239 240 240 240 240 240 240 240 241 241 241 241 241 241 242 242 242 242 242 242 242 243 243 209 209 209 209 209 209 209 209 210 210 210 210 210 210 210 210 210 210 210 211 211 211 211 211 211 211 211 211 212 212 212 212 212 212 212 212 212 212 213 213 213 213 213 213 213 213 213 213 214 214 214 214 214 214 214 214 214 214 215 215 215 215 215 215 215 215 215 215 216 216 216 216 216 216 216 216 216 216 217 217 217 217 217 217 217 217 217 217 218 218 218 218 218 218 218 218 218 218 219 219 219 219 219 219 219 219 219 219 219 219 220 220 220 220 220 220 220 220 220 220 221 221 221 221 221 221 221 221 221 221 222 222 222 222 222 222 222 222 222 222 222 223 223 223 223 223 223 223 224 224 224 224 224 224 224 224 224 224 224 224 225 225 225 225 225 225 225 226 226 226 226 226 226 226 227 227 227 227 227 227 228 228 228 228 228 228 228 229 229 229 229 229 229 230 230 230 230 230 230 231 231 231 231 231 231 231 232 232 232 232 232 232 233 233 233 233 233 234 234 234 234 234 234 235 235 235 235 235 235 235 236 236 236 236 236 236 236 237 237 237 237 237 237 238 238 238 238 238 238 238 238 238 239 238 238 239 239 239 239 240 240 240 240 240 240 240 241 241 241 241 241 241 242 242 242 242 242 242 243 243 243 243 243 243 243 208 209 209 209 209 209 209 209 209 210 210 210 210 210 210 210 210 210 210 211 211 211 211 211 211 211 211 211 212 212 212 212 212 212 212 212 212 212 213 213 213 213 213 213 213 213 213 213 213 214 214 214 214 214 214 214 214 214 215 215 215 215 215 215 215 215 215 215 216 216 216 216 216 216 216 216 216 216 217 217 217 217 217 217 217 217 217 217 218 218 218 218 218 218 218 218 218 218 218 219 219 219 219 219 219 219 219 219 219 219 219 220 220 220 220 220 220 220 220 220 220 221 221 221 221 221 221 221 221 221 221 222 222 222 222 222 222 222 222 222 222 222 223 223 223 223 223 223 223 223 224 224 224 224 224 224 224 224 224 224 224 225 225 225 225 225 225 225 226 226 226 226 226 226 226 227 227 227 227 227 227 227 228 228 228 228 228 228 229 229 229 229 229 229 229 230 230 230 230 230 231 231 231 231 231 231 232 232 232 232 232 232 232 233 233 233 233 233 234 234 234 234 234 234 235 235 235 235 235 235 235 236 236 236 236 236 236 237 237 237 237 237 237 237 238 238 238 238 238 238 238 238 238 239 239 238 239 239 239 239 240 240 240 240 240 240 240 241 241 241 241 241 241 242 242 242 242 242 242 242 243 243 243 243 243 243 243 244 244 244 208 208 208 209 209 209 209 209 209 209 210 210 210 210 210 210 210 210 210 210 210 211 211 211 211 211 211 211 211 211 212 212 212 212 212 212 212 212 212 212 213 213 213 213 213 213 213 213 213 213 214 214 214 214 214 214 214 214 214 214 215 215 215 215 215 215 215 215 215 216 216 216 216 216 216 216 216 216 216 216 217 217 217 217 217 217 217 217 217 218 218 218 218 218 218 218 218 218 218 218 219 219 219 219 219 219 219 219 219 219 219 219 220 220 220 220 220 220 220 220 220 220 221 221 221 221 221 221 221 221 221 221 221 222 222 222 222 222 222 222 222 222 222 223 223 223 223 223 223 223 223 223 224 224 224 224 224 224 224 224 224 224 224 225 225 225 225 225 225 225 225 226 226 226 226 226 226 226 227 227 227 227 227 227 228 228 228 228 228 228 229 229 229 229 229 229 229 230 230 230 230 230 230 231 231 231 231 231 231 232 232 232 232 232 232 232 233 233 233 233 233 234 234 234 234 234 234 235 235 235 235 235 235 236 236 236 236 236 236 236 237 237 237 237 237 237 238 238 238 238 238 238 238 238 238 239 239 238 238 239 239 239 239 240 240 240 240 240 240 241 241 241 241 241 241 242 242 242 242 242 242 243 243 243 243 243 243 243 243 244 244 244 244 244 208 208 208 208 208 209 209 209 209 209 209 209 209 210 210 210 210 210 210 210 211 211 211 211 211 211 211 211 211 211 212 212 212 212 212 212 212 212 212 212 213 213 213 213 213 213 213 213 213 213 214 214 214 214 214 214 214 214 214 214 215 215 215 215 215 215 215 215 215 215 216 216 216 216 216 216 216 216 216 216 217 217 217 217 217 217 217 217 217 217 218 218 218 218 218 218 218 218 218 218 219 219 219 219 219 219 219 219 219 219 219 219 219 220 220 220 220 220 220 220 220 220 220 221 221 221 221 221 221 221 221 221 221 222 222 222 222 222 222 222 222 222 222 222 223 223 223 223 223 223 223 223 223 224 224 224 224 224 224 224 224 224 224 224 224 225 225 225 225 225 225 225 226 226 226 226 226 226 226 227 227 227 227 227 227 228 228 228 228 228 228 228 229 229 229 229 229 229 230 230 230 230 230 230 231 231 231 231 231 231 232 232 232 232 232 232 232 233 233 233 233 233 234 234 234 234 234 234 235 235 235 235 235 235 236 236 236 236 236 236 237 237 237 237 237 237 237 238 238 238 238 238 238 238 238 239 239 239 238 239 239 239 239 239 240 240 240 240 240 240 241 241 241 241 241 241 242 242 242 242 242 242 242 243 243 243 243 243 243 244 244 244 244 244 244 244 244 207 208 208 208 208 208 209 209 209 209 209 209 209 209 210 210 210 210 210 211 211 211 211 211 211 211 211 212 212 212 212 212 212 212 212 212 212 213 213 213 213 213 213 213 213 213 213 214 214 214 214 214 214 214 214 214 214 214 215 215 215 215 215 215 215 215 215 215 216 216 216 216 216 216 216 216 216 216 217 217 217 217 217 217 217 217 217 218 218 218 218 218 218 218 218 218 218 218 219 219 219 219 219 219 219 219 219 219 220 219 220 220 220 220 220 220 220 220 220 220 221 221 221 221 221 221 221 221 221 221 221 222 222 222 222 222 222 222 222 222 222 222 223 223 223 223 223 223 223 223 223 224 224 224 224 224 224 224 224 224 224 224 225 225 225 225 225 225 225 225 226 226 226 226 226 226 226 227 227 227 227 227 227 227 228 228 228 228 228 228 229 229 229 229 229 229 230 230 230 230 230 230 230 231 231 231 231 231 232 232 232 232 232 232 233 233 233 233 233 233 233 234 234 234 234 234 234 235 235 235 235 235 236 236 236 236 236 236 236 237 237 237 237 237 237 238 238 238 238 238 238 238 238 239 239 239 239 239 239 239 239 239 240 240 240 240 240 240 240 241 241 241 241 241 241 242 242 242 242 242 242 242 243 243 243 243 243 243 244 244 244 244 244 244 244 244 207 208 208 208 208 208 208 208 209 209 209 209 209 209 209 209 209 210 210 211 212 212 212 212 212 212 212 212 212 213 213 213 213 213 213 213 213 213 213 214 214 214 214 214 214 214 214 214 214 215 215 215 215 215 215 215 215 215 215 216 216 216 216 216 216 216 216 216 216 217 217 217 217 217 217 217 217 217 217 218 218 218 218 218 218 218 218 218 218 219 219 219 219 219 219 219 219 219 219 219 220 220 220 220 220 220 220 220 220 220 220 220 221 221 221 221 221 221 221 221 221 221 222 222 222 222 222 222 222 222 222 222 222 223 223 223 223 223 223 223 223 223 223 223 224 224 224 224 224 224 224 224 224 224 224 225 225 225 225 225 225 225 226 226 226 226 226 226 226 227 227 227 227 227 227 227 228 228 228 228 228 228 229 229 229 229 229 229 230 230 230 230 230 230 230 231 231 231 231 231 231 232 232 232 232 232 232 233 233 233 233 233 233 233 234 234 234 234 234 235 235 235 235 235 235 236 236 236 236 236 236 237 237 237 237 237 237 238 238 238 238 238 238 238 239 239 239 239 239 239 239 239 239 239 240 240 240 240 240 240 240 241 241 241 241 241 241 241 242 242 242 242 242 242 242 243 243 243 243 243 243 244 244 244 244 244 244 244 245 208 208 208 208 208 208 208 208 209 209 209 209 209 209 209 209 212 212 212 212 212 213 213 213 213 213 213 213 213 213 213 214 214 214 214 214 214 214 214 214 214 215 215 215 215 215 215 215 215 215 215 216 216 216 216 216 216 216 216 216 216 217 217 217 217 217 217 217 217 217 217 217 218 218 218 218 218 218 218 218 218 218 219 219 219 219 219 219 219 219 219 219 220 220 220 220 220 220 220 220 220 220 220 220 221 221 221 221 221 221 221 221 221 221 221 222 222 222 222 222 222 222 222 222 222 222 223 223 223 223 223 223 223 223 223 223 224 224 224 224 224 224 224 224 224 225 224 224 225 225 225 225 225 225 225 225 226 226 226 226 226 226 226 227 227 227 227 227 227 228 228 228 228 228 228 229 229 229 229 229 229 230 230 230 230 230 230 230 230 231 231 231 231 231 232 232 232 232 232 232 233 233 233 233 233 233 234 234 234 234 234 234 234 235 235 235 235 235 236 236 236 236 236 236 237 237 237 237 237 237 238 238 238 238 238 238 238 238 239 239 239 239 239 239 239 239 239 239 240 240 240 240 240 241 241 241 241 241 241 241 241 242 242 242 242 242 242 243 243 243 243 243 243 243 243 244 244 244 244 244 245 245 245 208 208 208 208 208 208 209 209 209 209 209 209 209 209 212 213 213 213 213 213 213 213 213 213 213 214 214 214 214 214 214 214 214 214 214 215 215 215 215 215 215 215 215 215 215 216 216 216 216 216 216 216 216 216 216 217 217 217 217 217 217 217 217 217 217 217 218 218 218 218 218 218 218 218 218 218 219 219 219 219 219 219 219 219 219 219 219 220 220 220 220 220 220 220 220 220 220 220 220 221 221 221 221 221 221 221 221 221 221 222 222 222 222 222 222 222 222 222 222 222 223 223 223 223 223 223 223 223 223 223 223 224 224 224 224 224 224 224 224 224 225 225 224 225 225 225 225 225 225 225 225 226 226 226 226 226 226 226 227 227 227 227 227 227 228 228 228 228 228 228 228 229 229 229 229 229 229 230 230 230 230 230 230 231 231 231 231 231 231 231 232 232 232 232 232 233 233 233 233 233 233 234 234 234 234 234 234 234 235 235 235 235 235 235 236 236 236 236 236 237 237 237 237 237 237 237 238 238 238 238 238 238 238 239 239 239 239 239 239 239 239 240 239 240 240 240 240 240 240 241 241 241 241 241 241 242 242 242 242 242 242 242 243 243 243 243 243 243 243 244 244 244 244 244 245 245 208 208 208 209 209 209 209 209 209 209 213 213 213 213 213 213 213 214 214 214 214 214 214 214 214 214 214 214 215 215 215 215 215 215 215 215 215 216 216 216 216 216 216 216 216 216 216 216 217 217 217 217 217 217 217 217 217 217 218 218 218 218 218 218 218 218 218 218 218 219 219 219 219 219 219 219 219 219 219 220 220 220 220 220 220 220 220 220 220 220 220 221 221 221 221 221 221 221 221 221 221 221 222 222 222 222 222 222 222 222 222 222 222 223 223 223 223 223 223 223 223 223 223 223 224 224 224 224 224 224 224 224 224 225 225 225 225 225 225 225 225 225 225 225 225 226 226 226 226 226 226 227 227 227 227 227 227 227 228 228 228 228 228 228 229 229 229 229 229 229 230 230 230 230 230 230 231 231 231 231 231 231 231 232 232 232 232 232 232 233 233 233 233 233 233 234 234 234 234 234 234 235 235 235 235 235 235 235 236 236 236 236 236 237 237 237 237 237 237 238 238 238 238 238 238 238 239 239 239 239 239 239 239 240 240 240 240 240 240 240 240 240 241 241 241 241 241 241 242 242 242 242 242 242 242 243 243 243 243 243 243 243 244 244 244 244 244 209 209 209 209 209 209 209 209 213 213 213 213 213 213 214 214 214 214 214 214 214 214 214 214 215 215 215 215 215 215 215 215 215 215 216 216 216 216 216 216 216 216 216 216 217 217 217 217 217 217 217 217 217 217 217 218 218 218 218 218 218 218 218 218 218 219 219 219 219 219 219 219 219 219 219 220 220 220 220 220 220 220 220 220 220 220 220 220 221 221 221 221 221 221 221 221 221 221 222 222 222 222 222 222 222 222 222 222 222 222 223 223 223 223 223 223 223 223 223 223 224 224 224 224 224 224 224 224 224 224 224 225 225 225 225 225 225 225 225 225 225 225 226 226 226 226 226 226 226 227 227 227 227 227 227 228 228 228 228 228 228 229 229 229 229 229 229 230 230 230 230 230 230 231 231 231 231 231 231 231 232 232 232 232 232 232 233 233 233 233 233 233 234 234 234 234 234 234 235 235 235 235 235 235 235 236 236 236 236 236 237 237 237 237 237 238 238 238 238 238 238 238 238 239 239 239 239 239 239 239 240 240 240 240 240 240 240 240 240 241 241 241 241 241 241 242 242 242 242 242 242 242 243 243 243 243 243 244 209 209 209 209 209 209 213 213 213 213 213 214 214 214 214 214 214 214 214 214 214 215 215 215 215 215 215 215 215 215 215 215 216 216 216 216 216 216 216 216 216 216 217 217 217 217 217 217 217 217 217 217 218 218 218 218 218 218 218 218 218 218 219 219 219 219 219 219 219 219 219 219 219 220 220 220 220 220 220 220 220 220 220 220 220 221 221 221 221 221 221 221 221 221 221 221 222 222 222 222 222 222 222 222 222 222 222 223 223 223 223 223 223 223 223 223 223 223 224 224 224 224 224 224 224 224 224 224 224 224 225 225 225 225 225 225 225 225 225 225 226 226 226 226 226 226 226 227 227 227 227 227 227 227 228 228 228 228 228 228 229 229 229 229 229 230 230 230 230 230 230 230 231 231 231 231 231 231 232 232 232 232 232 232 233 233 233 233 233 233 234 234 234 234 234 234 235 235 235 235 235 235 235 236 236 236 236 236 236 237 237 237 237 237 238 238 238 238 238 238 238 239 239 239 239 239 239 239 240 240 240 240 240 240 240 240 240 241 241 241 241 241 241 242 242 242 242 213 213 213 213 214 214 214 214 214 214 214 214 214 214 215 215 215 215 215 215 215 215 215 215 216 216 216 216 216 216 216 216 216 216 217 217 217 217 217 217 217 217 217 217 217 217 218 218 218 218 218 218 218 218 218 219 219 219 219 219 219 219 219 219 219 219 220 220 220 220 220 220 220 220 220 220 220 221 221 221 221 221 221 221 221 221 221 221 221 222 222 222 222 222 222 222 222 222 222 222 222 223 223 223 223 223 223 223 223 223 223 223 224 224 224 224 224 224 224 224 224 224 224 225 225 225 225 225 225 225 225 225 225 225 225 226 226 226 226 226 226 226 227 227 227 227 227 227 227 228 228 228 228 228 229 229 229 229 229 229 230 230 230 230 230 230 231 231 231 231 231 231 232 232 232 232 232 232 233 233 233 233 233 233 234 234 234 234 234 234 235 235 235 235 235 235 236 236 236 236 236 236 236 237 237 237 237 237 237 238 238 238 238 238 238 239 239 239 239 239 239 239 240 240 240 240 240 240 240 240 240 241 241 241 241 241 241 242 242 242 242 213 213 214 214 214 214 214 214 214 214 214 214 214 215 215 215 215 215 215 215 215 215 215 216 216 216 216 216 216 216 216 216 216 217 217 217 217 217 217 217 217 217 217 217 218 218 218 218 218 218 218 218 218 218 219 219 219 219 219 219 219 219 219 219 220 220 220 220 220 220 220 220 220 220 220 221 221 221 221 221 221 221 221 221 221 221 221 221 222 222 222 222 222 222 222 222 222 222 222 223 223 223 223 223 223 223 223 223 223 223 223 224 224 224 224 224 224 224 224 224 224 225 225 225 225 225 225 225 225 225 225 225 225 225 226 226 226 226 226 226 226 227 227 227 227 227 227 227 227 228 228 228 228 229 229 229 229 229 229 230 230 230 230 230 230 231 231 231 231 231 231 232 232 232 232 232 232 233 233 233 233 233 233 234 234 234 234 234 234 235 235 235 235 235 235 236 236 236 236 236 236 236 237 237 237 237 237 237 238 238 238 238 238 238 238 239 239 239 239 239 239 240 240 240 240 240 240 241 240 241 241 241 241 241 241 241 242 242 242 242 242 214 214 214 214 214 214 214 214 214 214 214 215 215 215 215 215 215 215 215 215 215 216 216 216 216 216 216 216 216 216 216 217 217 217 217 217 217 217 217 217 217 217 218 218 218 218 218 218 218 218 218 218 219 219 219 219 219 219 219 219 219 219 219 220 220 220 220 220 220 220 220 220 220 220 221 221 221 221 221 221 221 221 221 221 221 221 222 222 222 222 222 222 222 222 222 222 222 222 223 223 223 223 223 223 223 223 223 223 223 224 224 224 224 224 224 224 224 224 224 224 225 225 225 225 225 225 225 225 225 225 225 225 225 225 226 226 226 226 226 226 227 227 227 227 227 227 227 227 227 228 228 228 228 229 229 229 229 229 230 230 230 230 230 230 231 231 231 231 231 231 232 232 232 232 232 232 233 233 233 233 233 233 234 234 234 234 234 234 235 235 235 235 235 235 235 236 236 236 236 236 236 237 237 237 237 237 237 237 238 238 238 238 238 238 239 239 239 239 239 239 240 240 240 240 240 240 241 241 240 241 241 241 241 241 241 242 242 242 242 242 242 214 214 214 214 214 214 214 214 214 215 215 215 215 215 215 215 215 215 215 216 216 216 216 216 216 216 216 216 216 217 217 217 217 217 217 217 217 217 217 217 218 218 218 218 218 218 218 218 218 218 219 219 219 219 219 219 219 219 219 219 219 220 220 220 220 220 220 220 220 220 220 220 221 221 221 221 221 221 221 221 221 221 221 221 221 222 222 222 222 222 222 222 222 222 222 222 223 223 223 223 223 223 223 223 223 223 223 223 224 224 224 224 224 224 224 224 224 224 224 225 225 225 225 225 225 225 225 225 225 225 225 225 225 225 226 226 226 226 226 226 226 226 226 227 227 227 227 228 227 228 228 228 229 229 229 229 229 229 230 230 230 230 230 231 231 231 231 231 231 232 232 232 232 232 232 233 233 233 233 233 233 234 234 234 234 234 234 234 235 235 235 235 235 235 236 236 236 236 236 236 237 237 237 237 237 237 237 238 238 238 238 238 238 239 239 239 239 239 239 240 240 240 240 240 240 241 241 241 241 241 241 241 241 241 242 242 242 242 242 242 242 214 214 214 214 214 214 214 214 214 214 214 215 215 215 215 215 215 215 215 215 215 215 216 216 216 216 216 216 216 216 216 216 217 217 217 217 217 217 217 217 217 217 218 218 218 218 218 218 218 218 218 218 218 219 219 219 219 219 219 219 219 219 219 219 220 220 220 220 220 220 220 220 220 220 221 221 221 221 221 221 221 221 221 221 221 221 221 222 222 222 222 222 222 222 222 222 222 222 223 223 223 223 223 223 223 223 223 223 223 223 224 224 224 224 224 224 224 224 224 224 224 225 225 225 225 225 225 225 225 225 225 225 225 225 225 225 226 226 226 226 226 226 226 226 226 226 227 227 227 228 228 228 228 228 228 228 229 229 229 229 229 230 230 230 230 230 230 231 231 231 231 231 232 232 232 232 232 232 233 233 233 233 233 233 233 234 234 234 234 234 234 235 235 235 235 235 235 236 236 236 236 236 236 237 237 237 237 237 237 237 238 238 238 238 238 238 238 239 239 239 239 239 240 240 240 240 240 240 240 241 241 241 241 241 241 241 241 242 242 242 242 242 242 242 242 242 214 214 214 214 214 214 214 214 215 215 215 215 215 215 215 215 215 215 215 216 216 216 216 216 216 216 216 216 216 216 217 217 217 217 217 217 217 217 217 217 218 218 218 218 218 218 218 218 218 218 219 219 219 219 219 219 219 219 219 219 219 220 220 220 220 220 220 220 220 220 220 221 221 221 221 221 221 221 221 221 221 221 221 221 222 222 222 222 222 222 222 222 222 222 222 223 223 223 223 223 223 223 223 223 223 223 223 224 224 224 224 224 224 224 224 224 224 224 225 225 225 225 225 225 225 225 225 225 225 225 226 225 225 225 225 225 226 226 226 226 226 226 226 226 227 227 227 228 228 228 228 228 228 228 228 229 229 229 229 230 230 230 230 230 230 231 231 231 231 231 231 232 232 232 232 232 233 233 233 233 233 233 233 234 234 234 234 234 234 235 235 235 235 235 235 236 236 236 236 236 236 237 237 237 237 237 237 237 238 238 238 238 238 238 239 239 239 239 239 239 240 240 240 240 240 240 240 241 241 241 241 241 241 241 241 242 242 242 242 242 242 242 243 243 243 243 242 214 214 214 214 214 214 214 214 215 215 215 215 215 215 215 215 215 215 215 216 216 216 216 216 216 216 216 216 216 216 217 217 217 217 217 217 217 217 217 218 218 218 218 218 218 218 218 218 218 218 219 219 219 219 219 219 219 219 219 219 219 220 220 220 220 220 220 220 220 220 220 220 221 221 221 221 221 221 221 221 221 221 222 221 222 222 222 222 222 222 222 222 222 222 222 222 223 223 223 223 223 223 223 223 223 223 223 224 224 224 224 224 224 224 224 224 224 224 224 225 225 225 225 225 225 225 225 225 225 225 225 226 226 225 225 225 225 225 226 226 226 226 226 227 227 227 227 227 228 228 228 228 228 228 228 228 228 229 229 229 230 230 230 230 230 230 231 231 231 231 231 231 232 232 232 232 232 233 233 233 233 233 233 233 234 234 234 234 234 234 235 235 235 235 235 235 236 236 236 236 236 236 237 237 237 237 237 237 238 238 238 238 238 238 238 239 239 239 239 239 239 239 240 240 240 240 240 240 241 241 241 241 241 241 241 241 242 242 242 242 242 242 242 242 243 243 243 243 243 214 214 214 214 214 215 215 215 215 215 215 215 215 215 215 215 216 216 216 216 216 216 216 216 216 216 216 217 217 217 217 217 217 217 217 217 217 218 218 218 218 218 218 218 218 218 218 218 219 219 219 219 219 219 219 219 219 219 220 220 220 220 220 220 220 220 220 220 220 220 221 221 221 221 221 221 221 221 221 221 222 222 222 222 222 222 222 222 222 222 222 222 222 223 223 223 223 223 223 223 223 223 223 223 224 224 224 224 224 224 224 224 224 224 224 224 225 225 225 225 225 225 225 225 225 225 225 225 226 226 226 226 225 225 225 226 226 226 226 226 226 227 227 227 227 227 227 228 228 228 228 228 228 229 228 228 229 229 230 230 230 230 230 230 231 231 231 231 231 231 232 232 232 232 232 233 233 233 233 233 233 233 234 234 234 234 234 234 235 235 235 235 235 235 236 236 236 236 236 236 237 237 237 237 237 237 238 238 238 238 238 238 238 239 239 239 239 239 239 239 240 240 240 240 240 240 241 241 241 241 241 241 241 241 242 242 242 242 242 242 242 242 242 243 243 243 243 243 243 214 214 214 214 214 215 215 215 215 215 215 215 215 215 215 215 216 216 216 216 216 216 216 216 216 216 216 217 217 217 217 217 217 217 217 217 217 218 218 218 218 218 218 218 218 218 218 218 219 219 219 219 219 219 219 219 219 219 219 220 220 220 220 220 220 220 220 220 220 221 221 221 221 221 221 221 221 221 221 221 222 222 222 222 222 222 222 222 222 222 222 222 222 223 223 223 223 223 223 223 223 223 223 223 224 224 224 224 224 224 224 224 224 224 224 224 224 224 225 225 225 225 225 225 225 225 225 225 226 226 226 226 226 226 225 225 226 226 226 226 226 226 226 227 227 227 227 227 227 228 228 228 228 228 229 229 229 229 229 229 230 230 230 230 230 231 231 231 231 231 231 232 232 232 232 232 232 233 233 233 233 233 233 234 234 234 234 234 234 235 235 235 235 235 235 236 236 236 236 236 236 237 237 237 237 237 237 237 238 238 238 238 238 238 239 239 239 239 239 239 240 240 240 240 240 240 240 241 241 241 241 241 241 242 241 242 242 242 242 242 242 242 242 242 243 243 243 243 243 243 243 215 215 215 215 215 215 215 215 215 215 215 216 216 216 216 216 216 216 216 216 216 216 217 217 217 217 217 217 217 217 217 217 218 218 218 218 218 218 218 218 218 218 218 219 219 219 219 219 219 219 219 219 219 219 220 220 220 220 220 220 220 220 220 220 220 221 221 221 221 221 221 221 221 221 221 222 222 222 222 222 222 222 222 222 222 222 222 222 223 223 223 223 223 223 223 223 223 223 223 223 224 224 224 224 224 224 224 224 224 224 224 224 225 225 225 225 225 225 225 225 225 225 225 226 226 226 226 226 226 226 226 226 226 226 226 226 226 226 226 227 227 227 227 227 228 228 228 228 228 228 229 229 229 229 229 229 229 230 230 230 230 231 231 231 231 231 231 232 232 232 232 232 232 233 233 233 233 233 233 234 234 234 234 234 234 235 235 235 235 235 235 236 236 236 236 236 236 237 237 237 237 237 237 237 238 238 238 238 238 238 239 239 239 239 239 239 240 240 240 240 240 240 241 241 241 241 241 241 242 242 242 242 242 242 242 242 242 242 242 242 243 243 243 243 243 243 243 243 243 214 214 215 215 215 215 215 215 215 215 215 215 216 216 216 216 216 216 216 216 216 216 216 217 217 217 217 217 217 217 217 217 217 217 218 218 218 218 218 218 218 218 218 218 219 219 219 219 219 219 219 219 219 219 219 220 220 220 220 220 220 220 220 220 220 220 221 221 221 221 221 221 221 221 221 221 221 222 222 222 222 222 222 222 222 222 222 222 222 223 223 223 223 223 223 223 223 223 223 223 223 224 224 224 224 224 224 224 224 224 224 224 225 225 225 225 225 225 225 225 225 225 225 226 226 226 226 226 226 226 226 226 226 226 226 226 226 226 227 227 227 227 227 227 227 227 227 228 228 228 228 229 229 229 229 229 229 229 229 229 230 230 230 231 231 231 231 231 231 232 232 232 232 232 232 233 233 233 233 233 233 234 234 234 234 234 234 235 235 235 235 235 235 236 236 236 236 236 236 237 237 237 237 237 237 237 238 238 238 238 238 238 239 239 239 239 239 239 240 240 240 240 240 240 241 241 241 241 241 241 241 242 242 242 242 242 242 242 242 242 242 242 243 243 243 243 243 243 243 243 243 244 244 244 244 244 244 245 245 245 245 245 246 246 246 246 246 246 247 247 215 215 215 215 215 215 215 216 216 216 216 216 216 216 216 216 216 216 217 217 217 217 217 217 217 217 217 217 217 218 218 218 218 218 218 218 218 218 218 219 219 219 219 219 219 219 219 219 219 219 219 220 220 220 220 220 220 220 220 220 220 220 221 221 221 221 221 221 221 221 221 221 222 222 222 222 222 222 222 222 222 222 222 222 222 223 223 223 223 223 223 223 223 223 223 223 224 224 224 224 224 224 224 224 224 224 224 225 225 225 225 225 225 225 225 225 225 225 226 226 226 226 226 226 226 226 226 226 226 226 226 226 226 226 226 226 227 227 227 227 227 227 228 228 228 228 228 228 228 229 229 229 229 229 229 229 230 230 230 230 231 231 231 231 231 232 232 232 232 232 232 233 233 233 233 233 233 234 234 234 234 234 234 235 235 235 235 235 235 235 236 236 236 236 236 236 237 237 237 237 237 237 238 238 238 238 238 238 239 239 239 239 239 239 240 240 240 240 240 240 241 241 241 241 241 241 241 242 242 242 242 242 242 242 242 242 242 242 243 243 243 243 243 244 244 244 244 244 244 244 244 244 245 245 245 245 245 246 246 246 246 246 246 247 247 247 247 247 247 247 215 215 215 215 215 215 216 216 216 216 216 216 216 216 216 216 216 217 217 217 217 217 217 217 217 217 217 217 218 218 218 218 218 218 218 218 218 218 218 219 219 219 219 219 219 219 219 219 219 219 220 220 220 220 220 220 220 220 220 220 221 221 221 221 221 221 221 221 221 221 221 222 222 222 222 222 222 222 222 222 222 222 222 222 222 223 223 223 223 223 223 223 223 223 223 224 224 224 224 224 224 224 224 224 224 224 225 225 225 225 225 225 225 225 225 225 225 225 226 226 226 226 226 226 226 226 226 226 226 226 226 226 226 227 227 226 227 227 227 227 227 227 227 228 228 228 228 228 228 228 229 229 229 229 229 229 230 230 230 230 230 231 231 231 231 232 232 232 232 232 232 233 233 233 233 233 233 234 234 234 234 234 234 235 235 235 235 235 235 235 236 236 236 236 236 236 237 237 237 237 237 237 238 238 238 238 238 238 239 239 239 239 239 239 240 240 240 240 240 240 241 241 241 241 241 241 241 242 242 242 242 242 242 242 242 242 242 243 243 243 243 244 244 244 244 244 244 244 244 244 244 244 245 245 245 245 245 246 246 246 246 246 246 247 247 247 247 247 247 247 248 248 248 215 215 215 216 216 216 216 216 216 216 216 216 216 216 217 217 217 217 217 217 217 217 217 217 217 218 218 218 218 218 218 218 218 218 218 219 219 219 219 219 219 219 219 219 219 219 219 220 220 220 220 220 220 220 220 220 220 220 221 221 221 221 221 221 221 221 221 221 222 222 222 222 222 222 222 222 222 222 222 223 223 223 223 223 223 223 223 223 223 223 223 223 224 224 224 224 224 224 224 224 224 224 224 224 225 225 225 225 225 225 225 225 225 225 225 226 226 226 226 226 226 226 226 226 226 226 226 226 226 226 227 227 227 227 227 227 227 227 227 228 228 228 228 228 228 228 228 229 229 229 229 229 229 229 230 230 230 230 230 230 231 231 231 231 232 232 232 232 232 233 233 233 233 233 233 234 234 234 234 234 234 235 235 235 235 235 235 235 236 236 236 236 236 236 237 237 237 237 237 237 238 238 238 238 238 238 239 239 239 239 239 239 240 240 240 240 240 240 241 241 241 241 241 241 241 242 242 242 242 242 242 242 242 242 243 243 243 243 243 243 244 244 244 244 244 244 244 244 244 244 245 245 245 245 246 246 246 246 246 246 246 246 247 247 247 247 247 248 248 248 248 248 248 215 215 215 216 216 216 216 216 216 216 216 216 216 216 217 217 217 217 217 217 217 217 217 217 217 218 218 218 218 218 218 218 218 218 218 219 219 219 219 219 219 219 219 219 219 219 219 220 220 220 220 220 220 220 220 220 220 220 220 221 221 221 221 221 221 221 221 221 222 222 222 222 222 222 222 222 222 222 222 223 223 223 223 223 223 223 223 223 223 223 223 223 224 224 224 224 224 224 224 224 224 224 224 224 225 225 225 225 225 225 225 225 225 225 225 226 226 226 226 226 226 226 226 226 226 226 226 226 226 227 227 227 227 227 227 227 227 227 227 227 228 228 228 228 228 228 228 228 228 229 229 229 229 229 229 229 230 230 230 230 230 230 231 231 231 232 232 232 232 232 233 233 233 233 233 233 234 234 234 234 234 234 235 235 235 235 235 235 235 236 236 236 236 236 236 237 237 237 237 237 237 238 238 238 238 238 238 239 239 239 239 239 239 240 240 240 240 240 240 241 241 241 241 241 241 241 241 242 242 242 242 242 242 242 242 243 243 243 243 243 243 243 244 244 244 244 244 244 244 244 244 244 245 245 245 245 246 246 246 246 246 246 246 246 247 247 247 247 248 248 248 248 248 248 248 248 215 215 216 216 216 216 216 216 216 216 216 216 216 217 217 217 217 217 217 217 217 217 217 217 218 218 218 218 218 218 218 218 218 218 218 219 219 219 219 219 219 219 219 219 219 219 220 220 220 220 220 220 220 220 220 220 220 220 221 221 221 221 221 221 221 221 221 221 222 222 222 222 222 222 222 222 222 222 222 223 223 223 223 223 223 223 223 223 223 223 223 224 224 224 224 224 224 224 224 224 224 224 224 225 225 225 225 225 225 225 225 225 225 225 226 226 226 226 226 226 226 226 226 226 226 226 226 226 227 227 227 227 227 227 227 227 227 227 227 228 228 228 228 228 228 229 228 228 228 229 229 229 229 229 229 230 230 230 230 230 231 231 231 231 231 231 231 232 232 232 233 233 233 233 233 233 234 234 234 234 234 234 235 235 235 235 235 235 235 236 236 236 236 236 236 237 237 237 237 237 237 238 238 238 238 238 238 239 239 239 239 239 239 240 240 240 240 240 240 241 241 241 241 241 241 241 242 242 242 242 242 242 243 243 242 243 243 243 243 243 243 243 244 244 244 244 244 244 245 244 244 244 245 245 245 245 245 245 245 246 246 246 246 246 246 247 247 247 247 248 248 248 248 248 248 248 249 216 216 216 216 216 216 216 216 216 217 217 217 217 217 217 217 217 217 217 217 218 218 218 218 218 218 218 218 218 218 218 218 219 219 219 219 219 219 219 219 219 219 220 220 220 220 220 220 220 220 220 220 220 221 221 221 221 221 221 221 221 221 221 221 222 222 222 222 222 222 222 222 222 222 222 223 223 223 223 223 223 223 223 223 223 223 223 224 224 224 224 224 224 224 224 224 224 224 224 225 225 225 225 225 225 225 225 225 225 225 226 226 226 226 226 226 226 226 226 226 226 226 227 227 227 227 227 227 227 227 227 228 227 227 227 227 228 228 228 228 228 228 228 228 228 228 228 229 229 230 230 230 230 230 230 230 230 230 231 231 231 232 231 231 231 232 232 233 233 233 233 233 233 234 234 234 234 234 234 235 235 235 235 235 235 235 236 236 236 236 236 236 237 237 237 237 237 237 238 238 238 238 238 238 239 239 239 239 239 239 240 240 240 240 240 240 241 241 241 241 241 241 241 241 242 242 242 242 242 242 243 243 242 243 243 243 243 243 244 244 244 244 244 244 244 244 245 245 244 245 245 245 245 245 245 245 246 246 246 246 247 247 247 247 247 247 248 248 248 248 248 248 249 249 249 216 216 216 216 216 216 216 216 216 217 217 217 217 217 217 217 217 217 217 217 218 218 218 218 218 218 218 218 218 218 218 218 219 219 219 219 219 219 219 219 219 219 219 220 220 220 220 220 220 220 220 220 220 221 221 221 221 221 221 221 221 221 221 221 221 221 222 222 222 222 222 222 222 222 223 223 223 223 223 223 223 223 223 223 223 223 223 224 224 224 224 224 224 224 224 224 224 224 224 225 225 225 225 225 225 225 225 225 225 225 226 226 226 226 226 226 226 226 226 226 226 226 226 227 227 227 227 227 227 227 227 227 228 228 227 227 227 227 228 228 228 228 228 228 228 228 228 228 229 229 229 229 230 230 230 230 230 231 231 231 231 231 231 232 232 232 231 232 232 233 233 233 233 233 234 234 234 234 234 234 235 235 235 235 235 235 235 236 236 236 236 236 236 237 237 237 237 237 237 238 238 238 238 238 238 239 239 239 239 239 239 240 240 240 240 240 240 241 241 241 241 241 241 241 241 242 242 242 242 242 242 242 242 243 243 243 243 243 244 244 244 244 244 244 244 244 244 245 245 245 245 245 245 245 246 246 246 246 246 246 247 247 247 247 247 247 247 247 248 248 248 248 248 249 249 249 249 249 264 264 264 264 216 216 216 216 216 216 217 217 217 217 217 217 217 217 217 217 217 218 218 218 218 218 218 218 218 218 218 218 218 219 219 219 219 219 219 219 219 219 219 219 220 220 220 220 220 220 220 220 220 220 221 221 221 221 221 221 221 221 221 221 221 221 221 221 222 222 222 222 222 222 222 222 223 223 223 223 223 223 223 223 223 223 223 223 224 224 224 224 224 224 224 224 224 224 224 224 225 225 225 225 225 225 225 225 225 225 225 226 226 226 226 226 226 226 226 226 226 226 227 227 226 226 227 227 227 227 227 227 227 227 228 228 228 228 228 228 228 228 228 228 228 228 228 229 229 229 229 229 229 229 229 230 230 230 231 231 231 231 231 231 232 232 232 232 232 232 232 232 233 233 233 233 234 234 234 234 234 234 235 235 235 235 235 235 236 236 236 236 236 236 236 237 237 237 237 237 237 238 238 238 238 238 238 239 239 239 239 239 239 240 240 240 240 240 240 241 241 241 241 241 241 241 242 242 242 242 242 242 242 242 243 243 243 243 243 243 244 244 244 244 244 244 244 245 245 245 245 245 245 245 245 245 246 246 246 246 246 246 247 247 247 247 247 247 247 247 247 248 248 248 248 248 249 249 249 249 249 264 264 265 265 265 265 265 265 216 216 216 216 216 217 217 217 217 217 217 217 217 217 217 217 218 218 218 218 218 218 218 218 218 218 218 218 219 219 219 219 219 219 219 219 219 219 219 219 220 220 220 220 220 220 220 220 220 221 221 221 221 221 221 221 221 221 221 221 221 221 222 222 222 222 222 222 222 222 222 222 222 223 223 223 223 223 223 223 223 224 224 224 224 224 224 224 224 224 224 224 224 224 224 225 225 225 225 225 225 225 225 225 225 225 226 226 226 226 226 226 226 226 226 226 226 227 227 227 227 227 227 227 227 227 227 228 228 228 228 228 228 228 228 228 228 228 228 228 228 229 229 229 229 230 229 229 229 229 230 230 230 230 230 230 231 231 231 231 232 232 232 232 232 232 232 232 232 233 233 233 234 234 234 234 234 234 235 235 235 235 235 235 236 236 236 236 236 236 236 237 237 237 237 237 237 238 238 238 238 238 238 239 239 239 239 239 239 240 240 240 240 240 240 241 241 241 241 241 241 242 242 242 242 242 242 242 242 242 243 243 243 243 243 243 243 244 244 244 244 244 244 245 245 245 245 245 245 245 246 246 246 246 246 246 246 247 247 247 247 247 247 247 247 247 247 248 248 248 248 248 248 249 249 249 249 264 264 265 265 265 266 266 266 265 265 216 216 216 216 216 217 217 217 217 217 217 217 217 217 217 217 217 218 218 218 218 218 218 218 218 218 218 218 218 219 219 219 219 219 219 219 219 219 219 220 220 220 220 220 220 220 220 220 220 221 221 221 221 221 221 221 221 221 221 221 221 221 222 222 222 222 222 222 222 222 222 222 222 223 223 223 223 223 223 223 223 223 224 224 224 224 224 224 224 224 224 224 224 224 224 225 225 225 225 225 225 225 225 225 225 225 226 226 226 226 226 226 226 226 226 226 226 227 227 227 227 227 227 227 227 227 227 227 228 228 228 228 228 228 228 228 228 228 228 228 228 228 228 229 229 229 229 230 230 230 230 230 230 230 230 230 230 231 231 231 231 232 232 232 232 232 232 232 233 233 233 233 233 233 234 234 234 234 234 235 235 235 235 235 235 236 236 236 236 236 236 236 237 237 237 237 237 237 238 238 238 238 238 238 239 239 239 239 239 239 240 240 240 240 240 240 241 241 241 241 241 241 242 242 242 242 242 242 242 242 242 243 243 243 243 243 243 243 244 244 244 244 244 244 244 245 245 245 245 245 245 246 246 246 246 246 246 246 246 247 247 247 247 247 247 247 247 247 248 248 248 248 248 248 249 249 249 249 249 264 264 265 265 265 266 266 266 266 266 266 265 265 216 216 216 217 217 217 217 217 217 217 217 217 217 217 217 217 217 217 218 218 218 218 218 218 218 218 218 218 219 219 219 219 219 219 219 219 219 220 220 220 220 220 220 220 220 220 220 221 221 221 221 221 221 221 221 221 221 221 221 221 222 222 222 222 222 222 222 222 222 223 223 223 223 223 223 223 223 223 223 223 224 224 224 224 224 224 224 224 224 224 224 224 225 225 225 225 225 225 225 225 225 225 225 225 226 226 226 226 226 226 226 226 226 226 227 227 227 227 227 227 227 227 227 227 227 227 227 228 228 228 228 228 228 228 228 229 228 229 228 228 228 228 229 229 229 229 229 229 229 230 230 230 230 230 230 230 231 231 231 231 231 232 232 232 232 232 232 232 233 233 233 233 233 233 234 234 234 234 234 235 235 235 235 235 236 236 236 236 236 236 236 237 237 237 237 237 237 237 238 238 238 238 238 239 239 239 239 239 239 240 240 240 240 240 240 241 241 241 241 241 241 242 242 242 242 242 242 242 242 243 243 243 243 243 243 244 243 244 244 244 244 244 244 245 245 245 245 245 245 245 246 246 246 246 246 246 246 247 247 247 247 247 247 247 247 247 247 248 248 248 248 249 249 249 249 249 249 249 249 249 264 264 265 265 266 266 266 266 266 266 266 267 266 266 266 216 216 217 217 217 217 217 217 217 217 217 217 217 217 217 217 217 218 218 218 218 218 218 218 218 218 218 218 219 219 219 219 219 219 219 219 220 220 220 220 220 220 220 220 220 220 220 221 221 221 221 221 221 221 221 221 221 221 221 222 222 222 222 222 222 222 222 222 223 223 223 223 223 223 223 223 223 223 223 224 224 224 224 224 224 224 224 224 224 224 224 225 225 225 225 225 225 225 225 225 225 225 225 226 226 226 226 226 226 226 226 226 226 226 227 227 227 227 227 227 227 227 227 227 227 227 228 228 228 228 228 228 228 229 229 229 229 229 229 229 229 229 229 229 229 229 229 229 229 229 230 230 230 230 230 230 231 231 231 231 231 232 232 232 232 232 232 232 233 233 233 233 233 233 233 234 234 234 234 234 235 235 235 235 235 236 236 236 236 236 236 236 237 237 237 237 237 237 237 238 238 238 238 239 239 239 239 239 239 240 240 240 240 240 240 241 241 241 241 241 241 242 242 242 242 242 242 242 243 243 243 243 243 243 243 244 244 244 244 244 244 244 244 245 245 245 245 245 245 246 246 246 246 246 246 246 246 246 247 247 247 247 247 247 247 247 247 248 248 248 248 249 249 249 249 249 249 249 249 249 250 250 263 263 264 264 264 264 264 265 265 265 265 266 266 266 267 267 267 267 267 266 266 266 266 217 217 217 217 217 217 217 217 217 217 217 217 217 217 218 218 218 218 218 218 218 218 218 218 219 219 219 219 219 219 219 219 219 219 220 220 220 220 220 220 220 220 220 220 221 221 221 221 221 221 221 221 221 221 221 221 222 222 222 222 222 222 222 222 222 223 223 223 223 223 223 223 223 223 223 223 223 224 224 224 224 224 224 224 224 224 224 224 225 225 225 225 225 225 225 225 225 225 225 225 226 226 226 226 226 226 226 226 226 226 227 227 227 227 227 227 227 227 227 227 227 227 228 228 228 228 228 228 228 228 228 229 229 229 229 229 229 229 229 229 229 229 229 229 229 230 230 230 230 230 230 231 231 231 231 231 231 231 232 231 232 232 232 233 233 233 233 233 233 233 233 233 234 234 234 234 234 234 234 235 235 235 235 235 236 236 236 236 236 236 236 236 237 237 237 237 237 238 238 238 238 238 239 239 239 239 239 240 240 240 240 240 240 241 241 241 241 241 241 242 242 242 242 242 242 242 242 243 243 243 243 243 243 244 244 244 244 244 244 244 244 245 245 245 245 245 245 246 246 246 246 246 246 246 246 247 247 247 247 247 247 248 248 248 247 248 248 248 248 249 249 249 249 249 249 249 250 249 250 250 250 250 250 250 250 250 250 250 251 263 263 264 264 264 264 264 264 265 265 265 266 266 265 266 267 267 267 267 268 267 267 267 267 267 267 267 267 217 217 217 217 217 217 217 217 217 217 217 217 217 217 217 218 218 218 218 218 218 218 218 218 218 218 219 219 219 219 219 219 219 219 220 220 220 220 220 220 220 220 220 220 220 220 221 221 221 221 221 221 221 221 221 221 222 222 222 222 222 222 222 222 222 222 222 223 223 223 223 223 223 223 223 223 223 223 223 223 224 224 224 224 224 224 224 225 225 224 225 225 225 225 225 225 225 225 225 225 225 226 226 226 226 226 226 226 226 226 226 227 227 227 227 227 227 227 227 227 227 227 227 227 228 228 228 228 228 228 228 228 229 229 229 229 229 229 229 229 229 229 229 229 229 229 230 230 230 230 230 230 230 231 231 231 231 231 231 231 232 232 232 232 232 233 233 233 233 233 233 233 233 233 234 234 234 234 234 234 235 235 235 235 235 235 235 236 236 236 236 236 236 237 237 237 237 237 237 238 238 238 238 238 238 239 239 239 239 240 240 240 240 240 240 241 241 241 241 241 241 242 242 242 242 242 242 242 243 243 243 243 243 243 243 244 244 244 244 244 244 244 244 245 245 245 245 245 245 245 246 246 246 246 247 247 247 247 247 247 247 247 247 248 248 248 248 248 248 248 248 248 249 249 249 249 249 249 250 250 250 250 250 250 250 250 250 250 251 251 251 251 251 251 251 251 251 251 252 252 252 252 253 253 253 253 253 254 263 264 264 264 264 265 265 265 266 265 265 266 266 266 266 267 267 267 268 268 268 268 267 267 268 267 267 267 268 217 217 217 217 217 217 217 217 217 217 217 217 218 218 218 218 218 218 218 218 218 218 218 218 218 218 219 219 219 219 219 220 220 220 220 220 220 220 220 220 221 220 221 221 221 221 221 221 221 221 221 221 221 221 222 222 222 222 222 222 222 222 222 222 222 223 223 223 223 223 223 223 223 223 223 223 223 223 224 224 224 224 224 224 224 225 225 225 225 225 225 225 225 225 225 225 225 225 226 226 226 226 226 226 226 226 226 226 227 227 227 227 227 227 227 227 227 227 227 227 227 228 228 228 228 228 228 228 228 228 229 229 229 229 229 229 229 230 229 230 230 230 230 230 230 230 230 230 230 230 231 231 231 231 231 231 231 231 232 232 232 232 232 232 233 233 233 233 233 234 234 234 234 234 234 234 234 235 235 235 235 235 235 235 236 236 236 236 236 236 237 237 237 237 237 237 238 238 238 238 238 238 238 239 239 239 239 240 240 240 240 240 240 241 241 241 241 241 241 242 242 242 242 242 242 243 243 243 243 243 243 243 244 243 244 244 244 244 244 244 245 245 245 245 245 245 245 245 246 246 246 246 246 247 247 247 247 247 247 248 248 248 248 248 248 248 248 248 248 248 248 249 249 249 249 250 250 250 250 250 250 251 250 250 250 251 251 251 251 251 251 252 252 252 252 252 252 253 252 252 252 253 253 253 253 253 253 253 254 254 254 254 254 254 255 255 263 264 264 265 265 265 265 265 266 266 266 266 266 267 267 267 267 267 268 268 268 268 268 268 268 268 268 268 268 268 268 217 217 217 217 217 217 217 217 217 218 218 218 218 218 218 218 218 218 218 218 218 219 219 218 218 219 219 219 219 219 219 220 220 220 220 220 220 220 220 220 221 221 221 221 221 221 221 221 221 221 221 222 222 222 222 222 222 222 222 222 222 222 222 222 222 223 223 223 223 223 223 223 223 224 224 224 224 224 224 224 224 224 224 224 225 225 225 225 225 225 225 225 225 225 225 225 225 226 226 226 226 226 226 226 226 226 226 227 227 227 227 227 227 227 227 227 227 227 227 227 227 227 228 228 228 228 228 228 228 228 229 229 229 229 229 229 229 230 230 230 230 230 230 230 230 230 230 230 230 230 230 231 231 231 231 231 231 231 232 232 232 232 232 232 233 233 233 233 233 234 233 234 234 234 234 234 235 234 235 235 235 235 235 236 236 236 236 236 236 236 237 237 237 237 238 237 238 238 238 238 238 238 238 239 239 239 239 240 240 240 240 240 240 241 241 241 241 241 241 242 242 242 242 242 242 243 243 243 243 243 243 243 243 244 244 244 244 244 245 244 244 245 245 245 245 245 245 245 246 246 246 246 247 247 247 247 247 247 247 247 248 248 248 248 248 248 248 248 248 248 249 249 249 249 249 250 250 250 250 250 250 250 251 251 251 251 251 251 251 251 252 252 252 252 252 252 252 252 252 252 253 253 253 253 254 254 254 254 254 254 254 255 254 255 255 255 255 255 255 256 256 256 256 263 264 265 265 265 265 266 266 266 266 267 267 267 267 267 267 267 268 268 268 268 268 268 268 268 268 268 268 268 268 268 269 269 217 217 217 217 217 217 217 217 217 217 218 218 218 218 218 218 218 218 218 218 218 219 219 219 219 219 219 219 219 219 219 219 219 220 220 220 220 220 220 220 220 221 221 221 221 221 221 221 221 221 221 221 222 222 222 222 222 222 222 222 222 222 222 222 223 223 223 223 223 223 223 223 223 224 224 224 224 224 224 224 224 224 224 224 224 225 225 225 225 225 225 225 225 225 225 225 225 226 226 226 226 226 226 226 226 226 226 226 227 227 227 227 227 227 227 227 227 227 227 228 228 228 228 228 228 228 228 228 228 229 229 229 229 229 229 229 229 229 230 230 230 230 230 230 230 230 230 230 231 230 230 231 231 231 231 231 231 232 232 232 232 232 232 232 233 233 233 233 233 233 233 233 234 234 234 234 234 235 235 235 235 235 235 236 236 236 236 236 236 236 237 237 237 237 237 238 238 238 238 238 238 238 238 239 239 239 239 239 239 240 240 240 240 240 241 241 241 241 241 241 242 242 242 242 242 242 243 243 243 243 243 243 243 243 244 244 244 244 244 244 245 244 245 245 245 245 245 245 246 246 246 246 246 246 247 247 247 247 247 247 247 247 247 248 248 248 248 248 248 248 248 249 249 249 249 249 250 250 250 250 250 250 250 250 250 251 251 251 251 251 252 252 252 252 253 252 252 252 253 253 253 252 253 253 253 253 254 254 254 254 254 254 255 255 255 255 255 256 256 255 256 256 256 256 256 256 256 257 257 257 256 263 264 264 265 265 265 265 266 266 266 266 267 267 267 267 267 267 267 268 268 268 268 268 268 268 268 268 268 268 268 268 269 269 269 269 269 269 217 217 217 217 217 217 218 218 218 218 218 218 218 218 218 218 218 218 218 219 219 219 219 219 220 219 219 219 219 219 219 219 219 219 219 220 220 220 220 220 220 221 221 221 221 221 221 221 221 221 221 221 222 222 222 222 222 222 222 222 222 222 223 223 223 223 223 223 223 223 223 223 223 223 224 224 224 224 224 224 224 224 224 224 224 224 225 225 225 225 225 225 225 225 225 225 225 226 226 226 226 226 226 226 226 226 226 226 226 227 227 227 227 227 227 227 227 227 227 227 228 228 228 228 228 228 228 228 228 229 229 229 229 229 229 229 229 229 230 229 230 230 230 230 230 230 230 230 230 231 231 231 231 231 231 231 231 231 231 232 232 232 232 232 232 233 233 233 233 233 233 233 233 234 234 234 234 234 235 235 235 235 235 235 236 236 236 236 236 236 237 237 237 237 237 237 238 238 238 238 238 238 238 239 239 239 239 239 239 239 240 240 240 240 240 241 241 241 241 241 241 242 242 242 242 242 242 243 243 243 243 243 243 243 243 243 244 244 244 244 244 244 245 245 245 245 245 245 245 246 246 246 246 246 246 247 247 247 247 247 247 247 247 248 247 248 248 248 248 248 248 248 249 249 249 249 249 249 250 250 250 250 250 250 250 250 251 251 251 251 251 251 252 252 252 252 252 252 252 253 253 254 253 253 254 254 254 254 255 254 254 254 254 254 255 255 255 256 256 256 255 255 256 256 257 256 257 257 256 257 258 257 257 263 264 264 264 265 265 265 265 266 266 266 266 267 267 267 267 267 267 267 268 268 268 268 268 268 268 268 268 268 268 269 269 269 269 269 269 270 270 270 270 217 217 217 218 218 218 218 218 218 218 218 218 218 218 218 218 218 218 218 219 219 219 219 219 219 220 219 219 220 220 220 220 220 220 219 219 220 220 220 221 221 221 221 221 221 221 221 221 221 221 221 222 222 222 222 222 222 222 222 222 222 223 223 223 223 223 223 223 223 223 223 223 223 224 224 224 224 224 224 224 224 224 224 225 225 225 225 225 225 225 225 225 225 225 225 226 226 226 226 226 226 226 226 226 226 226 226 226 227 227 227 227 227 227 227 227 227 227 227 228 228 228 228 228 228 228 228 229 229 229 229 229 229 229 229 229 230 230 230 230 230 230 230 230 230 230 230 230 231 231 231 231 231 231 231 231 231 231 232 232 232 232 232 233 233 233 233 233 233 233 234 234 234 234 234 234 234 235 235 235 235 235 235 235 236 236 236 236 236 237 237 237 237 237 237 237 238 238 238 238 238 238 239 239 239 239 239 239 239 239 240 240 240 240 241 241 241 241 241 241 242 242 242 242 242 242 242 243 243 243 243 243 243 244 244 244 244 244 244 244 244 245 245 245 245 245 245 246 246 246 246 246 246 246 246 247 247 247 247 247 248 248 248 248 248 248 248 248 249 249 249 249 249 249 249 249 249 249 250 250 250 250 250 250 250 251 251 251 251 251 251 252 252 252 252 252 252 252 253 253 253 254 254 254 254 255 255 255 255 255 255 254 254 255 256 256 256 256 256 256 256 256 256 257 257 257 258 257 256 257 258 258 257 263 264 264 264 265 265 265 265 266 266 267 267 267 267 267 267 267 267 267 268 268 268 268 268 268 268 268 268 268 269 269 269 269 269 270 270 270 270 270 270 271 271 271 271 271 271 271 271 271 217 217 218 218 218 218 218 218 218 218 218 218 218 218 218 218 218 218 219 219 219 219 219 219 219 219 219 219 219 219 220 220 221 220 220 220 220 220 220 221 221 221 221 221 221 221 221 221 222 222 222 222 222 222 222 222 222 222 222 222 222 223 223 223 223 223 223 223 223 223 224 224 224 224 224 224 224 224 224 224 225 225 225 225 225 225 225 225 225 225 225 225 226 225 226 226 226 226 226 226 226 226 226 226 226 227 227 227 227 227 227 227 227 227 228 228 228 228 228 228 228 228 228 228 228 229 229 229 229 229 229 229 229 229 230 230 230 230 230 230 230 230 230 230 230 230 230 230 231 231 231 231 232 232 232 231 231 231 232 232 232 232 232 233 233 233 233 233 233 233 234 234 234 234 234 234 234 235 235 235 235 236 236 236 236 236 236 236 236 237 237 237 237 237 237 237 238 238 238 238 238 239 239 239 239 239 239 239 239 240 240 240 240 241 241 241 241 241 241 242 242 242 242 242 242 243 243 243 243 243 243 243 244 244 244 244 244 244 244 245 245 245 245 245 245 245 245 246 246 246 246 246 246 246 247 247 247 247 248 248 248 248 248 248 248 248 248 249 249 249 249 249 249 249 249 249 249 250 250 250 250 250 250 251 251 251 251 251 251 251 252 252 252 252 252 252 253 253 254 254 253 253 254 254 254 255 255 255 255 255 255 254 255 255 256 256 255 255 255 256 256 256 256 257 257 257 258 257 257 257 258 258 258 257 262 263 264 265 265 265 266 265 266 266 266 267 267 267 267 267 267 267 268 268 268 268 268 268 268 268 268 268 268 269 269 269 269 270 270 270 270 270 270 270 270 271 271 271 271 271 271 271 271 271 271 271 217 218 218 218 218 218 218 218 218 218 218 218 218 218 218 219 219 219 219 219 219 219 219 219 219 219 219 220 219 219 219 220 220 220 221 221 220 220 220 220 221 221 221 221 221 222 221 222 222 222 222 222 222 222 222 222 222 222 222 222 223 223 223 223 223 223 223 223 223 224 224 224 224 224 224 224 224 224 224 224 225 225 225 225 225 225 225 225 225 225 225 226 226 226 226 226 226 226 226 226 226 226 226 227 227 227 227 227 227 227 227 227 227 227 228 228 228 228 228 228 228 228 228 228 228 229 229 229 229 229 229 229 229 230 230 230 230 230 230 230 230 230 230 230 230 230 230 231 231 231 231 231 232 232 232 232 232 232 232 232 233 233 233 233 233 233 233 233 233 234 234 234 234 234 234 234 234 235 235 235 235 235 236 235 236 236 236 236 236 236 237 237 237 237 237 237 237 238 238 238 238 238 238 239 239 239 239 239 239 240 240 240 240 241 241 241 241 241 241 242 242 242 242 242 242 243 243 243 243 243 243 243 244 244 244 244 244 244 244 245 245 245 245 245 245 245 245 246 246 246 246 246 246 247 247 247 247 247 247 248 248 248 248 248 248 248 248 248 249 249 249 249 249 249 249 249 249 250 250 250 250 250 250 251 251 251 251 251 251 251 251 252 252 253 252 252 253 253 254 254 254 254 254 254 254 254 255 255 255 255 255 255 255 256 256 256 255 256 256 256 257 257 256 256 257 258 258 258 257 257 257 258 258 259 258 257 263 264 265 265 265 266 266 265 266 266 267 267 267 267 267 267 267 267 268 268 268 268 268 268 268 268 269 268 268 269 269 269 270 270 270 270 270 270 270 270 270 270 271 271 271 271 271 271 272 272 272 272 272 272 218 218 218 218 218 218 218 218 218 218 218 218 218 218 218 218 219 219 219 219 219 219 219 219 219 219 219 219 220 220 220 220 220 220 220 220 221 221 221 220 221 221 221 221 221 221 222 221 222 222 222 222 222 222 222 222 222 223 223 223 223 223 223 223 223 223 223 223 224 224 224 224 224 224 224 224 224 224 225 225 225 225 225 225 225 225 225 225 226 226 226 226 226 226 226 226 226 226 226 226 226 226 227 227 227 227 227 227 227 227 227 227 227 227 228 228 228 228 228 228 228 228 228 228 228 228 229 229 229 229 229 229 229 230 230 230 230 230 230 230 230 230 230 231 231 230 230 231 231 231 231 231 232 232 232 232 232 232 232 232 232 233 232 233 233 233 233 233 234 234 234 234 234 234 234 234 234 235 235 235 235 235 235 235 236 236 236 236 236 236 236 237 237 237 237 237 237 238 238 238 238 238 238 239 239 239 239 239 239 240 240 240 240 240 241 241 241 241 241 242 242 242 242 242 242 243 243 243 243 243 243 243 244 244 244 244 244 244 244 244 245 245 245 245 245 245 245 246 246 246 246 246 246 247 247 247 247 247 247 247 248 248 248 248 249 248 248 248 249 249 249 249 249 249 249 249 249 250 250 250 250 250 251 251 251 251 251 251 251 252 252 252 252 252 252 252 253 253 253 253 253 253 253 254 254 254 255 255 255 255 255 256 256 256 256 256 256 256 257 256 256 257 257 257 256 257 258 258 258 258 258 258 258 258 258 259 259 258 263 264 265 265 265 265 265 265 266 266 266 267 267 267 267 267 267 267 267 267 268 268 268 268 268 268 268 268 268 269 269 269 269 270 270 270 270 270 270 271 271 271 271 271 271 271 271 272 272 272 272 272 272 272 272 272 218 218 218 218 218 218 219 219 219 219 219 219 219 219 219 219 219 219 219 219 219 219 219 219 219 219 219 219 220 220 220 220 220 220 220 220 221 221 221 221 221 221 221 221 222 222 222 222 222 222 222 222 222 222 222 223 223 223 223 223 223 223 223 223 223 223 224 224 224 224 224 224 224 224 224 224 225 225 225 225 225 225 225 225 225 225 226 226 226 226 226 226 226 226 226 226 226 226 226 227 227 227 227 227 227 227 227 227 228 228 228 228 228 228 228 228 228 228 228 229 229 229 229 229 229 229 229 229 229 229 229 230 230 230 230 230 230 230 230 231 231 231 231 231 231 230 231 231 231 231 231 231 231 232 232 232 232 232 232 232 232 232 232 232 232 233 233 233 233 233 234 234 234 234 234 234 234 235 235 235 235 235 235 235 235 235 236 236 236 236 236 236 237 237 237 237 238 238 238 238 238 238 238 239 239 239 239 239 239 240 240 240 240 240 241 241 241 241 241 242 242 242 242 242 242 243 243 243 243 243 243 244 244 244 244 244 244 244 244 244 245 245 245 245 245 245 246 246 246 246 246 247 247 247 247 247 247 247 248 248 248 248 248 249 249 249 249 249 249 249 250 250 250 250 250 250 250 250 250 250 250 251 251 251 251 251 252 252 252 252 253 252 252 253 253 252 253 253 253 254 254 254 254 254 254 255 255 255 255 255 255 256 256 256 257 257 257 257 257 257 257 257 257 257 256 257 258 258 258 258 258 258 258 258 259 259 258 257 263 263 264 264 265 265 265 265 265 266 266 266 267 267 267 267 267 267 267 267 267 267 268 268 268 268 268 268 268 268 268 269 269 269 270 270 270 270 270 270 271 271 271 271 271 271 271 271 272 272 272 272 272 272 272 272 272 272 272 217 218 218 218 218 218 218 219 219 219 219 219 219 219 219 219 219 219 219 219 219 220 220 220 220 220 220 220 220 220 220 220 220 220 220 220 221 221 221 221 221 221 221 221 221 221 221 222 222 222 222 222 222 222 222 222 223 223 223 223 223 223 223 223 223 223 224 224 224 224 224 224 224 224 224 224 224 225 225 225 225 225 225 225 225 225 225 225 226 226 226 226 226 226 226 226 226 226 226 227 227 227 227 227 227 227 227 227 227 228 228 228 228 228 228 228 228 228 228 228 229 229 229 229 229 229 229 229 229 229 229 229 229 230 230 230 230 230 230 230 230 231 231 231 231 231 231 231 231 231 231 231 231 231 231 232 232 232 232 232 232 232 232 232 232 232 233 233 233 233 233 233 233 234 234 234 234 234 234 234 235 235 235 235 235 235 235 236 236 236 236 236 236 237 237 237 237 238 238 238 238 238 238 238 239 239 239 239 239 239 240 240 240 240 240 240 240 241 241 241 241 242 242 242 242 242 242 243 243 243 243 243 243 244 244 244 244 244 244 244 244 244 244 245 245 245 245 245 245 246 246 246 247 247 247 247 247 247 247 248 248 248 248 248 248 248 249 249 249 249 249 249 250 250 250 250 250 250 250 250 250 250 250 251 251 251 251 251 251 252 252 252 252 253 253 253 253 253 252 253 252 253 253 254 254 254 254 254 255 255 255 255 255 256 255 256 256 257 257 257 257 257 257 257 258 257 257 257 257 257 258 259 259 258 258 258 259 259 259 258 258 262 263 264 264 264 265 265 265 265 266 266 266 266 267 267 267 267 267 267 267 267 267 267 267 267 268 268 268 268 268 268 269 269 269 269 269 270 270 270 270 270 270 271 271 271 271 271 271 271 272 272 272 272 272 272 272 272 272 272 272 272 218 218 218 218 218 219 219 219 219 219 219 219 219 219 219 219 219 219 219 220 220 220 220 220 220 220 220 220 220 221 221 221 221 221 221 221 221 221 221 221 221 221 221 222 222 222 222 222 222 222 222 222 222 222 223 223 223 223 223 223 223 223 223 223 224 223 224 224 224 224 224 224 224 224 224 225 225 225 225 225 225 225 225 225 225 225 226 226 226 226 226 226 226 226 226 226 227 227 227 227 227 227 227 227 227 227 227 228 228 228 228 228 228 228 228 228 228 228 228 229 229 229 229 229 229 229 229 229 229 230 230 230 230 230 230 230 230 230 230 230 231 231 231 231 231 231 231 231 231 231 231 231 231 232 232 232 232 232 232 232 232 232 233 233 233 233 233 233 233 234 234 234 234 234 234 234 234 234 234 235 235 235 235 235 235 235 236 236 236 236 236 237 237 237 237 237 237 238 238 238 238 238 239 239 239 239 239 239 239 240 240 240 240 240 240 240 241 241 241 241 242 242 242 242 242 242 243 243 243 243 243 243 244 244 244 244 244 244 244 245 245 245 245 245 245 246 246 246 246 246 246 246 247 247 247 247 247 247 248 248 248 248 248 248 248 249 249 249 249 250 250 250 250 250 250 250 250 250 250 250 250 251 251 251 251 251 251 251 251 252 252 252 252 253 253 253 253 253 252 252 252 253 254 254 254 254 255 255 255 255 255 255 255 255 256 256 257 257 256 257 257 257 257 257 258 258 258 258 257 258 258 259 259 259 259 259 259 258 258 259 258 258 262 263 263 264 264 265 265 265 265 266 266 266 266 266 267 267 267 267 267 267 267 267 267 267 267 267 268 268 268 268 268 268 269 269 270 270 270 270 270 270 270 270 270 270 271 271 271 271 271 271 272 272 272 272 272 272 272 272 272 272 272 273 272 218 218 219 219 219 219 219 219 219 219 219 219 219 219 219 219 219 219 220 220 220 220 220 220 220 220 220 220 220 221 221 221 221 221 221 221 221 221 221 221 222 222 222 222 222 222 222 222 222 222 222 223 223 223 223 223 223 223 223 223 223 223 224 224 224 224 224 224 224 224 224 224 224 225 225 225 225 225 225 225 225 225 225 226 226 226 226 226 226 226 226 226 226 227 227 227 227 227 227 227 227 227 227 227 228 228 228 228 228 228 228 228 228 228 228 228 229 229 229 229 229 229 229 229 229 229 229 229 230 230 230 230 230 230 230 230 230 231 231 231 231 231 231 231 231 231 232 231 231 231 231 232 232 232 232 232 232 233 233 233 233 233 233 233 233 233 233 234 234 234 234 234 234 234 234 234 235 235 235 235 235 235 236 235 236 236 236 236 236 237 237 237 237 237 238 238 238 238 238 239 239 239 239 239 239 239 239 240 240 240 240 241 241 241 241 241 241 241 242 242 242 242 242 242 243 243 243 243 243 243 244 244 244 244 244 244 244 245 245 245 245 245 245 246 246 246 246 246 246 246 247 247 247 247 247 247 248 248 248 248 248 248 248 249 249 249 249 249 250 250 250 250 250 250 250 251 251 251 251 251 251 251 251 251 251 251 251 252 252 252 252 252 253 253 253 253 253 252 253 253 254 254 255 255 255 255 255 255 255 255 255 255 255 256 256 257 257 256 257 257 257 257 257 258 258 258 258 258 258 258 259 259 259 259 259 258 258 258 259 259 258 262 263 263 264 264 264 265 265 265 266 266 266 266 266 266 267 267 267 267 267 268 268 268 268 268 268 268 268 268 268 268 268 269 269 269 270 270 270 270 270 270 270 270 270 270 271 271 271 271 271 271 272 272 272 272 272 272 272 272 272 273 273 273 273 218 219 219 219 219 219 219 219 219 219 219 219 220 219 219 219 219 220 220 220 220 220 220 220 220 220 221 221 221 221 221 221 221 221 221 221 221 221 221 222 222 222 222 222 222 222 222 222 222 223 223 223 223 223 223 223 223 223 223 224 224 224 224 224 224 224 224 224 224 224 224 224 225 225 225 225 225 225 225 225 225 225 225 226 226 226 226 226 226 226 227 227 227 227 227 227 227 227 227 227 227 227 228 228 228 228 228 228 228 228 228 228 228 228 228 229 229 229 229 229 229 229 229 230 230 230 229 230 230 230 230 230 230 231 231 231 231 231 231 231 231 231 231 231 232 232 232 231 231 232 232 232 232 232 232 232 232 233 233 233 233 233 233 233 233 233 233 234 234 234 234 234 234 235 235 235 235 235 235 235 235 235 236 236 236 236 236 237 237 237 237 237 238 238 238 238 238 239 239 239 239 239 239 239 240 240 240 240 240 240 241 241 241 241 241 241 241 242 242 242 242 242 242 243 243 243 243 243 243 244 244 244 244 244 244 244 245 245 245 245 245 245 245 246 246 246 246 246 246 246 247 247 247 247 247 248 248 248 248 248 248 248 249 249 249 249 249 249 250 250 250 250 250 251 251 251 251 251 251 251 251 251 251 251 251 251 251 252 252 252 252 252 253 253 253 253 253 252 253 253 254 254 255 255 255 255 255 255 255 255 255 255 256 256 256 257 257 257 257 257 257 258 257 258 258 258 259 259 259 259 259 260 260 260 259 259 259 258 258 259 259 259 263 263 264 264 264 265 265 265 266 266 266 267 267 266 266 267 267 267 267 267 267 268 268 268 268 268 268 268 268 268 268 268 269 269 269 270 270 270 270 270 270 270 271 271 272 272 272 272 272 272 272 273 273 273 273 273 273 218 218 218 219 219 219 219 219 219 219 219 219 219 220 220 220 220 220 220 220 220 220 220 220 220 220 220 221 221 221 221 221 221 221 221 221 221 222 222 221 222 222 222 222 222 222 222 222 222 222 223 223 223 223 223 223 223 223 223 223 224 224 224 224 224 224 224 224 224 225 225 225 225 225 225 225 225 225 225 225 225 226 226 226 226 226 226 226 226 226 226 227 227 227 227 227 227 227 227 227 227 227 227 228 228 228 228 228 228 228 228 228 228 228 228 229 229 229 229 229 229 229 229 229 230 230 230 230 230 230 230 230 230 230 231 231 231 231 231 231 231 231 231 231 231 232 232 232 232 232 232 232 232 232 232 232 232 232 233 233 233 233 233 234 234 233 234 233 234 234 234 234 234 234 234 235 235 235 235 235 235 236 236 236 236 236 236 236 237 237 237 237 237 237 238 238 238 238 238 239 239 239 239 239 239 240 240 240 240 240 240 241 241 241 241 241 241 241 241 242 242 242 242 242 243 243 243 243 243 243 244 244 244 244 244 244 244 245 245 245 245 245 245 245 246 246 246 246 246 247 247 246 247 247 247 247 248 248 248 248 248 248 249 249 249 249 249 249 249 250 250 250 250 250 250 251 251 251 251 251 251 251 251 251 251 251 251 252 252 252 252 252 253 253 253 253 253 253 253 253 253 253 254 254 254 254 254 255 255 255 255 255 255 256 256 256 257 257 257 257 257 257 257 257 258 258 258 258 259 259 259 259 259 259 259 260 260 260 259 259 259 259 259 259 259 262 263 263 264 265 265 265 265 266 266 266 266 267 267 266 266 267 267 267 267 267 267 267 268 268 268 268 268 268 268 268 268 269 269 269 269 270 270 270 270 270 270 272 272 272 272 272 272 272 273 273 273 273 273 273 218 218 218 219 219 219 219 219 219 219 219 220 220 220 220 220 220 220 220 220 220 220 220 220 220 221 221 221 221 221 221 221 221 221 221 221 222 222 222 222 222 222 222 222 222 223 223 223 223 223 223 223 223 223 224 224 224 223 224 224 224 224 224 224 224 224 224 225 225 225 225 225 225 225 225 225 225 225 226 226 226 226 226 226 226 226 226 226 226 227 227 227 227 227 227 227 227 227 227 227 227 228 228 228 228 228 228 228 228 228 228 228 228 229 229 229 229 229 229 229 229 229 229 230 230 230 230 230 230 230 230 230 230 231 231 231 231 231 231 231 231 231 231 231 232 232 232 232 232 232 232 232 232 232 232 232 233 233 233 233 233 233 233 234 234 234 234 234 234 234 234 234 234 234 235 235 235 235 235 235 236 236 236 236 236 236 236 237 237 237 237 237 238 238 238 238 238 238 238 239 239 239 239 239 239 240 240 240 240 240 240 241 241 241 241 241 241 241 242 242 242 242 242 243 243 243 243 243 243 244 244 244 244 244 244 245 245 245 245 245 245 245 245 245 246 246 246 246 246 247 247 247 247 247 247 248 248 248 248 248 248 249 249 249 249 249 249 250 250 250 250 250 250 250 251 251 251 251 251 252 252 252 252 251 252 252 252 252 252 252 252 252 252 252 252 253 253 253 253 253 253 254 254 254 254 254 254 255 255 255 255 256 256 256 256 256 257 257 257 257 257 257 257 257 258 258 258 258 259 259 259 259 260 259 259 259 259 260 260 260 260 260 260 260 260 260 260 263 263 264 265 265 265 265 266 266 266 267 266 266 267 267 267 267 267 267 267 267 267 267 268 268 268 268 268 268 268 268 268 269 269 269 269 270 270 270 270 270 270 272 272 272 272 272 273 273 273 273 217 218 218 218 218 218 218 218 219 219 219 219 219 219 220 220 220 220 220 220 220 220 220 220 220 220 220 220 220 221 221 221 221 221 221 221 221 221 222 221 221 222 222 222 222 222 222 222 222 222 223 223 223 223 223 223 223 223 224 224 224 224 224 224 224 224 224 224 224 224 225 225 225 225 225 225 225 225 225 225 225 226 226 226 226 226 226 226 226 226 226 226 226 227 227 227 227 227 227 227 227 227 227 228 228 228 228 228 228 228 228 228 228 228 228 228 229 229 229 229 229 229 229 229 229 229 230 230 230 230 230 230 230 230 230 230 230 231 231 231 231 231 231 231 231 231 231 232 232 232 232 232 232 232 232 232 232 232 232 233 233 233 233 233 233 233 234 234 234 234 234 234 234 234 234 234 234 234 234 235 235 235 235 235 235 235 236 236 236 236 236 236 236 237 237 237 237 238 238 238 238 238 238 238 239 239 239 239 239 239 240 240 240 240 240 240 240 241 241 241 241 241 241 242 242 242 242 242 242 243 243 243 243 243 244 244 244 244 244 244 245 245 245 245 245 245 245 246 246 245 246 246 246 246 247 247 247 247 247 247 247 248 248 248 248 248 249 249 249 249 249 249 250 250 250 250 250 250 250 251 251 251 251 251 251 252 252 252 252 252 252 252 252 252 252 252 252 252 252 253 253 253 253 253 253 253 253 254 254 254 254 254 255 255 256 256 256 256 256 256 257 257 257 257 257 257 257 257 257 258 258 258 258 259 259 259 259 259 260 259 259 259 259 259 260 260 260 260 260 260 260 260 260 260 263 264 264 264 264 265 265 266 266 266 266 267 266 266 267 267 267 267 267 267 267 267 267 267 268 268 268 268 268 268 268 268 269 269 269 269 270 270 270 270 270 270 272 272 272 272 218 218 218 218 218 218 219 219 219 219 219 219 219 219 219 220 220 220 220 220 220 220 221 221 221 221 221 221 221 221 221 221 221 221 221 221 221 221 222 222 222 222 222 222 222 222 222 222 222 222 223 223 223 223 223 223 223 223 224 224 224 224 224 224 224 224 224 225 225 225 225 225 225 225 225 225 225 225 225 225 226 226 226 226 226 226 226 226 226 226 226 226 227 227 227 227 227 227 227 227 227 228 228 228 228 228 228 228 228 228 228 228 228 229 229 229 229 229 229 229 229 229 229 229 229 230 230 230 230 230 230 230 230 231 231 231 231 231 231 231 231 231 231 231 232 232 232 232 232 232 232 232 232 233 233 232 232 232 233 233 233 233 233 233 233 233 233 234 234 234 234 234 234 234 234 234 235 235 235 235 235 235 235 235 235 236 236 236 236 237 237 237 237 237 237 238 238 238 238 238 238 238 239 239 239 239 239 239 240 240 240 240 240 240 240 241 241 241 241 241 241 241 242 242 242 242 242 242 243 243 243 243 243 244 244 244 244 244 244 245 245 245 245 245 245 245 246 246 246 246 246 246 246 247 247 247 247 247 247 247 248 248 248 248 248 249 249 249 249 249 249 249 249 249 250 250 250 250 250 251 251 251 251 251 252 252 252 252 252 252 252 253 253 253 253 252 252 253 253 253 253 253 253 254 254 254 254 254 254 255 255 255 255 255 256 256 256 256 256 256 256 257 257 257 257 257 257 258 258 258 258 258 259 259 259 259 259 260 260 259 259 259 259 259 260 260 260 260 261 260 260 260 260 260 262 263 264 264 264 265 265 266 266 266 266 266 266 266 267 267 267 267 267 266 267 267 267 267 267 268 268 268 268 268 268 268 268 269 269 269 270 270 270 270 270 270 270 218 218 218 218 218 218 219 218 218 219 219 220 220 220 220 220 220 220 220 220 220 221 221 221 221 221 221 221 221 221 221 221 221 221 221 221 221 222 222 222 222 222 222 222 222 222 222 222 222 223 223 223 223 223 223 223 223 223 224 224 224 224 224 224 224 224 224 225 225 225 225 225 225 225 225 225 225 225 226 226 226 226 226 226 226 226 226 226 226 226 226 227 227 227 227 227 227 227 227 227 228 228 228 228 228 228 228 228 228 228 228 228 229 229 229 229 229 229 229 229 229 229 229 230 230 230 230 230 230 230 230 230 231 231 231 231 231 231 231 231 231 231 232 232 232 232 232 232 232 232 232 233 233 233 233 232 232 233 233 233 233 233 233 233 233 233 233 234 234 234 234 234 234 234 234 235 235 235 235 235 235 235 235 235 236 236 236 236 236 237 237 237 237 237 238 238 238 238 238 238 238 239 239 239 239 239 239 240 240 240 240 240 240 241 241 241 241 241 241 241 241 242 242 242 242 242 242 242 243 243 243 243 244 244 244 244 244 244 245 245 245 245 245 245 245 246 246 246 246 246 246 246 246 247 247 247 247 247 247 247 248 248 248 248 249 249 249 249 249 249 249 250 250 250 250 250 250 250 251 251 251 251 251 251 252 252 252 252 252 252 253 253 253 253 253 253 253 253 253 253 253 253 254 254 255 254 254 254 254 255 255 255 255 255 256 256 256 256 256 256 257 257 257 257 257 258 258 258 259 259 259 259 259 259 259 260 260 260 259 259 259 260 260 260 260 260 261 261 261 260 261 260 260 260 263 264 264 264 265 265 266 266 266 266 266 266 266 267 267 267 267 267 267 267 267 267 267 267 267 268 268 268 268 268 268 268 268 269 269 269 270 270 270 270 270 271 271 218 218 218 218 219 219 219 219 219 219 219 220 220 220 220 220 220 220 220 221 221 221 221 221 221 221 221 221 221 221 221 221 221 221 221 221 221 222 222 222 222 222 222 222 222 222 222 223 223 223 223 223 223 223 223 223 224 224 224 224 224 224 224 224 224 224 225 225 225 225 225 225 225 225 225 225 225 225 226 226 226 226 226 226 226 226 226 226 226 226 226 227 227 227 227 227 227 228 228 228 228 228 228 228 228 228 228 228 228 229 229 229 229 229 229 229 229 229 229 229 229 229 230 230 230 230 230 230 230 230 230 231 231 231 231 231 231 231 231 231 232 232 232 232 232 232 232 232 232 233 233 233 233 233 233 233 233 233 233 233 233 233 233 233 233 234 234 234 234 234 234 234 235 234 234 235 235 235 235 235 235 235 235 236 236 236 236 236 236 237 237 237 237 237 238 238 238 238 238 238 239 239 239 239 239 240 240 240 240 240 240 240 241 241 241 241 241 241 241 241 242 242 242 242 242 242 243 243 243 243 243 244 244 244 244 244 244 245 245 245 245 245 245 245 246 246 246 246 246 246 246 246 247 247 247 247 248 248 248 248 248 248 248 249 249 249 249 249 249 249 250 250 250 250 250 251 251 250 250 251 251 251 251 251 252 252 252 252 252 253 253 253 253 253 253 253 253 253 253 253 253 254 254 254 255 254 254 254 254 255 255 255 255 256 256 256 256 256 256 256 257 257 257 257 257 258 258 258 259 259 259 259 259 259 260 260 260 260 259 259 260 260 260 260 260 260 261 261 261 261 261 261 260 260 261 261 262 263 263 264 264 265 265 266 266 266 266 266 267 267 267 267 267 267 267 267 267 267 268 267 267 267 267 268 268 268 268 268 268 269 269 269 270 270 270 270 270 270 271 271 218 218 219 219 220 220 220 220 219 219 220 220 220 220 220 220 220 221 221 221 221 221 221 221 221 221 221 221 221 221 222 221 221 222 222 222 222 222 222 222 222 222 222 223 223 223 223 223 223 223 224 224 223 223 223 224 224 224 224 224 224 224 224 224 224 225 225 225 225 225 225 225 225 225 226 226 226 226 226 226 226 226 226 226 226 226 226 226 227 227 227 227 227 227 227 227 228 228 228 228 228 228 228 228 228 228 229 229 229 229 229 229 229 229 229 229 229 229 229 230 230 230 230 230 230 230 230 230 231 231 231 231 231 231 231 231 231 232 232 232 232 232 232 232 232 232 232 233 233 233 233 233 233 233 233 233 233 233 233 234 234 234 234 234 234 234 234 234 234 235 235 235 235 235 234 235 235 235 235 235 236 236 236 236 236 236 236 237 237 237 237 237 237 238 238 238 238 239 239 239 239 239 239 240 240 240 240 240 240 240 241 241 241 241 241 241 241 241 242 242 242 242 242 242 243 243 243 243 243 243 244 244 244 244 244 245 245 245 245 245 245 245 246 246 246 246 246 246 246 246 247 247 247 247 247 248 248 248 248 248 248 248 249 249 249 249 249 249 249 250 250 250 250 251 251 251 250 250 251 251 251 252 252 252 252 252 252 252 253 253 253 253 254 254 254 253 253 253 253 253 254 254 254 255 254 254 255 255 255 256 256 256 256 256 256 256 256 256 256 257 257 257 257 257 258 258 258 259 259 259 259 259 259 259 260 260 260 260 260 260 260 261 260 260 260 261 261 261 262 262 262 262 261 261 261 261 261 262 263 263 264 264 264 265 266 266 266 266 266 267 267 267 267 267 268 267 267 268 268 268 268 268 268 268 268 268 268 268 268 268 269 269 269 269 270 270 270 270 270 270 270 218 218 218 219 219 220 221 220 220 220 220 220 220 220 221 221 220 221 221 221 221 221 221 221 221 221 221 221 221 222 222 222 222 222 222 222 222 222 222 222 223 223 223 223 223 223 223 223 223 224 224 224 224 224 224 224 224 224 224 224 225 225 225 225 225 225 225 225 225 225 225 225 225 225 226 226 226 226 226 226 226 226 226 226 226 226 227 227 227 227 227 227 227 227 227 228 228 228 228 228 228 228 228 228 228 229 229 229 229 229 229 229 229 229 229 229 229 230 230 230 230 230 230 230 230 231 231 231 231 231 231 231 231 231 231 231 232 232 232 232 232 232 232 232 232 232 233 233 233 233 233 233 233 234 233 233 233 233 234 234 234 234 234 234 234 234 235 235 235 235 235 235 235 235 235 235 235 235 235 235 236 236 236 236 236 237 237 237 237 237 238 237 238 238 238 238 238 239 239 239 239 239 239 240 240 240 240 240 240 241 241 241 241 241 241 242 242 242 242 242 242 243 243 243 243 243 243 243 243 243 244 244 244 244 245 245 245 245 245 245 246 246 246 246 246 246 246 246 246 246 247 247 247 247 248 248 248 248 248 248 248 249 249 249 249 249 249 250 250 250 250 250 250 251 251 251 251 251 251 251 251 252 252 252 252 252 253 253 253 253 253 254 254 254 254 254 253 254 254 254 254 255 254 254 254 254 255 255 255 256 256 256 256 256 256 256 256 256 256 257 257 257 257 257 257 258 258 258 258 259 259 259 259 260 260 260 260 260 260 261 261 261 261 260 261 261 261 261 261 262 262 262 262 262 261 261 261 262 263 263 263 264 264 265 265 265 266 266 266 267 267 267 267 267 267 267 268 268 268 268 268 268 268 268 268 268 268 268 268 268 268 268 269 269 270 270 270 270 270 270 218 218 218 219 220 220 221 221 221 220 220 220 221 221 221 221 221 221 221 221 221 222 222 222 222 222 221 222 222 222 222 222 222 222 222 222 222 222 222 223 223 223 223 223 223 223 223 223 224 224 224 224 224 224 224 224 224 224 224 225 225 225 225 225 225 225 225 225 225 225 225 225 225 225 226 226 226 226 226 226 226 226 226 226 227 227 227 227 227 228 228 228 228 228 228 228 228 228 228 228 228 229 229 229 229 229 229 229 229 229 229 229 229 229 229 230 230 230 230 230 230 230 230 231 231 231 231 231 231 231 231 231 231 231 232 232 232 232 232 232 232 232 232 232 233 233 233 233 233 233 233 234 234 233 233 234 234 234 234 234 234 234 234 234 235 235 235 235 235 235 235 236 236 235 235 235 235 236 236 236 236 236 236 237 237 237 237 237 237 238 238 238 238 238 238 239 239 239 239 239 239 240 240 240 240 240 241 241 241 241 241 241 241 242 242 242 242 242 242 243 243 243 243 243 243 243 243 243 244 244 244 244 245 245 245 245 245 245 246 246 246 246 246 246 246 247 247 247 247 247 247 247 248 248 248 248 248 248 248 248 249 249 249 249 249 249 250 250 250 250 250 251 251 251 251 251 251 251 251 252 252 252 252 252 252 253 253 253 253 254 254 254 254 254 254 254 254 254 254 255 255 255 255 254 255 255 255 255 255 256 256 256 256 256 256 256 257 257 257 258 258 258 257 258 258 259 258 259 259 259 259 260 260 260 260 261 261 261 261 261 261 261 261 261 262 261 261 261 261 262 262 262 262 262 262 262 262 262 262 262 262 262 263 263 263 263 264 264 264 265 266 266 266 266 266 267 267 267 267 267 267 267 268 268 268 268 268 268 268 268 268 268 268 268 268 268 268 269 218 218 218 219 219 220 220 221 221 221 220 221 221 222 221 221 221 221 221 221 221 222 222 222 222 222 222 222 222 222 222 222 223 223 222 222 222 222 222 223 223 223 223 223 223 223 223 223 224 224 224 224 224 224 224 224 224 224 224 225 225 225 225 225 225 225 225 225 225 225 225 225 225 225 225 226 226 226 226 226 226 226 226 227 227 227 227 228 228 228 228 228 228 228 228 228 228 228 229 229 229 229 229 229 229 229 229 229 229 229 229 229 229 230 230 230 230 230 230 230 231 231 231 231 231 231 231 231 231 231 231 231 231 232 232 232 232 232 232 232 232 233 233 233 233 233 233 233 233 234 234 234 234 233 234 234 234 234 234 234 234 234 235 235 235 235 235 235 235 235 236 236 235 236 236 236 236 236 236 236 236 236 236 237 237 237 237 237 238 238 238 238 238 238 239 239 239 239 239 239 239 240 240 240 240 241 241 241 241 241 241 242 242 242 242 242 242 242 243 243 243 243 243 243 243 244 244 244 244 244 244 245 245 245 245 245 245 246 246 246 246 246 246 246 247 247 247 247 247 247 247 248 248 248 248 248 248 248 248 249 249 249 249 249 249 250 250 250 250 251 251 251 251 251 251 252 251 251 252 252 252 252 252 252 253 253 253 253 254 254 254 254 254 254 254 254 254 254 255 255 255 255 255 254 255 255 255 255 256 256 256 256 256 256 256 257 257 257 257 257 258 258 258 257 258 259 259 259 260 259 259 260 260 260 261 261 261 261 261 261 262 262 262 262 262 262 262 261 262 262 262 262 262 262 261 262 262 262 262 262 263 263 263 263 263 264 264 264 265 265 265 266 266 266 266 267 267 267 267 267 267 268 268 268 268 268 268 268 268 268 268 268 268 268 268 268 269 269 219 219 219 220 220 220 220 220 220 221 221 221 221 221 222 222 221 221 221 222 222 222 222 222 222 222 222 223 222 222 223 223 223 223 223 223 223 223 223 223 223 223 223 223 224 224 224 224 224 224 224 224 224 225 225 225 224 224 224 225 225 225 225 225 226 226 226 226 226 226 226 226 226 226 226 226 226 226 226 226 226 227 227 227 228 228 228 228 228 228 228 228 228 228 228 229 229 229 229 229 229 229 229 229 229 229 229 229 229 229 229 229 230 230 230 230 230 230 231 231 231 231 231 231 231 231 231 231 231 232 232 231 232 232 232 232 232 232 233 233 233 233 233 233 233 233 233 233 234 234 234 234 234 233 234 234 234 234 234 234 235 235 235 235 235 235 235 235 235 235 236 235 235 236 236 236 236 236 236 236 237 237 237 237 237 237 237 238 238 238 238 238 239 239 239 239 239 239 239 239 240 240 240 240 241 241 241 241 241 241 242 242 242 242 242 242 242 242 243 243 243 243 243 244 244 244 244 244 244 244 244 245 245 245 245 245 246 246 246 246 246 246 246 247 247 247 247 247 247 247 247 248 248 248 248 248 249 249 249 249 249 249 249 249 250 250 250 250 251 251 251 251 251 251 252 252 252 252 252 252 252 252 252 253 253 253 253 253 254 254 254 254 254 254 254 254 255 255 255 255 255 255 255 255 255 255 255 255 255 256 256 256 256 256 256 257 257 258 258 258 258 259 259 258 258 258 258 259 260 260 260 260 260 261 261 261 261 261 261 261 262 262 262 262 263 263 262 262 262 262 262 262 262 262 262 262 262 262 262 263 263 263 263 263 263 264 264 264 265 265 266 266 266 266 266 266 267 267 267 267 268 268 268 268 268 268 268 268 268 269 268 268 268 268 268 269 269 269 269 219 219 219 220 220 220 220 220 220 221 221 221 221 221 222 222 222 222 222 222 222 222 223 223 223 223 223 223 222 223 223 223 223 223 223 223 223 223 223 223 223 223 223 223 224 224 224 224 224 224 224 224 224 225 225 225 225 225 225 225 225 225 225 226 226 226 226 226 226 226 226 226 226 227 227 226 227 227 227 227 227 227 228 228 228 228 228 228 228 228 228 228 228 228 229 229 229 229 229 229 229 229 229 229 229 229 229 229 229 230 230 230 230 230 230 231 231 231 231 231 231 231 231 231 231 231 232 232 232 232 232 232 232 232 232 232 232 232 233 233 233 233 233 233 233 233 233 233 234 234 234 234 234 233 234 234 234 234 234 235 235 235 235 235 235 235 235 235 235 236 236 236 236 236 236 236 236 236 237 237 237 237 237 237 237 237 238 238 238 238 238 239 239 239 239 239 239 239 239 240 240 240 240 240 241 241 241 241 241 241 242 242 242 242 242 242 242 243 243 243 243 243 244 244 244 244 244 244 244 244 244 245 245 245 245 246 246 246 246 246 246 246 247 247 247 247 247 247 247 247 247 248 248 249 249 249 249 249 249 249 249 249 250 250 250 250 250 250 251 251 251 251 251 251 252 252 252 252 252 252 252 252 253 253 253 253 253 253 253 254 254 254 254 254 255 255 255 255 255 255 255 255 255 255 255 255 255 255 256 256 256 256 256 257 257 257 257 258 258 258 258 259 259 258 258 258 258 259 259 260 260 260 261 261 261 261 261 261 261 262 262 262 262 262 262 263 262 262 262 262 262 262 262 262 263 263 262 263 263 263 263 264 263 263 263 264 264 265 265 266 266 266 266 266 266 266 267 267 267 267 268 268 268 268 268 268 268 268 269 269 269 268 268 268 269 269 269 269 269 219 219 220 220 220 220 220 221 221 221 221 222 222 222 222 222 222 222 222 222 222 222 223 223 223 223 223 223 223 223 223 223 223 223 223 223 223 223 223 223 223 224 224 224 224 224 224 224 224 224 224 225 225 225 225 225 225 225 225 225 225 226 226 226 226 226 226 227 227 227 227 227 227 227 227 227 227 227 227 227 228 228 228 228 228 228 228 228 228 228 228 228 229 229 229 229 229 229 229 229 229 230 229 229 229 229 230 230 230 230 230 230 230 231 231 231 231 231 231 231 231 231 231 232 232 232 232 232 232 232 232 232 232 233 233 233 233 233 233 233 232 232 233 233 233 234 234 234 234 234 234 234 234 234 234 234 234 235 235 235 235 235 235 235 235 235 235 236 236 236 236 236 236 236 236 236 237 237 237 237 237 237 237 237 238 238 238 238 238 238 239 239 239 239 239 240 240 240 240 240 240 240 240 241 241 241 241 242 242 242 242 242 242 242 242 243 243 243 243 243 243 244 244 244 244 244 244 244 244 245 245 245 245 246 246 246 246 246 246 246 247 247 247 247 247 247 247 247 248 248 248 248 248 249 249 249 249 249 249 249 249 250 250 250 250 250 250 251 251 251 251 252 252 252 252 252 252 252 252 252 253 253 253 253 253 253 253 253 254 254 254 255 255 255 255 255 255 255 255 256 256 256 255 256 256 256 256 256 256 256 256 257 257 257 257 257 258 258 258 258 259 259 259 258 258 259 259 260 260 260 260 261 261 261 261 261 261 262 262 262 262 262 262 262 263 262 262 262 262 262 262 263 263 263 263 263 263 263 263 263 264 263 263 264 264 265 265 265 266 266 266 266 266 266 267 267 267 267 267 267 268 268 268 268 268 268 268 268 269 269 269 269 269 269 269 269 269 269 269 220 220 220 220 220 221 221 221 221 221 221 221 222 222 223 223 223 223 222 222 222 223 223 223 223 223 223 223 223 224 223 223 223 223 223 223 223 224 224 224 224 224 224 224 224 224 224 224 225 225 225 225 225 225 225 225 225 225 225 225 225 226 226 226 226 226 227 227 227 227 227 227 227 227 227 228 228 228 228 228 228 228 228 228 228 228 228 228 228 228 229 229 229 229 229 229 229 229 229 229 230 230 230 230 230 230 230 230 230 230 230 231 231 231 231 231 231 231 231 231 231 231 232 232 232 232 232 232 232 232 232 233 233 233 233 233 233 233 233 233 233 233 233 233 234 234 234 234 234 234 234 234 234 234 234 234 234 235 235 235 235 235 235 235 235 235 235 236 236 236 236 236 236 236 237 237 237 237 237 237 237 238 238 238 238 238 238 238 239 239 239 239 239 239 240 240 240 240 240 240 240 240 241 241 241 241 242 242 242 242 242 242 242 243 243 243 243 243 243 244 244 244 244 244 244 244 244 244 244 245 245 245 246 246 246 246 246 246 247 247 247 247 247 247 247 247 247 247 248 248 248 249 249 249 249 249 249 249 249 249 250 250 250 250 250 250 251 251 251 251 251 252 252 252 252 252 252 252 252 253 253 253 253 253 253 253 253 254 254 254 255 255 255 255 256 255 255 255 255 256 256 256 256 256 256 256 256 257 256 256 257 257 258 257 257 257 258 258 258 258 258 259 259 259 258 258 259 259 260 260 260 261 260 260 261 261 261 262 262 262 262 262 262 262 263 263 263 263 263 262 263 263 263 263 263 263 263 264 263 263 263 264 264 264 264 265 265 266 266 266 267 267 267 267 267 267 267 267 267 267 267 268 268 268 268 268 268 268 268 269 269 269 269 269 269 269 269 269 269 270 220 220 221 221 221 221 221 221 222 221 222 222 222 222 223 223 223 223 223 222 222 223 223 223 223 223 223 223 223 224 224 224 223 223 223 223 223 224 224 224 224 224 224 224 224 225 224 225 225 225 225 225 225 225 226 226 226 226 225 225 226 226 226 226 226 227 227 227 227 227 227 227 227 227 227 227 228 228 228 228 228 228 228 228 228 228 228 229 229 229 229 229 229 229 229 229 229 229 229 230 230 230 230 230 230 230 230 230 230 230 231 231 231 231 231 231 231 231 231 231 232 232 232 232 232 232 232 232 232 232 233 233 233 233 233 233 233 233 233 233 233 233 233 234 234 234 234 234 234 234 234 235 234 234 234 234 235 235 235 235 235 235 235 235 235 236 236 236 236 236 236 236 236 237 237 237 237 237 237 238 238 238 238 238 238 238 238 238 239 239 239 239 239 240 240 240 240 240 240 241 241 241 241 241 241 242 242 242 242 242 242 242 243 243 243 243 243 243 244 244 244 244 244 244 245 245 245 245 245 245 245 245 246 246 246 246 246 247 247 247 247 247 247 247 248 248 247 248 248 248 248 249 249 249 249 249 249 249 249 250 250 250 250 250 250 251 251 251 251 251 251 252 252 252 252 252 252 252 252 253 253 253 253 253 253 254 254 254 254 255 255 255 255 255 256 256 256 255 256 256 256 257 256 256 256 256 256 257 256 257 257 257 258 258 258 257 258 258 259 258 258 259 259 259 258 258 259 259 260 260 260 261 261 260 260 261 261 262 262 262 262 262 262 263 263 263 263 263 263 263 263 263 263 264 264 264 264 264 264 264 264 264 264 264 265 265 265 266 266 266 267 267 267 267 267 267 267 267 267 267 267 268 268 268 268 268 268 268 268 269 269 269 269 269 269 269 269 269 270 270 270 220 220 220 221 221 221 221 221 221 222 222 222 222 222 222 222 223 223 223 223 223 223 223 224 223 223 223 223 224 224 224 224 224 224 224 224 223 224 224 224 224 224 224 225 224 225 225 225 225 225 225 225 225 225 226 226 226 226 226 226 226 226 226 226 226 227 227 227 227 227 227 227 228 228 228 228 228 228 228 228 228 228 228 228 228 228 228 229 229 229 229 229 229 229 229 229 230 230 230 230 230 230 230 230 230 230 230 230 230 231 231 231 231 231 231 231 231 231 231 232 232 232 232 232 232 232 232 232 232 232 233 233 233 233 233 233 233 233 233 233 233 233 234 234 234 234 234 234 234 234 235 235 235 234 234 234 234 234 235 235 235 235 235 235 236 236 236 236 236 236 236 236 236 237 237 237 237 237 237 238 238 238 238 238 238 238 238 239 239 239 239 239 239 239 240 240 240 240 240 241 241 241 241 241 241 241 242 242 242 242 242 243 243 243 243 243 243 243 243 244 244 244 244 244 245 245 245 245 245 245 245 245 246 246 246 246 246 247 247 247 247 247 247 247 248 248 248 248 248 248 248 249 249 249 249 249 249 249 249 250 250 250 250 250 250 250 251 251 251 251 251 251 252 252 252 252 252 253 253 253 253 253 253 253 254 254 254 254 254 254 254 255 255 255 256 256 256 256 256 256 256 256 257 256 256 256 256 256 257 257 257 257 257 258 258 258 258 258 258 259 259 259 259 259 259 258 258 259 259 260 260 261 261 260 260 261 262 261 262 262 262 262 262 262 263 263 263 264 263 264 264 264 264 263 263 263 264 264 264 264 264 264 264 264 264 265 265 265 265 266 266 267 267 267 267 267 267 267 267 267 267 267 268 268 268 268 268 268 268 269 269 269 269 269 269 269 269 269 270 270 270 270 270 219 220 220 220 220 221 221 221 221 221 221 221 222 222 222 222 223 223 223 223 223 223 223 223 223 224 224 224 224 224 224 224 224 224 224 224 224 224 224 224 224 224 224 224 225 225 225 225 225 225 225 225 225 225 225 225 226 226 226 226 226 226 226 226 226 227 227 227 227 227 227 227 227 228 228 228 228 228 228 228 228 228 228 228 228 228 228 228 228 228 229 229 229 229 229 229 229 229 230 230 230 230 230 230 230 230 230 230 230 231 231 231 231 231 231 231 231 231 231 232 232 232 232 232 232 232 232 232 232 233 233 233 233 233 233 233 233 233 233 233 233 233 233 234 234 234 234 234 234 234 234 234 235 235 235 234 234 234 235 235 235 235 235 235 235 236 236 236 236 236 236 236 236 237 237 237 237 237 237 237 238 238 238 238 238 238 238 239 239 239 239 239 239 239 239 240 240 240 240 240 240 241 241 241 241 241 241 241 242 242 242 242 242 243 243 243 243 243 243 243 244 244 244 244 245 245 245 245 245 245 245 245 245 245 246 246 246 246 247 247 247 247 247 247 247 248 248 248 248 248 248 248 248 249 249 249 249 249 249 249 250 250 250 250 250 250 250 250 251 251 251 251 251 252 252 252 252 252 253 253 253 253 253 253 253 254 254 254 254 254 254 255 255 255 255 255 256 256 256 256 256 256 256 256 256 256 256 256 256 257 257 257 257 257 257 258 258 258 258 258 258 258 259 259 260 260 260 260 259 259 259 260 260 261 260 260 261 261 262 262 261 262 262 262 262 263 263 263 263 264 264 263 264 264 264 264 264 264 263 264 264 264 264 264 264 264 265 265 265 265 266 266 267 267 267 267 267 267 268 268 268 268 268 268 268 268 269 268 268 268 268 269 269 269 269 269 269 269 269 269 270 270 270 270 270 219 220 220 220 220 220 220 221 221 221 222 222 222 222 222 222 222 222 223 223 224 223 224 224 223 223 223 224 224 224 224 224 224 224 224 224 224 224 224 224 224 224 224 224 224 224 225 225 225 225 225 225 225 225 225 225 225 226 226 226 226 226 226 227 227 227 227 227 227 227 227 228 228 228 228 228 228 228 228 228 228 228 228 228 228 228 228 228 229 229 229 229 229 229 229 229 229 229 230 230 230 230 230 230 230 230 230 230 230 230 231 231 231 231 231 231 231 231 231 232 232 232 232 232 232 232 232 232 233 233 233 233 233 233 233 233 233 233 233 234 234 234 234 234 234 234 234 234 234 234 234 234 234 235 235 235 235 235 235 235 235 235 235 235 235 235 236 236 236 236 236 236 237 237 237 237 237 237 237 237 238 238 238 238 238 238 238 238 239 239 239 239 239 239 239 239 240 240 240 240 240 240 241 241 241 241 241 241 242 242 242 242 242 243 243 243 243 243 243 243 243 243 244 244 244 244 245 245 245 245 245 245 245 245 245 245 246 246 246 247 247 247 247 247 247 247 248 248 248 248 248 248 248 248 249 249 249 249 249 249 249 249 250 250 250 250 251 251 251 251 251 251 251 251 252 252 252 252 252 252 253 253 253 253 253 253 254 254 254 254 254 254 254 254 255 255 255 255 256 256 256 256 256 256 256 256 257 256 257 257 256 257 257 257 257 257 257 257 258 258 258 258 259 259 259 259 260 260 260 260 259 259 260 260 260 261 260 261 262 262 262 262 262 262 262 262 262 263 263 263 264 263 263 263 264 264 264 264 264 264 264 264 264 264 264 264 264 264 264 265 265 265 266 266 267 267 267 267 267 267 268 268 268 268 268 268 268 268 269 269 269 268 269 269 269 269 269 269 270 270 270 270 270 270 270 270 270 220 220 220 220 220 220 220 221 221 221 222 222 222 222 222 222 223 223 223 224 224 223 223 224 224 224 224 224 224 224 224 224 224 224 224 224 224 224 224 224 224 224 225 225 225 225 225 225 225 225 225 225 225 225 225 225 226 226 226 226 226 226 227 227 227 227 227 227 227 228 228 228 228 228 228 228 228 228 228 228 228 228 228 228 228 229 229 229 229 229 229 229 229 229 229 229 230 230 230 230 230 230 230 230 230 230 230 230 230 231 231 231 231 231 231 231 231 231 232 232 232 232 232 232 232 232 233 233 233 233 233 233 233 233 233 233 233 233 234 234 234 234 234 234 234 234 235 235 235 235 235 235 235 235 235 235 235 235 235 235 235 235 235 235 236 235 236 236 236 236 236 236 237 237 237 237 237 237 238 238 238 238 238 238 238 238 239 239 239 239 239 239 239 239 240 240 240 240 240 240 240 241 241 241 241 241 241 242 242 242 242 242 242 243 243 243 243 243 243 243 244 244 244 244 244 244 245 245 245 245 245 245 245 246 245 246 246 246 246 247 247 247 247 247 247 248 248 248 248 248 248 248 248 248 249 249 249 249 250 250 250 250 250 250 250 251 251 251 251 251 251 251 251 252 252 252 252 252 252 252 253 253 253 253 253 253 254 254 254 254 254 254 255 255 255 255 255 256 256 256 256 256 256 257 257 256 257 257 256 256 256 257 257 257 257 258 258 258 257 258 259 259 259 259 259 259 260 260 260 260 260 260 260 260 260 261 261 261 262 262 262 262 262 262 262 262 262 263 263 264 263 263 264 263 263 264 264 264 264 264 264 264 264 265 265 265 264 264 264 265 266 266 266 267 267 267 267 267 267 267 267 268 268 268 268 268 268 268 268 269 269 269 269 269 269 269 269 270 270 270 270 270 270 270 270 271 270 271 220 220 221 221 220 221 221 222 221 221 222 222 222 222 223 223 223 224 224 224 224 223 223 223 223 223 224 224 224 224 224 224 224 224 225 225 224 224 224 225 225 225 225 225 225 225 225 225 225 225 225 226 226 225 226 226 226 226 226 226 226 226 227 227 227 227 227 227 227 228 228 228 228 228 228 228 228 228 229 229 229 229 229 229 229 229 229 229 229 229 229 229 229 230 230 230 230 230 230 230 230 230 230 230 230 231 231 231 231 231 231 231 231 231 231 231 231 232 232 232 232 232 232 232 233 233 233 233 233 233 233 233 233 233 233 233 233 234 234 234 234 234 234 234 235 235 235 235 235 235 235 235 235 235 235 235 235 235 235 235 236 236 236 236 236 236 236 236 236 236 236 237 237 237 237 237 237 238 238 238 238 238 238 238 238 239 239 239 239 239 239 239 240 240 240 240 240 240 240 240 241 241 241 241 241 241 241 242 242 242 242 242 243 243 243 243 243 243 244 244 244 244 244 244 244 245 245 245 245 245 245 246 246 246 246 246 246 246 247 247 247 247 247 248 248 248 248 248 248 248 249 249 248 249 249 249 249 249 250 250 250 250 250 250 250 250 251 251 251 251 251 251 251 252 252 252 252 252 253 253 253 253 254 254 254 254 254 254 254 254 254 254 255 255 255 255 255 256 256 256 256 256 257 257 257 256 257 257 257 257 257 256 257 257 258 258 258 258 257 258 259 259 259 259 259 259 260 260 260 261 261 261 261 260 260 260 261 262 262 262 262 262 263 263 262 262 263 263 263 263 263 263 264 264 264 264 264 265 265 264 264 264 264 264 265 265 264 264 264 265 265 265 266 266 267 267 267 267 267 267 267 267 268 268 268 268 268 268 268 268 269 269 269 269 269 269 270 270 270 270 270 270 270 270 270 271 271 271 220 220 220 221 221 221 221 222 222 222 222 223 223 222 223 223 223 223 224 224 224 224 223 223 223 223 223 224 224 224 224 224 224 224 224 224 224 224 225 225 225 225 225 225 225 225 225 225 225 226 226 226 226 226 226 226 226 226 226 226 226 226 227 227 227 227 227 227 227 228 228 228 228 228 229 229 228 229 229 229 229 229 229 229 229 229 229 229 229 229 229 230 230 230 230 230 230 230 230 231 231 231 231 231 231 231 231 231 231 231 231 232 232 232 232 232 231 231 232 232 232 232 232 232 233 233 233 233 233 233 233 233 233 233 233 233 233 234 234 234 234 234 234 234 235 235 235 235 235 235 235 235 235 235 235 235 236 236 235 235 235 236 236 236 236 236 236 236 236 237 237 237 237 237 237 237 238 238 238 238 238 238 238 238 238 239 239 239 239 239 239 240 240 240 240 240 240 240 240 241 241 241 241 241 241 241 241 242 242 242 242 242 243 243 243 243 243 243 244 244 244 244 244 244 244 244 245 245 245 245 245 245 246 246 246 246 246 246 247 247 247 247 247 248 248 248 248 248 248 248 249 249 249 249 249 249 249 249 250 250 250 250 250 250 250 251 251 251 251 251 252 252 252 252 252 252 252 252 253 253 253 253 253 254 254 254 254 254 254 254 254 255 255 255 255 255 255 256 256 256 256 256 256 257 257 256 257 257 257 257 257 257 257 257 258 258 258 258 258 258 258 259 259 260 260 260 260 260 260 260 260 261 261 261 261 261 261 261 261 262 262 262 262 263 263 262 262 263 263 263 263 263 263 263 264 264 264 264 264 265 265 265 265 265 265 265 265 265 264 264 265 265 265 266 266 267 267 267 267 267 267 268 268 268 268 268 268 269 269 269 269 269 269 269 269 269 270 270 270 270 270 270 270 270 270 270 270 271 271 220 220 221 221 222 222 223 223 223 223 223 223 223 223 223 223 224 224 224 224 224 224 223 224 224 224 224 224 224 224 224 224 224 224 224 225 225 225 225 225 225 225 225 226 226 225 226 226 226 226 226 226 226 226 226 226 226 227 226 226 227 227 227 227 227 227 227 228 228 228 228 228 229 229 229 229 229 229 229 229 229 229 229 229 230 230 230 230 230 230 230 230 230 230 230 230 230 231 231 231 231 231 231 231 231 231 231 231 232 232 232 232 232 232 232 232 232 232 232 232 232 233 233 233 233 233 233 233 233 233 233 234 234 234 234 234 234 234 234 234 234 234 235 235 235 235 235 235 235 235 236 236 236 236 236 236 235 236 236 236 236 236 236 237 237 237 237 237 237 237 237 237 237 237 237 238 238 238 238 238 238 238 239 239 239 239 239 239 240 240 240 240 240 240 240 241 241 241 241 241 241 241 241 241 242 242 242 242 242 243 243 243 243 243 243 244 244 244 244 244 244 244 244 245 245 245 245 245 245 246 246 246 246 246 246 247 247 247 247 247 248 248 248 248 248 248 248 249 249 249 249 249 249 249 249 250 250 250 250 250 251 250 250 251 251 251 251 251 252 252 252 252 252 252 252 253 253 253 253 253 253 254 254 254 254 254 254 254 254 255 255 256 256 255 255 256 256 256 257 257 257 258 258 257 257 257 257 257 257 257 257 258 258 258 258 258 258 258 258 259 259 260 260 260 261 260 260 260 260 261 260 261 261 261 261 261 262 262 262 262 262 263 263 263 262 263 263 263 263 263 263 263 264 264 264 265 264 265 265 265 265 265 265 265 265 265 265 264 265 266 266 266 266 267 267 267 268 268 268 268 268 268 268 268 268 269 269 269 269 269 269 269 269 270 270 270 270 270 270 270 270 270 270 270 271 271 271 271 220 221 221 221 221 222 222 222 223 223 223 223 223 223 223 223 223 224 224 224 224 224 224 224 224 224 224 224 224 224 224 224 224 225 225 225 226 226 225 225 225 225 225 225 226 226 226 226 226 226 226 226 226 226 226 226 226 226 227 227 227 227 227 227 227 227 227 228 228 228 228 228 228 229 229 229 229 229 229 229 229 229 230 230 230 230 230 230 230 230 230 230 230 230 230 230 230 231 231 231 231 231 231 231 231 231 232 232 232 232 232 232 232 232 232 232 232 232 232 232 233 233 233 233 233 233 233 233 233 233 233 234 234 234 234 234 234 234 235 234 235 235 235 235 235 236 235 235 235 235 236 236 236 236 236 236 236 236 236 236 236 236 236 236 237 237 237 237 237 237 237 237 237 237 237 238 238 238 238 238 238 238 239 239 239 239 239 239 240 240 240 240 240 240 241 241 241 241 241 241 241 241 241 241 242 242 242 242 242 242 243 243 243 243 243 244 244 244 244 244 244 244 244 245 245 245 245 245 245 245 246 246 246 246 246 247 247 247 247 247 248 248 248 248 248 248 248 249 249 249 249 249 249 249 249 249 250 250 250 250 250 251 251 251 251 251 251 251 252 252 252 252 252 252 252 252 253 253 253 253 253 254 254 254 254 254 254 254 254 254 255 255 255 256 256 256 257 256 256 257 257 257 258 258 257 257 257 257 258 258 258 258 258 259 259 258 258 258 259 259 259 259 259 260 260 260 260 260 260 260 260 261 261 262 261 261 261 262 262 262 262 262 263 263 263 263 263 263 263 263 263 263 263 263 264 264 265 265 264 265 265 265 265 265 265 265 265 265 265 265 266 266 266 266 267 267 268 268 268 268 268 268 268 268 268 269 269 269 269 269 269 269 269 270 270 270 270 270 270 270 271 271 271 270 271 271 271 271 271 221 221 221 221 222 222 222 222 222 222 223 223 223 223 223 223 224 224 224 224 225 225 224 224 224 224 225 225 224 225 224 224 225 225 225 226 226 226 226 226 226 226 226 226 226 226 226 226 226 226 226 226 226 226 226 226 226 227 227 227 227 227 227 228 228 228 228 228 228 228 228 229 229 229 229 229 229 229 229 229 229 229 230 230 230 230 230 230 230 230 230 230 231 231 231 231 231 231 231 231 231 231 231 231 232 232 232 232 232 232 232 232 232 232 232 232 232 232 232 233 233 233 233 233 233 233 233 233 233 234 234 234 234 234 234 234 235 235 235 235 235 235 236 236 236 236 236 236 236 236 236 236 236 236 236 236 236 236 236 236 236 236 236 237 237 237 237 237 237 238 238 238 237 238 238 238 238 238 239 239 239 239 239 239 239 240 240 240 240 240 240 240 241 241 241 241 241 241 241 241 241 242 242 242 242 242 243 243 243 243 243 243 243 244 244 244 244 244 244 244 244 245 245 245 245 245 245 246 246 246 246 246 246 247 247 247 247 247 248 248 248 248 248 248 248 249 249 249 249 249 249 249 249 249 250 250 250 250 250 251 251 251 251 251 251 251 251 252 252 252 252 253 252 253 253 253 253 253 253 253 254 254 254 254 254 254 254 255 255 255 256 256 255 256 256 257 257 256 256 256 257 257 257 258 258 258 258 258 259 259 259 259 259 259 259 259 259 259 259 259 259 259 259 260 260 260 260 260 260 261 261 261 261 261 261 262 262 262 262 262 263 263 264 264 263 263 264 263 263 263 264 264 263 264 264 264 264 264 265 265 265 266 265 266 266 265 265 265 265 266 266 266 267 267 267 268 268 268 268 268 268 268 268 269 269 269 269 269 269 269 269 270 270 270 270 270 270 270 271 271 271 270 270 271 271 271 271 271 271 221 222 222 221 222 222 223 223 223 224 224 224 224 224 224 224 224 224 225 225 225 225 225 225 225 225 225 226 225 225 225 225 225 226 226 226 226 226 226 226 226 226 226 226 226 226 226 226 227 227 227 227 227 227 227 227 227 227 227 227 227 227 228 228 228 228 228 229 229 229 229 229 229 229 229 229 229 229 229 229 230 230 230 230 230 230 230 230 230 231 231 231 231 231 231 231 231 231 231 231 231 232 232 232 232 232 232 232 232 232 232 232 232 232 232 233 233 233 233 233 233 233 233 233 234 234 234 234 234 234 234 234 234 235 235 235 235 235 235 235 236 236 236 236 236 236 236 236 236 237 237 236 236 236 236 236 236 236 236 236 236 236 237 237 237 237 237 237 238 238 238 238 238 238 238 238 239 239 239 239 239 239 240 240 240 240 240 240 241 241 241 241 241 241 241 241 241 241 242 242 242 242 242 243 243 243 243 243 243 243 244 244 244 244 244 244 244 244 245 245 245 245 245 245 246 246 246 246 246 246 246 247 247 247 247 247 248 248 248 248 248 248 249 249 249 249 249 249 249 249 249 249 250 250 250 250 250 251 251 251 251 251 251 252 252 252 252 252 253 253 253 253 253 253 253 253 254 254 254 254 254 254 254 254 254 255 255 255 256 256 256 256 257 257 257 256 257 257 257 257 257 258 258 259 258 258 258 259 259 259 259 259 259 259 259 259 259 259 259 260 259 260 261 260 260 261 261 261 261 261 261 261 262 262 262 262 262 263 263 263 264 264 264 264 264 264 264 264 263 263 264 264 264 264 264 264 265 265 265 266 265 265 265 265 265 265 266 266 266 266 267 267 268 268 268 268 268 268 268 268 268 269 269 269 269 269 269 269 270 270 270 270 270 270 270 270 271 271 271 271 271 271 271 271 271 271 271 272 221 222 222 221 222 222 222 222 223 223 224 225 224 224 224 224 224 224 225 225 225 225 225 225 225 226 226 226 226 226 226 226 225 226 226 226 226 226 226 226 226 226 226 227 226 226 226 226 227 227 227 227 227 227 227 227 227 227 228 228 228 228 228 228 228 228 228 228 229 229 229 229 229 229 229 229 229 229 229 230 230 230 230 230 230 230 231 231 231 231 231 231 231 231 231 231 231 231 231 231 231 232 232 232 232 232 232 232 232 232 232 232 232 233 233 233 233 233 233 233 233 234 234 234 234 234 234 234 234 234 234 234 235 235 235 235 235 235 235 236 236 236 236 236 236 236 236 236 237 237 237 237 237 237 236 236 236 236 236 236 236 237 237 237 237 237 237 237 238 238 238 239 239 239 239 239 239 239 239 239 239 240 240 240 240 240 240 240 241 241 241 241 241 241 241 241 241 242 242 242 242 242 243 243 243 243 243 243 244 244 244 244 244 244 244 244 245 245 245 245 245 245 245 246 246 246 246 246 246 247 247 247 247 247 247 248 248 248 248 248 248 249 249 249 249 249 249 249 249 249 249 250 250 250 250 251 251 251 251 251 251 251 251 252 252 252 252 253 253 253 253 253 253 253 253 253 254 254 254 254 254 254 255 255 255 255 255 255 256 256 256 256 257 256 256 256 257 258 258 257 257 258 258 259 258 258 259 259 259 259 259 259 259 260 260 260 260 260 260 260 260 261 261 261 261 261 261 262 262 262 261 262 262 263 263 263 262 263 264 264 264 264 264 264 264 264 264 263 263 264 264 264 264 264 264 265 265 265 265 265 265 265 265 265 265 266 266 266 266 267 267 268 268 268 268 268 268 268 268 268 268 269 269 269 269 269 269 269 270 270 270 270 270 270 270 271 271 271 271 271 271 271 271 271 272 272 272 272 272 221 221 222 222 222 223 223 223 223 223 224 225 224 224 224 223 224 225 225 225 225 225 225 225 225 225 225 226 226 227 227 226 226 226 226 226 226 226 226 226 226 226 226 227 227 226 226 226 227 227 227 227 227 227 227 227 228 228 228 228 228 228 228 228 228 228 228 229 229 229 229 229 229 230 230 230 230 230 230 230 230 230 230 231 231 231 231 231 231 231 231 231 231 231 231 231 232 232 232 232 232 232 232 232 232 232 232 232 232 232 232 232 232 233 233 233 233 233 233 234 234 234 234 234 234 234 234 234 234 234 234 235 235 235 235 235 235 235 236 236 236 236 236 236 236 236 236 237 237 237 237 237 237 237 237 237 237 237 237 237 237 237 238 237 237 237 237 237 238 238 238 238 239 239 239 239 239 239 239 239 240 240 240 240 240 240 240 241 241 241 241 241 241 241 241 242 242 242 242 242 243 243 243 243 243 243 243 244 244 244 244 244 244 244 244 245 245 245 245 245 245 245 246 246 246 246 246 246 247 247 247 247 247 247 247 248 248 248 248 249 249 249 249 249 249 249 250 250 250 250 250 250 250 250 251 251 251 251 251 251 251 251 252 252 252 252 252 253 253 253 253 253 253 253 254 254 254 254 254 254 254 255 255 255 255 255 255 255 256 256 257 257 257 256 256 256 257 257 257 258 258 258 258 259 258 258 259 259 259 259 259 259 259 260 260 260 260 261 261 261 261 261 262 262 261 262 262 262 262 262 262 262 262 263 263 263 262 263 264 264 264 264 264 265 265 265 264 264 264 264 264 264 265 265 264 264 265 265 265 266 266 265 266 266 266 266 266 266 266 267 267 268 268 268 268 268 269 269 268 269 269 269 269 269 269 269 269 269 270 270 270 270 270 270 271 271 271 271 271 271 271 271 271 271 272 272 272 272 272 272 221 222 223 223 224 224 224 224 224 224 225 224 224 223 224 225 225 225 225 224 225 225 225 225 225 225 226 226 226 226 227 227 227 227 226 227 226 226 226 226 226 227 227 227 227 227 226 227 227 228 227 227 228 227 228 228 228 228 228 228 228 228 228 229 229 229 229 229 229 229 229 230 230 230 230 230 230 230 230 230 230 230 231 231 231 231 231 231 231 231 231 231 231 231 231 232 232 232 232 232 232 232 232 232 232 232 232 233 232 233 233 233 233 233 233 233 234 234 234 234 234 234 234 235 235 235 235 235 235 235 235 235 235 235 235 235 236 236 236 236 236 236 236 236 237 237 237 237 237 237 237 237 237 237 237 237 237 237 237 238 238 238 238 238 238 238 238 238 238 238 238 238 239 239 239 239 240 240 240 240 240 240 240 240 240 241 241 241 241 241 241 241 242 242 242 242 242 243 243 243 243 243 243 243 243 244 244 244 244 244 244 244 245 245 245 245 245 246 245 246 246 246 246 246 246 246 247 247 247 247 247 247 247 248 248 248 248 248 249 249 249 249 249 249 250 250 250 250 250 250 250 250 250 251 251 251 251 251 251 252 252 252 252 252 252 253 253 253 253 253 253 253 254 254 254 254 254 254 254 255 255 255 255 255 255 255 255 256 256 256 257 256 256 256 256 257 257 257 258 258 258 258 259 258 258 259 259 259 259 259 259 259 260 260 261 261 261 261 261 262 261 262 262 262 261 261 262 262 262 262 262 262 263 263 263 263 263 263 264 264 264 264 265 265 265 264 264 264 264 264 264 264 264 264 265 264 265 265 265 266 265 266 266 266 266 267 267 267 267 267 268 268 268 268 268 268 268 268 269 269 269 269 269 269 269 270 270 270 270 270 270 270 271 271 271 271 271 271 271 271 271 271 271 272 272 272 272 272 272 272 222 223 224 223 224 224 224 224 224 224 224 224 224 225 225 225 225 225 224 225 225 226 225 225 226 226 227 227 227 227 227 227 227 227 227 227 226 226 226 227 227 227 227 227 227 227 228 228 228 228 228 228 228 228 228 228 228 229 229 229 229 229 229 229 230 229 230 229 230 230 230 230 230 230 230 230 230 230 230 230 231 231 231 231 231 231 231 231 231 231 232 232 232 232 232 232 232 232 232 232 232 232 232 233 233 233 233 233 233 233 233 233 233 234 234 234 234 234 234 234 235 235 235 235 235 235 235 235 235 235 235 235 235 236 236 236 236 236 236 236 236 237 236 237 237 237 237 237 238 238 238 237 237 237 237 237 238 238 238 238 238 238 238 238 239 238 238 238 238 239 239 239 239 239 240 240 240 240 240 240 240 241 241 241 241 241 241 241 241 242 242 242 242 242 242 243 243 243 243 243 243 243 244 244 244 244 244 244 244 245 245 245 245 245 246 246 246 246 246 246 246 246 247 247 247 247 247 247 247 247 248 248 248 248 248 249 249 249 249 249 249 250 250 250 250 250 250 250 250 250 251 251 251 251 251 252 252 252 252 252 252 252 253 253 253 253 253 253 253 253 254 254 254 254 254 254 255 255 255 255 255 255 255 255 256 256 256 256 256 256 256 256 257 257 257 258 258 259 259 258 258 258 258 259 259 259 259 259 259 260 260 260 261 261 261 261 261 261 261 262 262 262 262 262 261 262 262 262 262 263 263 263 263 263 263 264 264 264 264 264 264 265 265 265 264 265 264 264 264 264 264 265 265 265 265 265 265 265 266 266 266 266 267 267 267 268 267 267 268 268 268 268 268 268 268 269 269 269 269 269 269 269 269 269 270 270 270 270 270 270 271 271 271 271 271 271 271 271 271 271 271 271 272 272 272 272 272 272 272 222 223 223 223 223 223 223 224 224 224 224 224 224 225 225 224 225 225 225 225 226 226 225 225 226 226 226 227 227 227 228 227 228 228 227 227 227 227 227 227 227 227 227 228 227 227 227 228 228 228 228 228 228 228 228 228 229 229 229 229 229 229 230 230 230 230 230 230 230 230 230 230 230 230 230 230 231 230 230 231 231 231 231 231 231 231 231 232 232 232 232 232 232 232 232 232 232 232 232 233 233 232 232 233 233 233 233 233 233 233 233 234 234 234 234 234 234 234 235 235 235 235 235 235 235 235 235 235 235 235 235 236 236 236 236 236 236 236 236 236 236 237 237 237 237 237 237 238 238 238 238 238 238 238 238 238 238 238 238 238 238 238 238 239 239 239 238 238 238 239 239 239 239 239 240 240 240 240 240 240 241 241 241 241 241 241 241 242 242 242 242 242 242 242 243 243 243 243 243 243 243 244 244 244 244 244 244 244 244 245 245 245 245 246 246 246 246 246 246 247 246 247 247 247 247 247 248 248 248 248 248 248 248 248 249 249 249 249 249 249 250 250 250 250 250 250 250 250 250 251 251 251 251 251 252 252 252 252 252 252 252 252 253 253 253 253 253 253 253 254 254 254 254 254 254 255 255 255 255 255 255 255 255 255 256 257 256 256 256 256 256 257 257 257 257 258 258 258 259 259 258 258 258 259 259 259 259 259 260 260 260 260 261 260 261 261 261 261 261 261 262 262 262 262 262 262 262 263 263 263 264 264 264 264 264 264 264 264 265 265 265 265 266 265 265 265 265 264 264 264 265 265 265 265 265 265 266 266 266 266 267 267 267 267 268 267 267 267 268 268 268 268 268 269 269 269 269 269 269 269 269 269 269 269 270 270 270 270 270 271 271 271 271 271 271 271 271 271 271 271 271 272 272 272 272 272 272 272 273 273 273 273 273 222 223 223 223 223 224 224 224 225 225 225 224 224 225 225 225 225 226 226 225 225 226 226 226 227 227 227 227 227 228 228 228 228 228 228 228 227 227 227 227 228 228 227 227 228 228 229 229 229 229 228 228 229 229 229 229 229 229 230 229 230 230 230 230 230 230 230 230 230 230 230 230 231 231 231 231 231 231 231 231 231 231 231 231 232 232 232 232 232 232 232 232 232 232 233 233 233 233 233 233 233 233 233 233 233 233 234 234 234 234 234 234 234 234 234 235 235 235 235 235 235 235 236 235 235 236 236 236 236 236 236 236 236 237 237 237 237 237 237 237 237 237 238 238 238 238 238 238 238 238 238 238 238 238 238 238 238 238 238 239 239 239 239 239 239 239 239 239 239 239 239 240 240 240 240 240 240 241 241 241 241 241 241 241 242 242 242 242 242 243 243 243 243 243 243 243 243 244 244 244 244 244 244 244 244 245 245 245 245 246 246 246 246 246 246 247 247 247 247 247 247 247 248 248 248 248 248 248 248 248 249 249 249 249 249 249 250 250 250 250 250 250 250 250 250 250 251 251 251 251 251 252 252 252 252 252 252 253 253 253 253 253 253 253 253 254 254 254 254 254 255 255 255 255 255 255 255 255 255 255 255 257 257 256 256 256 256 257 257 257 257 257 258 258 259 259 259 258 258 258 259 259 259 259 259 260 260 260 260 261 260 261 261 261 261 261 261 261 262 263 263 262 263 263 263 263 263 263 263 264 264 264 264 264 265 265 265 265 265 266 266 266 266 266 264 264 264 265 266 266 266 265 266 266 266 266 267 267 267 267 267 268 268 268 268 268 268 268 268 268 269 269 269 269 269 269 269 269 269 269 270 270 270 270 270 271 271 271 271 271 271 271 271 271 271 271 271 271 272 272 272 272 272 273 273 273 273 273 273 273 274 274 274 274 274 274 274 274 223 224 224 224 225 225 225 224 224 224 225 225 225 225 226 225 226 227 227 226 226 226 227 227 227 227 227 228 228 228 228 228 228 227 227 227 227 228 228 228 228 228 228 228 229 229 229 229 229 229 229 229 229 230 230 230 230 230 230 230 230 230 230 230 230 230 230 231 231 231 231 231 231 231 231 231 232 232 232 232 232 232 232 232 232 232 232 232 233 233 233 233 233 233 233 233 233 233 233 233 233 234 234 234 234 234 234 234 234 234 235 235 235 235 235 235 235 235 236 236 236 236 236 236 236 236 236 236 236 237 237 237 237 237 237 237 237 238 238 238 238 238 238 238 238 238 238 238 238 238 238 238 238 239 239 239 239 239 239 240 240 239 239 239 239 239 239 240 240 240 241 241 241 241 241 241 241 241 241 242 242 242 242 242 243 243 243 243 243 243 243 243 244 244 244 244 244 244 244 244 245 245 245 246 246 246 246 246 246 246 246 247 247 247 247 247 247 247 248 248 248 248 248 248 248 248 249 249 249 249 249 250 250 250 250 250 250 250 250 250 251 251 251 251 251 251 252 252 252 252 252 252 252 253 253 253 253 253 253 253 254 254 254 254 254 255 255 255 255 255 255 255 255 255 255 255 255 256 256 256 256 256 256 257 257 257 257 257 258 258 259 259 259 258 258 259 259 259 259 259 259 260 260 260 260 260 260 261 261 261 261 261 262 262 262 263 263 263 263 263 263 263 263 263 263 263 264 264 264 264 264 265 265 265 266 266 266 266 266 265 264 264 265 265 266 266 266 266 266 266 266 266 266 267 267 267 267 268 268 268 268 268 268 268 268 269 269 269 269 269 269 270 270 270 270 270 270 270 270 270 271 271 271 271 271 271 271 271 271 271 271 271 271 271 272 272 272 272 273 273 273 273 273 273 273 274 274 274 274 274 274 274 274 274 274 224 224 224 224 224 224 224 225 225 226 225 226 226 227 226 226 227 227 226 227 227 227 227 228 228 228 229 229 228 229 228 228 228 228 228 228 228 228 228 229 229 229 229 229 229 229 230 230 229 230 230 230 230 230 230 230 231 231 231 231 231 231 231 231 231 231 231 231 231 231 231 231 232 232 232 232 232 232 232 232 232 232 233 233 233 233 233 233 233 233 233 233 233 234 234 234 234 234 234 234 234 234 234 234 234 235 235 235 235 235 236 236 236 236 236 236 236 236 236 236 236 236 236 237 237 237 237 237 237 237 238 238 238 238 238 238 238 238 238 238 238 238 238 238 238 238 239 239 239 239 239 240 240 240 240 240 240 240 240 240 240 240 240 240 240 241 241 241 241 241 241 241 241 242 242 242 242 242 243 243 243 243 243 243 243 243 244 244 244 244 244 244 244 244 245 245 245 246 246 246 246 246 246 246 247 247 247 247 247 247 247 248 248 248 248 248 248 248 248 248 249 249 249 249 249 250 250 250 250 250 250 250 251 251 251 251 251 251 251 252 252 252 252 252 252 252 252 252 253 253 253 253 253 253 254 254 254 254 254 255 255 255 255 255 255 255 255 255 255 255 256 256 256 255 256 256 256 256 257 257 257 257 257 258 258 258 259 259 259 258 259 259 259 259 259 260 260 260 260 260 260 261 261 261 261 261 262 262 262 262 262 263 263 263 263 263 263 264 264 264 264 264 264 264 264 264 264 265 265 265 266 266 266 266 265 265 265 265 265 266 266 266 266 266 266 267 267 266 267 267 268 268 268 268 268 268 268 268 268 268 269 269 269 270 270 270 270 270 270 270 270 270 270 271 271 271 271 271 271 271 271 271 271 271 271 271 271 271 272 272 272 272 272 273 273 273 273 273 273 273 274 274 274 274 274 274 274 274 274 275 275 224 224 225 225 225 226 226 227 226 227 227 226 226 227 227 227 228 228 228 228 228 228 228 229 228 228 229 229 229 229 229 229 229 229 229 229 229 230 230 230 230 229 230 230 230 230 230 230 231 231 231 231 231 231 231 231 231 232 232 232 231 231 231 231 231 231 232 232 232 232 232 232 232 232 233 233 233 233 233 233 233 233 233 233 233 233 234 234 234 234 234 234 234 234 235 235 235 235 235 235 235 235 236 236 236 236 236 236 236 236 236 236 236 236 236 237 237 237 237 237 237 237 237 238 238 238 238 238 238 238 238 238 239 238 238 238 238 238 238 239 239 239 239 239 239 240 240 240 240 240 240 240 241 241 241 240 240 240 241 241 241 241 241 241 241 242 242 242 242 242 243 243 243 243 243 243 243 243 243 244 244 244 244 244 244 244 244 245 245 245 245 246 246 246 246 246 246 246 247 247 247 247 247 247 247 248 248 248 248 248 248 248 248 249 249 249 249 249 250 250 250 250 250 250 251 251 251 251 251 251 251 251 251 252 252 252 252 252 253 253 253 253 253 253 253 254 254 254 254 254 254 254 255 255 255 255 255 255 255 255 255 255 255 256 257 257 257 256 256 256 256 257 257 257 257 257 258 258 258 259 259 259 259 259 259 259 259 259 259 260 260 260 260 261 261 261 261 261 261 262 262 262 262 262 263 263 263 263 263 263 264 264 264 264 264 264 264 264 264 265 265 265 265 265 265 266 266 266 265 265 265 265 266 266 266 266 266 266 267 267 267 267 267 267 268 268 268 268 268 268 268 268 268 269 269 269 269 269 270 270 270 270 270 270 270 270 271 271 271 271 271 271 271 271 271 271 271 271 271 272 272 272 272 272 272 272 272 273 273 273 273 273 273 274 274 274 274 274 274 274 274 274 275 275 275 225 225 225 226 227 227 227 226 227 227 227 227 228 228 228 228 228 227 228 228 228 228 228 228 229 230 230 230 230 230 229 229 229 230 230 230 230 230 230 230 230 230 230 230 230 231 231 231 231 231 231 231 231 231 231 231 231 231 231 232 232 231 231 232 232 232 232 232 232 233 233 233 233 233 233 233 233 233 233 234 234 234 234 234 234 234 234 234 234 234 234 234 235 235 235 235 235 235 235 235 236 236 236 236 236 236 236 236 236 236 236 237 237 237 237 237 237 237 237 238 238 238 238 238 238 238 238 238 238 239 239 238 238 238 239 239 239 239 239 239 239 239 239 240 240 240 240 240 240 241 241 241 241 241 241 241 241 241 242 242 241 241 242 242 242 242 242 242 242 243 243 243 243 243 243 243 244 244 244 244 244 244 244 245 245 245 245 245 246 246 246 246 246 246 246 246 247 247 247 247 247 248 248 248 248 248 248 248 248 249 249 249 249 249 249 250 250 250 250 250 250 251 251 251 251 251 251 251 251 251 252 252 252 252 252 253 253 253 253 253 253 253 254 254 254 254 254 254 254 254 255 255 255 255 255 255 255 255 255 255 256 256 257 257 257 256 256 256 256 257 257 258 257 257 257 258 258 258 259 259 259 259 259 259 260 260 260 260 260 260 261 261 261 261 261 261 261 262 262 262 262 263 263 263 263 263 263 264 264 264 265 265 265 264 264 264 265 265 265 265 265 265 266 266 266 266 265 265 265 266 266 266 266 266 267 267 267 267 267 267 267 267 267 268 268 269 269 268 268 268 268 269 269 269 269 270 270 270 270 270 270 270 270 270 270 271 271 271 271 271 271 271 271 271 271 271 271 272 272 272 272 272 272 272 272 273 273 273 273 273 273 274 274 274 274 274 274 274 274 275 275 275 275 225 227 227 227 227 227 227 227 227 228 228 228 229 229 228 228 227 228 228 228 228 228 228 229 230 229 230 231 230 230 229 230 230 231 231 230 230 230 230 230 230 230 231 231 231 231 232 232 231 231 231 232 232 232 232 232 232 232 232 232 232 232 232 232 232 232 233 233 233 233 233 233 233 233 234 233 234 234 234 234 234 234 234 234 234 234 234 234 235 235 235 235 235 235 235 235 235 235 236 236 236 236 236 236 237 237 237 237 237 237 237 237 237 237 237 237 238 238 238 238 238 238 238 238 238 238 238 239 239 238 238 238 239 239 239 239 239 239 239 240 240 240 240 240 240 241 241 241 241 241 241 241 241 241 241 242 242 242 242 242 242 242 242 242 242 242 242 242 243 243 243 243 243 244 244 244 244 244 244 244 245 245 245 245 245 245 245 246 246 246 246 246 246 247 247 247 247 248 248 248 248 248 248 248 248 248 249 249 249 249 249 249 250 250 250 250 250 250 251 251 251 251 251 251 251 251 251 252 252 252 252 253 253 253 253 253 253 253 253 254 254 254 254 254 254 254 254 254 255 255 255 255 255 255 255 256 256 256 256 256 256 256 256 256 257 257 257 257 257 257 257 257 257 257 258 259 259 259 260 259 259 259 260 260 260 260 260 260 261 261 261 261 261 261 261 262 262 262 262 262 263 263 263 263 264 264 264 264 265 265 265 265 265 264 265 265 265 265 265 265 266 266 266 266 265 265 266 266 266 266 266 267 267 267 267 267 267 267 268 268 268 268 268 269 269 269 268 268 268 268 269 269 269 270 270 270 270 270 270 270 270 270 271 271 271 271 271 271 271 271 271 271 271 271 271 272 272 272 272 272 272 272 273 273 273 273 273 273 274 274 274 274 274 274 274 274 274 275 275 275 275 226 226 227 227 227 227 228 228 228 228 228 228 228 228 228 228 229 229 229 229 229 229 229 229 229 229 230 231 231 231 231 231 231 231 231 231 231 230 230 231 231 231 232 232 232 231 231 231 231 232 232 232 232 232 232 232 233 233 233 233 233 232 232 232 232 233 233 233 233 233 233 233 234 234 234 234 234 234 234 234 234 234 234 234 234 234 234 235 235 235 235 235 235 235 235 236 236 236 236 236 236 236 237 237 237 237 237 237 237 237 237 237 238 238 238 238 238 238 238 238 238 238 238 238 239 239 239 239 238 238 239 239 239 239 239 239 239 239 240 240 240 240 240 240 241 241 241 241 241 241 241 241 242 242 242 242 242 242 242 242 242 242 242 243 243 243 243 243 243 243 243 243 244 244 244 244 244 244 245 245 245 245 245 245 245 246 246 246 246 246 246 246 247 247 247 247 247 248 248 248 248 248 248 248 249 249 249 249 249 249 250 250 250 250 250 250 251 251 251 251 251 251 251 251 251 251 252 252 252 252 253 253 253 253 253 253 253 254 254 254 254 254 254 255 255 255 255 255 255 255 255 256 256 256 256 257 257 257 257 257 257 256 256 257 257 257 257 257 257 257 258 258 258 259 259 259 259 259 259 259 259 259 260 260 260 260 261 261 261 261 261 261 262 262 262 262 262 262 262 262 263 263 263 264 264 264 264 265 265 265 265 264 265 265 265 265 266 265 266 266 266 266 266 266 266 266 266 266 266 267 267 267 267 267 267 267 268 268 268 268 268 268 268 269 269 268 268 269 269 269 269 269 269 270 270 270 270 270 270 271 271 271 271 271 271 271 271 271 271 272 272 272 271 272 272 272 272 272 272 272 272 273 273 273 273 273 273 274 274 274 274 274 274 274 274 274 275 275 275 227 227 227 227 228 228 228 228 228 228 228 228 228 228 228 229 229 229 229 230 230 230 230 230 230 229 230 231 231 232 232 232 232 231 231 231 231 231 231 231 231 231 232 231 231 231 231 232 232 232 232 232 233 232 232 233 233 233 233 233 233 232 233 233 233 233 233 233 233 234 234 234 234 234 234 234 234 234 234 234 234 234 234 234 234 235 235 235 235 235 235 235 235 235 236 236 236 236 236 236 236 236 237 237 237 237 237 237 237 237 238 238 238 238 238 238 238 238 238 238 238 239 239 239 239 239 239 240 239 239 239 239 239 239 239 239 239 240 240 240 240 240 240 241 241 241 241 241 241 241 242 242 242 242 242 242 242 242 242 242 242 242 242 243 243 243 243 243 243 243 244 244 244 244 244 244 245 245 245 245 245 245 246 246 246 246 246 246 246 246 246 246 247 247 247 247 248 248 248 248 248 248 248 248 249 249 249 249 249 249 250 250 250 250 250 251 251 251 251 251 251 251 252 252 252 252 252 252 252 252 253 253 253 253 253 253 253 254 254 254 254 254 255 255 255 255 255 255 255 255 255 256 256 256 256 257 257 257 257 257 257 257 257 257 257 257 258 257 257 258 258 258 258 259 259 260 260 259 259 259 259 259 260 260 260 260 261 261 261 261 261 262 262 262 262 262 262 262 262 263 263 264 264 264 264 264 265 264 264 264 264 265 265 265 265 266 265 266 266 266 266 266 267 266 265 266 266 266 266 267 267 267 267 267 267 267 268 268 268 268 268 268 269 269 270 269 269 269 269 269 269 269 269 270 270 270 270 270 270 270 271 271 271 271 271 271 271 271 272 272 271 271 271 272 272 272 272 272 272 272 272 273 273 273 273 273 273 274 274 274 274 274 274 274 274 275 275 275 275 226 227 227 228 228 228 228 227 228 227 227 228 228 228 228 229 229 230 229 229 230 230 231 231 231 230 230 230 230 230 231 231 232 231 231 231 231 231 231 231 232 232 231 231 231 231 231 232 232 232 233 233 233 233 233 233 233 233 233 233 233 233 233 233 233 233 233 233 233 234 234 234 234 234 234 234 234 234 235 234 235 235 235 235 235 235 235 235 235 235 235 236 236 236 236 236 236 236 236 236 236 236 236 237 237 237 237 237 237 237 237 237 237 238 238 238 238 238 238 239 239 239 239 239 239 239 239 239 240 239 239 239 239 239 239 239 240 239 240 240 240 240 241 241 241 241 241 241 241 242 242 242 242 242 242 242 242 242 242 242 242 242 242 243 243 243 243 244 243 244 244 244 244 244 244 245 245 245 245 245 245 246 246 246 246 246 246 246 246 246 246 247 247 247 247 247 247 248 248 248 248 248 248 248 248 249 249 249 249 249 250 250 250 250 250 251 251 251 251 251 251 251 251 252 252 252 252 252 252 252 252 253 253 253 253 253 253 254 254 254 254 254 255 255 255 255 255 255 255 255 256 256 256 256 256 257 257 257 257 257 257 257 257 257 257 257 258 257 257 257 257 257 258 258 259 259 260 260 260 259 259 259 259 259 260 260 260 261 261 261 261 262 262 262 262 262 262 262 262 263 263 263 264 264 264 264 265 265 265 264 265 265 265 265 266 266 266 266 266 266 266 266 266 267 266 265 265 266 266 266 267 267 267 267 267 267 267 267 268 268 268 268 268 269 270 270 269 269 269 269 269 269 269 270 270 270 270 270 270 271 271 271 271 271 271 271 271 272 272 272 272 272 272 272 272 272 272 272 272 272 272 272 273 273 273 273 273 274 274 274 274 274 274 274 274 274 275 275 275 275 227 228 228 228 228 227 228 228 228 228 229 229 229 229 229 229 229 229 229 229 229 230 231 231 230 230 230 230 231 231 231 231 232 233 232 232 232 232 232 232 232 231 231 231 232 232 232 232 232 233 233 233 233 233 233 233 233 233 233 233 233 233 234 233 233 233 233 234 234 234 234 234 234 235 235 235 235 235 235 235 235 235 235 235 236 236 236 236 235 236 236 236 236 236 236 236 236 236 236 237 237 237 237 237 237 237 238 238 237 238 238 238 238 238 238 238 238 238 239 239 239 239 239 240 240 239 239 239 239 239 239 239 239 240 240 240 240 241 241 241 241 241 241 241 241 241 242 242 242 242 242 242 242 242 242 242 242 242 242 242 243 243 243 243 244 244 244 244 244 244 244 244 244 245 245 245 245 245 245 246 246 246 246 246 246 246 247 247 247 247 247 247 247 247 248 248 248 248 248 248 248 248 249 249 249 249 249 249 250 250 250 250 251 251 251 251 251 251 251 251 252 252 252 252 252 252 252 253 253 253 253 253 253 253 254 254 254 254 254 255 255 255 255 255 255 256 256 256 256 256 256 256 257 257 257 257 258 258 258 258 258 258 257 257 258 258 258 257 257 257 258 258 259 259 260 260 260 260 260 260 260 260 260 260 260 261 261 261 261 261 262 262 262 262 262 262 262 263 263 264 264 264 264 265 264 265 265 265 265 265 265 265 266 266 266 266 266 266 266 266 267 267 267 266 266 266 266 266 267 267 267 267 267 267 267 267 268 268 268 268 268 269 269 270 269 269 269 269 269 269 270 270 270 270 270 271 271 271 271 271 271 271 271 272 272 272 272 272 272 272 272 272 272 272 272 272 272 272 272 272 273 273 273 273 274 274 274 274 274 274 274 274 274 275 275 275 275 227 228 228 228 228 228 228 229 229 229 229 229 229 229 229 230 230 230 229 229 229 230 231 232 231 231 231 231 231 231 232 232 232 233 233 232 232 232 232 232 232 232 232 232 232 232 232 233 233 233 233 233 234 233 233 233 233 233 233 233 233 233 234 234 234 234 234 234 234 234 234 234 235 235 235 235 235 235 235 235 235 235 236 236 236 236 236 236 236 236 236 236 236 236 236 236 237 236 237 237 237 237 237 237 237 237 237 237 238 238 238 238 239 238 238 238 239 239 239 239 239 239 239 240 240 240 240 239 239 240 240 240 240 240 240 241 241 241 241 241 241 241 242 241 241 242 242 242 242 242 242 243 243 242 242 242 242 243 243 243 243 243 243 243 244 244 244 244 244 244 244 245 245 245 245 245 245 245 246 246 246 246 246 246 246 247 247 247 247 247 247 247 248 248 248 248 248 248 248 248 249 249 249 249 249 249 250 250 250 250 250 251 251 251 251 251 251 251 251 251 252 252 252 252 252 252 252 253 253 253 253 253 253 254 254 254 254 254 254 255 255 255 255 255 256 256 256 256 256 256 256 257 257 257 257 258 258 258 258 258 258 258 258 258 258 258 258 258 257 258 258 258 259 260 260 260 260 260 260 260 260 260 260 260 260 260 261 261 261 261 261 262 262 262 262 262 263 263 263 264 264 264 264 264 264 264 265 265 265 265 265 265 265 266 266 266 266 266 267 267 267 267 268 267 266 266 266 266 267 267 267 267 267 267 267 267 267 268 268 268 268 269 269 270 270 270 269 269 269 269 270 270 270 270 271 271 271 271 271 271 271 271 271 272 272 272 272 272 272 272 272 272 272 272 272 272 272 272 272 272 273 273 273 273 274 274 274 274 274 274 274 274 275 275 275 228 228 228 228 228 229 228 228 229 229 229 229 230 230 230 230 230 230 230 229 229 230 231 232 232 232 232 231 231 232 232 232 232 233 233 232 232 232 232 232 232 233 233 233 233 233 233 233 233 233 233 233 234 234 234 234 234 233 233 233 233 234 234 234 234 234 234 234 234 234 234 234 235 235 235 235 235 235 235 235 235 236 236 236 236 236 236 236 236 236 236 237 236 236 236 237 237 237 237 237 237 237 237 237 237 237 238 237 238 238 238 238 238 238 239 239 239 239 239 240 240 240 240 240 240 240 240 240 239 240 240 240 241 240 240 241 241 241 241 241 241 241 241 242 242 242 242 242 242 242 242 243 243 243 243 243 243 243 243 243 243 243 244 244 244 244 244 244 244 244 245 245 245 245 245 245 245 246 246 246 246 246 246 246 247 247 247 247 247 247 247 248 248 248 248 248 248 248 249 249 249 249 249 250 250 250 250 250 250 250 250 251 251 251 251 251 251 251 251 252 252 252 252 252 252 252 253 253 253 253 253 253 254 254 254 254 254 254 254 255 255 255 255 255 256 256 256 256 256 256 256 257 257 257 257 258 258 258 258 258 258 258 258 258 259 258 258 258 258 258 259 259 260 260 260 260 261 260 260 261 261 261 261 261 261 261 261 261 261 261 261 261 261 262 262 262 263 263 263 263 264 264 264 264 264 264 264 265 265 265 266 266 266 266 266 266 266 266 266 267 267 267 267 268 267 266 266 266 266 267 267 267 268 268 267 267 268 268 268 269 269 269 269 269 270 270 270 270 270 270 270 270 270 270 271 271 271 271 271 271 271 271 272 272 272 272 272 272 272 272 272 272 272 272 272 272 272 272 273 273 273 273 273 273 273 274 274 274 274 274 274 274 275 275 228 228 228 228 228 229 228 229 229 230 230 230 230 229 229 229 230 230 231 230 230 230 231 232 232 233 233 232 231 231 232 232 233 233 233 233 233 233 232 232 232 233 233 233 233 233 233 233 233 233 234 233 234 234 234 234 234 233 233 233 233 233 234 234 234 235 235 234 235 234 234 234 235 235 235 235 235 235 235 236 236 236 236 236 236 236 236 236 236 236 236 237 237 237 237 237 237 237 237 237 237 237 237 237 237 238 238 238 239 239 238 238 238 239 239 239 239 239 239 239 240 239 240 240 240 241 240 240 240 240 240 240 241 240 240 241 241 241 241 241 241 241 241 241 241 241 242 242 242 242 242 243 243 243 243 243 243 243 243 243 243 243 244 244 244 244 244 244 244 244 245 245 245 245 246 246 246 246 246 246 246 247 247 247 247 247 247 247 247 247 248 248 248 248 248 249 249 249 249 249 249 249 250 250 250 250 250 250 250 250 251 251 251 251 251 251 251 251 252 252 252 252 252 252 252 252 253 253 253 253 253 254 254 254 254 254 254 254 255 255 255 255 255 255 256 256 256 256 256 256 256 257 257 257 258 258 258 258 258 258 258 258 258 258 259 259 258 258 258 258 258 259 260 260 261 261 261 261 261 261 261 261 261 261 261 261 261 261 262 262 262 262 262 262 262 263 263 263 263 264 264 265 264 264 264 264 265 265 265 265 266 266 266 266 266 266 266 266 266 267 267 267 267 267 268 267 267 266 267 267 267 267 268 268 268 268 268 268 268 269 269 269 269 269 269 270 270 270 270 270 270 270 270 270 271 271 271 271 271 271 271 271 272 272 272 272 272 272 272 272 272 272 272 272 272 272 273 273 273 273 273 273 273 273 273 274 274 274 274 274 274 275 275 275 228 228 228 228 229 229 230 229 229 229 229 229 230 231 231 231 232 231 232 231 231 231 232 233 233 233 232 232 232 232 233 234 234 234 234 233 233 233 232 233 234 234 234 234 234 234 233 233 234 234 234 234 234 234 234 234 234 233 233 234 234 235 235 235 235 235 235 235 234 235 235 235 236 236 236 236 236 236 236 236 236 236 236 236 237 237 237 237 237 237 237 238 237 237 237 237 237 237 237 237 237 237 238 238 238 239 239 239 239 239 239 239 239 239 239 240 240 239 239 240 240 240 240 240 240 240 240 240 240 241 241 241 241 242 241 241 241 241 241 241 241 242 242 242 242 242 242 242 242 243 243 243 243 243 244 244 244 244 243 244 244 244 244 244 245 245 245 245 245 246 246 246 246 246 246 246 246 246 247 247 247 247 247 248 248 248 248 248 248 248 248 248 249 249 249 249 249 249 249 250 250 250 250 250 250 250 250 251 251 251 251 251 251 251 252 252 252 252 252 252 253 253 253 253 253 253 253 254 254 254 254 254 254 254 255 255 255 255 255 255 256 256 256 256 256 256 256 256 257 257 257 258 258 258 258 258 258 258 258 258 258 259 258 258 258 258 258 259 260 260 260 261 261 261 261 260 261 261 261 261 261 261 261 261 261 262 262 262 262 262 262 263 263 263 263 264 264 264 265 265 264 264 265 265 265 266 266 266 266 266 266 266 266 266 266 266 266 266 267 267 267 267 268 268 267 267 268 268 268 269 269 268 268 268 268 269 269 269 269 269 269 269 270 270 271 270 270 270 270 270 271 271 271 271 271 271 271 271 272 272 272 272 272 272 272 272 272 272 272 272 273 273 273 273 273 273 273 273 273 273 274 273 274 274 274 274 274 275 275 275 228 228 229 229 229 229 229 229 229 230 230 231 231 231 232 232 232 231 231 232 232 233 233 233 233 233 233 233 233 233 234 234 234 234 233 233 233 233 234 234 234 234 234 234 234 234 234 234 234 234 234 234 234 234 234 234 233 234 234 235 235 235 236 236 236 236 236 235 235 236 236 236 236 236 236 236 236 236 236 236 236 237 237 237 237 237 238 237 237 237 237 237 237 237 237 237 238 238 238 238 238 238 238 239 239 239 239 239 239 239 239 239 240 240 240 240 240 240 240 240 240 240 240 240 240 240 241 241 241 241 241 241 241 241 241 241 242 241 242 242 242 242 242 242 242 242 243 243 243 243 243 243 244 244 244 243 243 244 244 245 245 245 245 245 245 245 246 246 246 246 246 246 246 247 247 247 247 247 247 247 248 248 248 248 248 248 248 248 248 249 249 249 249 249 249 249 249 250 250 250 250 250 250 250 251 251 251 251 251 251 252 252 252 252 252 252 252 252 253 253 253 253 253 253 254 254 254 254 254 254 254 255 255 255 255 255 255 255 256 256 256 256 256 256 257 257 257 257 258 258 258 258 258 258 258 258 258 259 259 258 258 258 258 258 258 259 260 260 261 261 261 261 260 261 261 261 261 261 261 261 261 261 262 262 262 262 263 263 263 263 263 264 264 264 264 264 265 265 265 265 265 265 265 266 266 266 266 266 266 266 266 266 266 266 267 267 267 267 267 267 267 268 269 268 268 268 268 268 269 268 268 268 268 269 269 269 269 269 269 270 270 270 271 271 270 270 270 270 270 271 271 271 271 271 271 272 272 272 272 272 272 272 272 272 272 272 273 273 272 273 273 273 273 273 273 273 273 274 274 274 274 274 274 274 274 275 228 229 229 229 230 229 230 230 230 230 230 231 232 232 232 231 232 232 233 233 234 234 234 234 234 234 234 235 235 235 235 235 234 234 234 234 234 234 234 235 235 235 235 235 234 235 235 235 235 235 235 235 235 235 235 235 234 235 236 236 236 237 237 236 237 237 236 236 236 236 236 236 236 236 236 237 237 237 237 237 237 238 238 238 238 238 238 238 237 238 237 238 238 238 237 238 239 239 238 238 238 238 239 239 239 239 239 239 239 240 240 240 240 241 241 241 241 241 241 241 241 241 241 241 242 242 242 242 243 243 243 243 242 243 243 243 243 243 244 244 243 244 244 244 244 244 244 244 244 244 245 245 245 245 245 245 245 245 246 246 246 246 246 246 247 247 247 247 247 247 247 247 247 247 247 247 247 248 247 248 248 248 248 248 248 248 248 249 249 249 249 249 249 249 249 250 250 250 250 250 250 251 251 251 251 251 251 251 252 252 252 252 252 252 253 253 253 253 253 253 253 253 253 253 253 253 254 254 254 254 254 254 254 254 255 255 255 255 255 255 256 256 256 256 256 257 257 257 257 257 257 257 257 258 258 258 258 258 258 258 258 258 258 258 259 259 260 260 260 261 261 261 261 261 261 261 262 262 262 262 262 262 262 262 262 262 263 264 264 264 264 264 265 264 265 265 265 265 265 265 265 265 266 266 266 267 266 266 266 266 266 266 266 266 267 267 267 267 267 267 267 268 269 268 268 268 268 268 268 268 268 269 269 269 269 269 269 270 270 270 270 270 271 271 270 270 270 270 271 271 271 271 271 272 272 272 272 272 272 272 272 272 272 272 272 272 272 272 273 273 273 273 273 273 273 273 273 274 274 274 274 274 274 274 275 229 229 229 230 230 230 230 230 230 230 231 232 232 232 231 232 232 233 233 233 234 234 234 234 234 235 235 235 235 235 235 235 235 235 234 234 235 234 235 235 235 235 235 235 235 235 236 236 236 236 236 236 236 235 235 235 235 235 236 236 236 237 237 237 237 236 236 236 236 236 236 236 237 237 237 237 237 237 237 237 237 238 238 238 238 238 238 238 238 238 238 238 238 238 238 238 238 238 238 238 239 239 240 240 240 240 240 240 240 240 240 241 241 241 241 241 241 241 241 242 241 242 241 241 242 242 242 242 243 243 243 243 243 244 244 243 244 245 244 244 244 244 244 244 244 244 244 245 245 245 245 245 245 245 245 245 245 246 246 246 246 246 247 247 247 247 247 247 248 248 247 247 247 247 247 248 248 248 248 248 248 248 248 249 249 249 249 249 249 249 249 250 249 250 250 250 250 250 250 251 251 251 251 251 251 252 252 252 252 252 252 252 253 253 253 253 253 253 254 254 253 253 253 253 254 254 254 254 254 254 254 255 255 255 255 255 255 255 256 256 256 256 256 257 257 257 257 257 257 257 257 257 258 258 258 258 258 258 258 258 258 258 259 259 259 260 260 261 261 261 262 261 261 262 262 262 262 263 262 262 262 262 262 263 263 263 263 264 264 264 264 264 264 265 265 265 265 265 266 266 266 266 266 266 267 266 266 266 266 266 266 267 266 266 266 267 267 267 267 268 267 268 268 268 268 268 269 269 269 268 268 269 269 269 269 270 270 270 270 270 270 271 271 271 270 270 270 271 271 271 271 271 271 272 272 272 272 272 272 272 272 272 272 273 273 273 273 272 273 273 273 273 273 274 273 273 273 274 274 274 274 274 274 275 275 229 229 229 230 230 230 231 231 231 231 231 231 231 232 232 233 233 234 234 234 235 235 235 235 235 235 235 235 235 235 235 235 236 236 236 236 235 235 235 235 236 236 236 236 236 236 236 236 236 236 236 235 235 236 236 235 236 236 236 236 236 237 237 236 237 237 237 238 238 237 237 237 237 237 237 237 238 238 238 238 238 238 238 239 238 239 238 239 239 239 239 240 239 240 239 239 239 239 240 240 241 241 240 240 240 240 240 240 240 241 241 242 242 241 241 241 242 242 242 242 242 242 242 242 243 243 243 243 243 243 244 244 244 244 245 245 244 244 244 244 244 244 244 244 244 244 245 245 245 246 245 245 246 246 246 246 247 247 247 247 247 247 247 248 248 248 248 247 247 247 248 248 248 248 248 248 248 249 249 249 249 249 249 249 249 249 249 249 250 250 250 250 250 250 250 250 251 251 251 251 251 252 252 252 252 252 252 252 252 253 253 253 253 253 253 254 254 253 253 253 254 254 254 254 254 254 254 255 255 255 255 255 255 255 256 256 256 256 256 256 256 257 257 257 258 258 257 258 257 258 258 258 258 258 259 259 258 258 259 259 259 259 260 261 261 261 262 262 262 262 262 262 262 263 263 263 263 263 263 263 263 264 264 263 264 264 264 264 264 264 265 266 265 265 265 266 266 266 266 266 266 267 267 266 266 266 267 267 267 267 267 267 267 267 267 268 268 267 267 268 268 268 268 268 269 269 269 268 269 269 269 269 270 270 270 271 270 270 271 271 271 270 270 270 271 271 271 271 271 272 272 272 272 272 272 272 272 272 272 272 272 272 273 272 272 273 273 273 273 274 274 274 274 274 274 274 274 274 274 274 275 229 229 230 231 231 231 230 231 232 232 232 232 232 233 233 234 234 234 235 235 235 235 235 235 235 235 236 236 236 236 236 236 236 236 236 236 236 236 236 236 236 236 236 236 236 236 236 235 235 236 237 236 236 237 236 236 236 237 237 238 238 237 237 238 238 238 238 238 238 238 237 238 238 238 238 238 238 238 238 239 239 239 239 239 240 240 240 240 241 240 241 241 240 240 240 241 241 240 241 241 241 241 241 240 240 241 241 241 242 242 241 242 242 242 242 242 242 242 242 242 242 243 243 243 244 244 244 244 245 244 245 245 245 244 245 245 245 245 244 244 245 245 245 245 245 245 246 246 246 246 246 246 247 247 247 247 247 247 248 248 248 248 248 248 247 248 248 248 248 248 248 248 248 249 249 249 249 249 249 249 249 249 249 250 250 250 250 250 250 251 251 251 251 251 251 251 251 252 252 252 252 252 252 252 252 252 253 253 253 253 253 254 254 254 254 254 254 254 254 254 254 254 255 255 255 255 255 255 255 255 256 256 256 256 256 256 256 257 257 257 257 258 258 257 257 258 258 258 258 258 259 259 259 259 259 259 259 259 260 260 261 261 262 262 263 263 263 263 263 263 263 263 264 263 264 264 264 264 264 264 263 264 264 264 264 265 265 265 265 266 265 265 266 266 266 266 266 267 267 267 267 266 266 267 267 267 267 267 267 267 267 267 267 267 267 267 267 268 268 268 268 268 269 269 269 269 269 269 269 270 270 270 271 271 270 271 271 271 271 271 271 271 271 271 271 272 272 272 272 272 272 272 272 272 272 272 272 272 272 272 273 273 273 273 274 274 274 274 274 274 274 274 274 274 274 274 274 275 230 231 231 231 231 231 232 232 233 234 233 233 234 234 234 235 235 235 235 235 235 235 235 235 236 236 236 236 237 236 236 237 237 237 236 236 236 236 236 236 236 236 236 236 236 236 236 236 237 237 237 236 237 237 237 236 237 237 237 238 238 238 238 239 239 239 239 239 239 238 238 238 238 238 238 238 238 238 239 239 240 240 240 240 241 241 240 241 241 241 241 241 241 241 241 241 240 240 241 241 241 241 241 241 241 241 241 242 242 242 242 242 242 242 242 242 242 243 243 243 243 243 244 244 245 245 245 245 245 245 245 244 244 244 245 245 244 245 245 245 245 245 245 245 245 246 246 247 247 247 247 247 247 247 247 247 247 248 248 248 248 248 248 248 248 248 248 248 248 248 248 249 249 249 249 249 249 249 249 249 249 249 250 250 250 250 250 250 251 251 251 251 251 251 251 251 252 252 252 252 252 252 253 253 253 253 253 253 254 254 254 254 254 254 254 254 254 254 254 255 255 255 255 255 255 255 255 256 256 256 256 256 256 256 256 256 257 257 257 257 257 257 257 257 258 258 258 258 258 259 259 259 259 259 260 260 260 260 261 261 262 262 262 262 263 263 263 263 263 263 263 264 264 264 264 264 264 264 263 264 264 264 264 265 265 265 265 265 265 265 265 266 266 266 266 267 267 267 267 267 267 266 266 266 267 267 267 267 267 267 267 268 268 267 267 267 267 268 268 269 269 269 269 270 269 269 269 269 270 270 270 271 271 271 270 271 271 271 271 271 271 271 271 271 272 272 272 272 272 272 272 272 272 272 272 272 272 272 273 273 273 273 273 273 274 274 274 274 274 274 274 274 274 274 274 274 275 230 230 231 231 231 231 232 232 232 233 233 234 234 235 235 235 235 235 235 235 235 235 236 236 235 235 235 235 235 236 236 236 236 237 237 236 237 237 236 236 236 236 236 236 236 236 236 236 237 237 237 238 237 237 237 237 237 237 237 238 239 239 239 239 239 239 240 240 239 239 239 239 239 239 239 239 238 238 239 239 240 240 240 240 241 241 241 241 241 241 241 241 241 241 241 241 241 241 241 241 241 241 242 242 241 241 241 241 242 242 242 242 242 242 242 242 242 242 243 243 244 244 244 244 244 244 244 244 244 245 246 245 244 244 244 244 244 245 246 246 246 245 245 246 246 245 246 247 247 247 247 247 247 247 247 247 248 248 248 248 248 248 248 249 248 248 248 248 248 248 248 249 249 249 249 249 249 249 249 249 250 250 250 250 250 250 250 250 251 251 251 251 251 251 251 251 252 252 252 252 252 252 252 253 253 253 253 253 253 254 254 254 254 254 254 254 254 254 255 255 255 255 255 255 255 255 255 255 256 256 256 256 256 256 256 256 257 257 257 257 257 257 257 258 258 258 258 258 258 259 259 259 259 259 260 260 260 260 261 261 262 262 262 263 263 263 263 264 264 264 264 264 264 264 264 264 264 264 264 264 264 264 265 265 265 265 265 265 265 265 265 266 266 266 266 266 267 267 267 266 266 266 266 266 266 267 267 267 267 267 267 267 268 268 268 268 267 267 267 268 269 269 269 269 269 270 270 269 269 269 270 270 270 271 271 270 270 271 271 271 271 271 271 271 271 272 272 272 272 272 272 272 272 272 272 272 272 272 272 272 272 272 273 273 273 273 274 274 274 274 274 274 274 274 274 275 275 275 231 231 232 232 233 232 232 232 233 233 233 235 235 236 235 235 236 236 236 236 236 236 235 235 235 235 235 236 236 237 237 237 236 237 237 237 237 237 236 236 237 236 236 237 237 237 238 238 238 238 238 238 238 238 238 238 238 239 239 239 239 240 240 240 240 239 240 239 240 240 240 240 239 239 240 239 240 240 240 241 241 241 241 241 241 241 241 241 241 241 241 241 241 241 241 241 241 241 241 242 242 242 242 242 242 242 242 242 242 242 242 242 243 243 243 243 244 244 244 244 244 244 244 244 245 245 245 246 245 245 245 245 245 245 245 246 246 246 245 246 247 246 246 246 247 247 247 247 247 248 248 247 247 248 248 248 248 248 248 248 248 248 248 248 248 248 249 249 249 249 249 249 249 249 249 249 249 250 250 250 250 250 250 250 251 251 251 251 251 251 251 252 252 252 252 252 252 252 252 252 253 253 253 253 253 253 254 254 254 254 254 254 254 254 254 254 255 255 255 255 255 255 255 255 256 256 256 256 256 256 257 257 257 257 257 257 257 257 258 258 258 258 258 258 258 259 259 259 259 259 259 259 259 260 260 260 261 261 261 262 262 262 263 263 264 264 264 264 264 265 265 264 264 264 264 264 265 265 265 265 265 265 266 266 266 266 266 266 266 266 266 266 266 266 266 266 266 266 267 266 266 266 267 267 268 267 267 267 268 268 268 268 268 268 268 268 268 269 269 269 269 269 270 270 270 270 269 270 270 270 271 271 271 271 271 271 271 271 271 271 271 271 272 272 272 272 272 272 273 273 272 272 272 272 272 272 272 272 272 273 273 273 273 274 274 274 274 274 274 274 274 274 274 275 231 231 232 232 233 232 232 232 232 233 233 233 234 235 236 236 236 236 236 236 236 236 236 235 235 235 236 236 236 237 237 237 237 237 237 237 237 237 237 237 237 237 237 237 237 237 237 237 238 238 238 237 238 238 238 239 239 239 239 239 239 240 240 239 240 240 239 239 240 240 240 240 240 240 240 240 240 240 241 241 241 241 241 241 241 241 241 241 241 241 241 241 241 241 241 242 241 241 242 242 242 242 242 242 242 242 242 243 243 243 243 243 243 243 244 244 244 244 244 244 244 244 244 245 245 245 245 246 245 245 246 246 246 246 246 246 246 246 246 246 247 247 246 246 247 247 247 247 247 248 248 248 248 248 248 248 248 248 249 249 249 248 248 248 249 249 249 249 249 249 249 249 249 249 249 250 250 250 250 250 250 250 250 251 251 251 251 251 251 251 252 252 252 252 252 252 252 252 253 253 253 253 253 253 253 254 254 254 254 254 254 254 254 254 254 254 255 255 255 255 255 255 256 256 256 256 256 256 256 256 257 257 257 257 257 257 258 257 258 258 258 258 258 258 258 259 259 259 259 259 259 259 259 259 259 259 260 260 260 260 261 262 262 262 263 263 264 263 263 264 264 264 264 265 265 265 265 266 266 266 266 266 266 266 266 266 266 266 266 266 266 266 265 265 266 266 266 266 266 267 267 267 267 267 268 268 268 268 268 268 268 268 268 268 268 268 268 268 269 269 269 269 269 270 270 270 270 270 270 271 271 271 271 271 271 271 271 271 271 271 271 271 271 272 272 272 272 272 273 273 273 272 272 272 272 272 272 272 272 273 273 273 273 273 274 274 274 274 274 274 274 275 274 275 231 232 232 232 232 232 233 233 233 233 233 233 234 234 234 235 235 236 236 236 235 235 235 235 236 237 236 237 237 237 237 237 237 237 237 237 237 237 238 237 238 238 237 237 237 237 237 238 238 238 237 238 238 239 239 239 239 239 239 240 240 240 239 240 240 240 240 240 240 240 240 240 240 241 240 240 240 241 241 241 241 241 241 242 241 242 241 242 242 242 241 241 241 242 242 242 242 242 242 242 242 243 243 243 243 243 243 243 243 244 244 244 244 244 244 244 244 244 244 244 245 245 245 245 245 246 245 245 246 245 246 246 246 246 246 246 246 247 247 247 247 247 247 247 247 247 247 247 247 247 248 248 248 248 248 248 248 249 249 249 248 248 248 249 249 249 249 249 249 249 249 250 250 250 250 250 250 250 250 250 250 251 251 251 251 251 251 252 252 252 252 252 252 252 252 252 253 253 253 253 253 253 253 254 254 254 254 254 254 254 254 254 254 254 255 255 255 255 255 255 256 256 256 256 256 256 256 256 257 257 257 257 257 257 257 257 258 258 258 258 258 258 258 259 259 259 259 259 259 259 260 260 260 260 260 260 260 260 261 261 262 262 262 263 263 263 263 263 264 265 265 264 264 265 265 265 265 266 266 266 267 267 267 267 267 267 267 267 267 267 266 265 265 265 266 266 267 267 267 267 267 267 267 268 268 268 268 268 268 268 268 268 268 268 268 268 268 269 269 269 269 269 269 270 270 270 270 270 271 271 271 271 271 271 271 271 271 271 271 271 271 271 272 272 272 272 272 273 273 273 273 273 272 272 272 272 272 272 273 273 273 273 273 274 274 274 274 274 274 274 275 275 275 275 231 231 232 232 233 233 233 233 233 232 233 234 233 233 234 234 234 235 236 236 235 235 235 236 236 236 236 236 237 237 237 238 238 238 237 237 237 237 237 237 238 238 238 237 237 237 238 238 238 238 238 239 239 238 238 238 239 239 240 239 239 239 239 240 240 240 240 240 241 241 240 241 241 241 241 241 241 241 241 241 241 241 241 242 242 242 242 242 242 242 241 241 242 242 242 242 242 242 242 243 243 243 243 243 243 244 244 244 244 244 244 244 244 244 244 245 245 245 245 245 245 245 245 246 246 245 245 246 246 246 246 246 246 246 246 246 247 247 247 247 247 247 247 247 247 247 247 248 248 248 248 248 248 248 248 248 249 249 249 248 248 249 249 249 249 249 249 249 249 250 250 250 250 250 250 250 250 250 250 250 251 251 251 251 252 252 252 252 252 252 252 252 252 253 253 253 253 253 253 253 253 253 254 254 254 254 254 255 255 254 254 254 254 255 255 255 255 255 255 255 256 256 256 256 256 257 257 257 257 257 257 257 257 257 258 258 258 258 258 258 258 258 258 258 259 259 259 260 260 259 260 260 261 261 261 260 260 261 261 261 262 262 262 262 263 263 263 264 265 265 265 264 265 265 265 265 266 266 267 267 266 267 267 267 267 267 267 267 267 266 266 265 265 266 266 267 267 267 267 267 267 267 267 268 268 268 268 268 268 268 267 267 268 269 269 269 269 269 269 269 270 270 270 270 270 270 270 271 271 271 271 271 271 271 271 271 271 271 271 271 272 272 272 272 272 272 273 273 273 273 273 272 272 272 272 272 273 273 273 273 273 273 274 274 274 274 274 274 274 275 275 275 275 231 231 232 232 232 233 233 233 233 233 233 234 233 233 234 234 235 235 236 236 235 235 235 236 236 236 236 237 237 237 238 238 238 238 237 237 237 237 237 237 238 238 238 238 238 238 238 238 238 238 239 239 239 238 238 239 240 239 239 239 239 240 240 240 240 240 241 241 241 241 241 241 241 241 241 241 241 241 241 241 241 241 242 242 242 242 242 242 243 242 242 242 242 242 242 242 242 243 243 243 243 243 243 243 244 244 244 244 244 244 244 245 245 245 245 245 245 245 245 245 245 245 246 246 246 245 245 246 246 246 247 247 246 246 246 246 247 247 247 247 247 248 248 248 248 248 248 248 248 248 248 249 249 249 249 249 249 249 248 248 249 249 249 249 249 249 249 250 250 250 250 250 250 250 250 251 250 250 250 251 251 252 251 252 252 252 252 252 252 253 253 253 253 253 253 253 253 254 254 253 254 254 254 254 254 254 255 255 254 254 254 254 255 255 255 255 255 255 256 256 256 256 257 256 257 257 257 257 257 257 258 258 258 258 258 258 258 259 259 259 258 259 259 259 259 260 260 260 260 260 260 260 261 261 261 262 262 262 262 262 262 262 262 263 263 263 264 264 264 264 264 264 264 265 265 266 266 267 267 267 266 267 267 267 267 268 268 268 267 267 266 265 266 267 267 267 267 268 267 267 267 267 268 268 268 268 268 268 268 268 268 268 269 269 269 269 269 269 269 269 270 270 270 270 270 270 271 271 271 271 271 271 271 271 271 271 271 271 272 272 272 272 272 272 272 273 273 273 272 272 272 272 272 272 273 273 273 273 273 273 273 273 274 274 274 274 274 274 275 275 275 275 232 233 232 233 234 233 234 234 235 235 236 236 237 236 236 236 235 236 236 237 237 237 237 238 238 237 237 238 238 238 238 238 238 238 238 238 238 238 238 238 238 238 238 239 239 239 239 239 239 239 240 240 240 240 240 240 240 240 240 241 241 241 241 241 241 241 241 241 241 241 241 241 241 241 242 241 242 242 242 242 243 243 243 243 243 243 242 242 243 243 243 243 243 243 243 244 244 244 244 244 244 244 244 244 245 245 245 245 245 245 245 245 245 245 245 246 246 246 245 246 246 246 246 246 247 247 247 247 246 247 247 247 247 247 248 248 248 248 248 248 248 248 249 249 249 249 249 249 249 249 249 248 248 249 249 249 249 249 250 250 250 250 250 250 250 250 250 251 251 251 251 251 251 251 252 252 252 252 252 252 252 253 253 253 253 253 253 253 253 253 253 253 253 254 254 254 254 254 254 255 255 254 254 254 254 255 255 255 255 255 256 256 256 256 257 257 257 257 257 257 257 257 257 258 258 258 258 258 258 258 259 259 259 259 259 259 259 259 260 260 260 260 261 261 261 260 260 261 261 262 262 263 263 262 262 263 263 263 264 264 264 264 264 264 265 265 265 265 266 266 266 266 267 267 267 267 268 268 268 268 268 268 267 266 265 266 266 267 267 267 268 268 267 268 267 268 268 268 268 268 269 269 268 268 269 269 269 269 269 269 269 269 269 270 270 269 270 270 271 271 271 271 271 271 271 271 271 271 271 271 272 272 272 272 272 272 272 272 273 273 273 272 272 272 272 272 273 273 273 273 273 273 273 273 274 274 274 274 274 274 275 275 275 275 276 276 233 233 233 233 234 234 235 235 235 235 236 237 237 236 236 236 237 237 237 237 237 237 238 238 238 238 238 238 238 238 238 238 238 238 239 239 239 238 238 239 239 239 239 239 239 239 239 239 240 240 240 240 240 240 240 240 240 241 241 241 241 241 241 241 242 241 241 241 241 241 241 241 241 242 242 242 242 242 243 243 243 243 243 243 243 243 243 242 243 243 243 243 243 244 244 244 244 244 244 245 244 244 245 245 245 245 245 245 245 245 245 245 246 246 246 246 246 246 246 246 247 247 246 246 247 247 247 247 247 247 247 248 248 248 248 248 248 248 248 248 248 249 249 249 249 249 249 250 249 249 248 248 249 249 249 249 250 250 250 250 250 250 250 251 251 251 251 251 251 251 251 251 251 251 252 252 252 252 252 253 253 253 253 253 253 253 253 253 254 254 254 254 254 254 254 254 254 254 254 255 254 255 254 255 255 255 255 255 255 255 256 256 256 257 257 257 257 257 257 257 258 258 258 258 258 258 258 258 259 259 259 259 259 259 260 260 260 260 260 260 261 261 261 261 261 261 261 262 262 262 262 262 263 264 264 263 264 264 265 265 265 264 264 265 266 266 266 266 266 266 266 267 267 267 267 268 268 268 268 268 268 267 266 265 266 266 267 267 267 267 268 268 268 268 268 268 268 268 268 269 269 269 269 269 269 269 269 269 269 269 269 269 269 270 270 270 270 271 271 271 271 271 271 271 271 271 271 271 271 272 272 272 272 272 272 272 272 272 272 272 272 272 272 272 273 273 273 273 273 273 273 274 274 274 274 274 274 274 275 275 276 276 276 233 233 233 233 233 234 235 234 234 235 236 236 237 237 236 236 236 237 237 238 238 238 237 238 238 238 238 238 238 238 238 238 238 239 239 239 239 239 239 239 239 239 239 239 239 239 239 239 240 240 240 240 240 240 240 241 241 241 241 241 241 241 241 242 242 242 242 241 241 241 242 242 242 242 242 242 242 242 242 243 243 243 243 243 243 243 243 243 243 243 243 243 243 243 244 244 244 244 244 245 244 245 245 245 245 245 245 245 245 245 246 246 246 246 246 246 246 246 246 246 246 247 247 247 247 247 247 247 247 248 248 248 248 248 248 248 248 248 248 248 249 249 249 249 250 249 250 250 250 250 249 249 249 249 249 249 249 250 250 250 250 250 251 251 251 251 251 251 251 251 251 252 252 252 252 252 252 252 252 252 253 253 253 253 253 253 253 254 254 254 254 254 254 254 254 254 254 254 254 255 254 254 255 255 255 255 255 255 255 256 256 256 256 257 257 257 257 257 257 258 258 258 258 258 258 258 258 258 258 259 259 259 259 259 260 260 260 260 260 261 261 261 261 261 262 262 262 262 263 263 263 263 263 263 264 264 264 264 265 265 265 265 265 265 265 266 266 266 266 266 267 267 267 267 267 268 268 268 268 268 268 267 266 266 266 266 267 267 267 268 268 268 268 268 268 268 268 268 268 269 269 269 269 269 269 269 269 269 269 269 269 269 269 270 270 270 270 271 271 271 271 271 271 271 271 271 271 271 271 271 272 272 272 272 273 273 273 272 272 272 272 272 273 273 273 273 273 273 273 273 273 274 274 274 274 275 275 234 235 234 235 236 236 235 236 237 237 236 236 237 237 237 238 238 238 238 238 238 238 238 238 238 238 238 238 239 239 239 239 239 239 239 239 240 240 240 240 239 240 239 240 240 241 241 240 241 241 241 241 241 241 241 242 241 242 242 242 242 242 242 242 242 242 242 242 242 242 242 242 243 243 243 243 243 244 244 244 244 244 243 244 243 244 244 244 244 244 244 244 244 244 245 245 245 245 245 245 245 245 245 245 245 245 246 246 246 246 246 246 247 246 246 246 246 247 247 247 247 247 247 248 248 248 248 248 248 248 248 249 249 249 249 249 249 249 249 250 250 250 250 250 250 249 249 249 250 250 250 250 250 250 250 250 250 251 251 251 251 251 251 251 251 251 252 252 252 252 252 252 252 253 253 253 253 253 253 254 253 254 254 254 254 254 254 254 255 255 255 255 255 255 255 254 255 255 255 255 255 255 255 256 256 256 256 256 257 257 257 257 257 257 257 257 258 258 258 258 259 259 259 259 259 259 259 259 259 259 260 260 260 260 260 261 261 261 261 262 262 262 262 263 263 264 264 263 264 263 264 264 264 264 265 265 266 266 265 265 266 267 267 267 267 267 267 267 267 267 268 268 268 268 268 268 268 267 266 266 266 267 267 267 268 268 268 268 269 269 269 268 269 268 268 268 269 269 269 269 269 269 269 269 269 270 270 270 270 270 270 271 271 271 271 271 271 271 271 271 271 271 271 271 271 272 272 272 272 272 272 272 272 272 273 273 273 273 273 273 274 273 274 273 274 274 274 274 274 234 234 234 234 235 235 235 235 236 237 237 236 236 237 238 238 238 238 238 238 238 238 238 238 238 239 238 238 238 239 239 239 239 239 239 239 239 239 240 240 240 240 240 240 240 241 241 241 241 241 241 241 241 241 241 241 242 241 242 242 242 242 242 242 242 242 242 242 242 242 242 242 243 243 243 243 243 243 243 244 244 244 244 244 244 244 244 244 244 244 244 244 244 245 245 245 245 245 245 245 245 245 245 245 245 245 245 246 246 246 246 246 246 247 247 246 246 246 247 247 247 247 247 247 248 248 248 248 248 248 248 249 249 249 249 249 249 249 249 249 250 250 250 250 250 250 249 249 250 250 250 250 250 250 250 250 250 251 251 251 251 251 251 251 251 251 252 252 252 252 253 253 253 253 253 253 253 253 253 254 254 254 254 254 254 254 254 254 254 255 255 255 255 255 255 255 255 255 255 255 256 256 256 256 256 256 256 256 256 257 257 257 257 257 257 257 258 258 258 258 259 259 259 259 259 259 259 259 260 259 260 260 260 261 260 260 261 261 261 261 262 262 262 263 263 264 264 264 264 264 264 264 264 264 264 264 265 266 266 266 266 267 267 267 267 267 267 267 267 267 267 268 268 268 268 268 268 268 267 266 266 266 267 267 267 268 268 268 268 269 269 269 269 269 269 269 269 269 269 269 270 269 269 269 269 269 270 270 270 270 270 270 271 271 271 271 271 271 271 271 271 271 271 271 271 272 272 272 272 272 272 272 272 272 272 273 273 273 273 273 274 274 274 274 274 274 274 274 274 274 275 234 235 236 236 235 235 235 236 236 237 237 236 237 237 238 238 238 238 238 238 238 238 238 238 239 239 239 239 239 239 239 239 239 239 239 239 239 240 240 240 240 240 240 240 241 241 241 241 241 241 241 241 241 241 241 241 241 241 242 242 242 242 242 242 242 242 242 242 242 243 243 243 243 243 243 243 243 243 244 244 244 244 244 244 244 244 244 244 244 244 245 245 245 245 245 245 245 245 245 245 245 245 245 246 246 246 246 246 246 246 246 246 246 246 246 246 246 247 247 247 247 247 248 248 248 248 248 248 248 248 249 249 249 249 249 249 249 249 250 250 250 250 250 250 250 250 249 250 250 250 250 250 250 250 250 251 251 251 251 251 251 251 251 251 252 252 252 252 252 252 252 253 253 253 253 253 253 253 254 254 254 254 254 254 254 254 254 254 255 255 255 255 255 255 255 255 255 255 255 256 256 256 256 256 256 256 256 256 256 257 257 257 257 257 257 258 258 258 258 258 258 258 259 259 259 259 260 260 260 260 260 260 260 261 261 260 261 261 261 261 262 262 262 263 263 263 263 264 264 264 264 265 265 265 265 265 265 265 266 267 267 267 267 267 267 267 267 267 267 267 267 268 268 268 268 268 268 268 267 267 266 266 267 267 267 268 268 268 268 268 268 269 269 269 269 269 269 269 269 269 270 270 270 270 270 270 270 270 270 270 270 270 270 271 271 271 271 271 271 271 271 271 271 272 272 272 272 272 272 272 272 272 272 272 273 273 273 274 274 274 274 274 274 274 274 274 274 274 275 275 275 235 236 236 236 235 235 235 236 237 237 236 237 237 237 237 238 238 238 239 239 239 238 238 238 239 239 239 239 239 239 239 239 239 239 240 239 240 240 240 240 240 240 241 241 241 241 241 241 242 242 242 241 241 241 241 241 241 242 242 242 242 242 242 242 242 242 242 243 243 243 243 243 243 243 243 243 244 244 244 244 244 245 245 245 244 244 244 244 244 245 245 245 245 245 246 245 245 245 245 245 246 246 246 246 247 246 247 247 247 247 246 246 246 246 246 247 247 247 247 247 248 248 248 248 248 248 248 248 249 249 249 249 249 249 250 250 250 250 250 250 250 250 250 250 250 250 250 250 250 250 250 250 250 251 251 251 251 251 251 251 251 252 252 252 252 252 253 252 252 253 253 253 253 254 253 253 254 254 254 254 254 254 254 254 255 255 255 255 255 255 255 255 255 255 255 255 255 256 256 256 256 256 256 256 256 256 256 257 257 257 257 257 257 258 258 258 258 258 258 258 259 259 259 259 259 259 260 260 260 261 261 261 261 261 261 261 261 262 262 262 262 263 263 263 263 264 264 265 264 264 264 265 265 265 266 266 265 266 267 266 266 266 267 267 267 267 267 267 267 267 268 268 268 268 268 267 267 267 267 267 266 267 267 267 268 268 268 269 269 269 269 269 269 269 269 269 269 269 269 270 270 270 270 270 270 270 270 270 270 270 270 270 271 271 270 271 271 271 271 271 272 272 272 272 272 272 272 272 272 272 272 273 273 273 273 274 274 274 274 274 274 274 274 274 274 275 275 275 275 231 231 234 235 236 236 236 236 236 235 236 237 237 236 237 237 237 237 238 239 239 239 239 239 239 239 239 238 239 239 239 239 239 239 239 239 239 240 240 240 240 240 240 241 241 241 241 241 241 241 241 241 242 242 242 242 242 242 242 242 242 242 241 242 242 242 242 243 243 243 243 243 243 243 243 243 243 243 244 244 244 244 244 244 245 245 245 245 245 244 244 244 245 245 245 245 245 246 246 245 245 245 246 246 246 246 246 246 246 247 247 247 247 247 247 247 247 247 247 247 247 247 247 248 248 248 248 248 248 248 248 249 249 249 249 249 249 250 250 250 250 250 250 250 250 250 250 251 250 250 250 250 250 251 251 251 251 251 251 251 251 251 251 252 252 252 252 252 253 253 253 253 253 253 254 254 254 254 254 254 254 255 254 254 254 254 254 255 255 255 255 255 255 255 255 255 255 255 255 255 256 256 256 256 256 256 256 257 257 257 257 257 257 257 257 258 258 258 258 258 258 258 258 259 259 259 259 259 259 260 260 260 260 260 261 261 261 262 262 262 262 262 262 262 262 263 263 263 264 264 264 265 265 265 266 266 265 266 266 266 266 267 267 266 266 266 267 267 267 267 267 267 267 268 268 268 267 267 267 268 268 268 267 267 267 267 267 268 268 268 268 269 269 269 269 269 269 269 269 269 269 269 269 270 270 270 270 270 270 270 271 271 270 270 271 271 271 271 271 271 271 271 271 272 272 272 272 272 272 272 272 272 272 273 273 273 274 274 274 274 274 231 233 232 235 235 235 235 236 236 236 237 237 237 236 236 236 236 236 237 237 237 238 238 239 239 239 239 239 239 239 238 239 239 239 239 240 240 240 239 239 239 240 240 240 240 240 240 241 241 241 241 241 241 241 241 241 242 242 242 242 243 242 242 242 242 242 242 242 242 242 242 243 243 243 243 243 243 243 243 243 243 244 244 244 244 244 244 245 245 245 245 245 245 245 245 245 245 245 245 245 245 245 246 245 245 245 245 245 246 246 246 246 246 247 247 247 247 248 248 248 247 247 248 248 248 248 248 248 248 248 248 249 249 249 249 249 249 249 249 250 249 250 250 250 250 250 250 250 250 250 250 251 250 250 250 250 250 251 251 251 251 251 251 251 251 252 252 252 252 252 252 252 253 253 253 253 253 254 254 254 254 254 254 254 254 255 255 254 254 254 254 254 255 255 255 255 255 255 255 255 255 256 255 256 256 256 256 256 256 257 257 257 257 257 257 257 257 257 258 258 258 258 258 258 258 258 259 259 259 259 259 259 259 260 260 260 260 261 261 261 262 262 262 262 262 262 263 263 263 263 264 264 264 264 264 264 264 265 265 266 266 266 266 266 267 267 267 266 267 267 267 267 267 267 268 268 268 268 268 268 268 268 268 268 268 267 267 267 267 267 267 268 268 268 269 269 269 269 269 269 270 270 270 270 269 269 269 270 270 270 270 270 270 271 271 271 271 271 271 271 271 271 271 271 271 271 271 272 272 272 272 272 272 272 272 272 273 273 273 273 274 231 233 234 233 232 231 232 231 231 234 235 235 236 236 235 236 236 237 237 236 236 237 237 236 237 237 237 237 237 237 238 238 239 239 239 239 239 239 239 239 239 239 240 239 240 240 240 240 239 239 239 240 240 240 240 240 241 241 241 241 241 241 242 241 242 242 242 242 242 242 242 243 243 243 243 243 243 243 242 243 242 243 243 243 243 243 243 243 244 244 244 244 244 244 245 244 245 245 245 245 245 245 245 245 245 245 245 245 245 245 246 245 245 245 246 246 246 246 246 246 246 246 246 247 247 248 248 248 248 248 248 248 248 248 248 248 248 248 248 248 249 249 249 249 249 249 250 250 250 250 250 250 250 250 250 250 250 250 251 251 251 250 250 250 250 251 251 251 251 251 251 251 251 251 252 252 252 252 252 252 253 253 253 253 253 253 254 254 254 254 254 254 254 254 254 255 255 254 254 255 255 255 255 255 255 255 255 256 256 256 256 255 256 256 256 256 256 257 257 257 257 257 257 257 257 257 257 258 258 258 258 258 258 258 258 259 259 259 259 260 260 259 260 260 260 260 261 261 262 261 262 262 262 262 262 263 263 263 263 264 264 265 264 265 265 265 265 265 265 265 266 266 266 266 267 267 267 266 267 267 267 267 268 268 268 268 268 268 268 268 269 269 269 268 267 267 267 267 267 267 268 268 268 269 269 269 269 269 269 270 270 270 270 270 270 270 270 270 270 270 270 271 271 271 271 271 271 271 271 271 271 271 271 271 271 272 272 272 272 272 272 272 272 272 273 273 273 273 274 274 231 233 235 235 234 232 234 234 234 233 232 235 235 236 236 236 236 237 237 237 237 237 237 236 236 237 237 238 237 237 237 237 238 239 239 239 239 239 239 239 240 240 240 240 240 240 240 240 240 240 240 240 240 240 240 240 241 241 241 241 241 241 241 241 241 241 242 242 242 242 242 243 242 243 242 242 243 243 243 243 243 243 243 242 243 243 243 243 243 244 244 244 244 244 244 244 244 244 245 245 245 245 245 245 246 246 246 246 246 246 246 246 246 246 246 246 246 247 246 246 246 246 247 247 247 247 248 248 248 248 248 248 248 248 248 248 248 248 248 248 248 249 249 249 249 249 249 250 250 250 250 250 250 250 250 250 251 251 250 251 251 251 251 250 250 250 250 251 251 251 251 251 251 251 252 252 252 252 252 252 252 253 253 253 253 253 253 254 254 254 254 254 253 254 254 254 254 255 255 255 255 255 255 255 255 255 255 255 256 256 256 256 256 256 256 256 256 256 257 257 257 257 257 257 257 257 257 257 258 258 258 258 258 258 258 258 259 259 259 259 260 260 260 260 260 260 261 261 261 262 261 262 262 262 262 262 262 263 263 263 264 264 264 264 265 265 265 265 265 266 266 266 266 266 266 267 267 267 267 267 267 267 267 268 268 268 268 268 268 268 268 269 269 269 268 268 267 267 267 267 267 268 268 268 268 269 269 269 269 269 269 270 270 270 270 270 270 270 270 270 270 270 270 271 271 271 271 271 271 271 271 271 271 271 271 271 272 272 272 272 272 272 272 272 272 272 273 273 273 273 274 274 232 233 234 234 234 234 235 236 235 234 233 233 232 232 235 235 235 235 236 236 236 237 237 237 237 238 238 237 237 237 237 237 238 238 238 238 237 237 238 238 239 240 239 240 240 240 240 240 240 240 240 240 240 240 240 240 240 241 241 240 240 240 240 241 241 241 241 241 242 242 242 242 242 242 242 242 242 243 243 243 243 243 242 243 243 243 243 243 243 243 244 244 244 244 244 244 244 244 244 244 244 244 245 245 245 245 245 245 245 245 245 246 246 246 246 246 246 246 246 246 246 246 247 247 247 247 247 247 247 248 248 248 248 248 248 248 248 248 248 248 248 248 248 249 248 249 249 249 249 249 249 249 250 250 250 250 250 250 250 250 250 251 251 251 251 251 251 251 250 250 251 251 251 251 251 251 251 251 251 251 252 252 252 252 252 253 253 253 253 253 254 254 254 254 254 254 254 254 254 254 254 254 254 255 255 254 255 255 255 255 255 256 256 256 256 256 256 256 256 256 256 256 256 257 257 257 257 257 257 257 258 258 258 258 258 258 258 258 259 259 259 259 259 259 259 259 260 259 260 260 261 261 261 261 261 261 262 262 263 262 262 262 263 263 263 264 264 264 265 265 265 265 266 266 266 266 266 267 267 267 267 267 267 267 267 267 267 268 268 268 268 268 268 268 268 268 268 268 268 268 268 268 268 267 267 268 268 268 268 268 269 269 269 269 269 269 270 270 270 270 270 270 270 270 270 270 270 271 271 271 271 271 271 271 271 271 271 271 272 272 272 272 272 272 272 272 272 272 273 273 273 273 273 273 273 274 274 232 233 234 234 235 235 236 236 235 235 234 235 234 232 235 235 235 235 235 235 236 236 236 237 237 236 237 238 237 237 237 237 237 238 238 239 238 238 238 239 238 239 239 239 239 240 240 240 240 240 240 240 240 240 240 240 240 241 241 241 241 241 241 240 240 241 241 241 242 242 242 242 242 242 242 242 242 242 242 242 242 243 243 243 243 243 243 243 243 243 243 243 243 244 244 244 244 244 244 244 244 244 244 245 245 245 245 245 245 245 245 246 246 246 246 246 246 246 246 246 246 246 246 246 247 247 248 247 247 248 248 248 248 248 248 248 248 248 248 248 248 248 248 248 248 249 249 249 249 249 249 249 250 250 250 250 250 250 250 250 250 250 251 251 251 251 251 251 251 251 250 251 251 251 251 251 251 251 251 252 252 252 252 252 253 253 253 253 253 253 253 254 254 254 254 254 254 254 254 254 254 254 254 255 255 255 255 255 255 255 255 255 256 256 256 256 256 256 256 256 256 256 256 256 256 257 257 257 257 257 257 258 258 258 258 258 258 258 258 259 259 259 259 259 259 259 259 259 259 259 260 260 260 261 261 261 261 262 262 262 262 262 262 262 262 263 263 264 264 264 265 265 265 265 265 266 266 266 266 266 267 267 267 267 267 267 267 267 267 267 268 268 268 268 268 268 268 268 268 268 268 268 268 267 267 267 267 268 268 268 268 268 269 269 269 270 269 269 270 270 270 270 270 270 270 270 270 270 271 271 271 271 271 271 271 271 271 271 271 272 272 272 272 272 272 272 272 272 273 273 273 273 273 273 273 273 273 274 274 274 233 234 234 235 235 236 236 236 235 235 235 234 233 233 233 233 235 235 236 236 235 236 236 237 237 237 237 237 237 238 238 237 237 237 238 239 239 239 238 238 239 239 239 240 239 240 240 240 240 239 239 239 240 240 240 240 240 240 240 240 241 241 241 241 241 241 241 241 241 241 242 242 242 242 242 242 242 242 242 243 242 242 243 243 243 244 243 243 243 243 243 243 243 243 243 244 244 244 245 245 245 245 245 245 245 245 245 245 245 245 246 246 246 246 246 246 246 246 246 246 246 246 246 246 246 247 247 247 247 247 247 247 248 248 248 248 248 248 248 248 248 248 248 248 248 248 248 249 249 249 249 249 250 250 250 250 250 250 250 250 250 250 251 251 251 251 251 251 251 251 251 252 251 251 251 251 251 251 251 251 251 252 252 252 252 252 252 253 253 253 253 253 253 254 254 254 254 254 254 254 254 254 254 254 254 254 255 255 255 255 255 255 255 255 256 256 256 256 256 256 256 257 256 256 257 256 257 257 257 257 257 257 258 258 258 258 258 258 258 258 259 259 259 259 259 259 259 259 259 259 259 260 260 260 261 261 261 261 261 261 262 261 262 262 262 263 263 263 263 264 264 264 265 265 266 265 265 266 266 266 266 266 266 267 267 267 267 267 267 267 267 267 268 268 268 268 268 268 268 268 268 267 268 268 268 267 267 268 268 268 268 268 268 268 269 269 269 270 270 270 269 270 270 270 270 270 270 270 270 271 271 271 271 271 271 271 271 271 271 271 271 272 272 272 272 272 272 272 272 272 273 273 273 273 273 273 273 273 273 274 274 233 234 235 235 236 236 235 236 236 236 235 234 234 235 235 235 235 235 235 234 234 234 234 234 234 234 234 234 234 234 234 234 235 235 235 235 236 236 236 236 236 237 237 237 237 237 237 238 238 238 237 238 238 238 239 239 239 239 239 239 240 240 240 240 240 240 240 240 240 239 240 240 240 240 240 240 240 241 241 241 241 241 242 242 242 242 242 241 241 242 242 242 242 242 242 242 243 243 242 243 243 243 244 243 244 244 244 244 244 243 243 243 243 244 244 244 245 245 245 245 245 245 245 245 245 245 245 246 246 246 246 246 246 246 246 246 247 246 246 247 246 247 247 247 247 247 247 247 247 248 248 248 249 249 249 248 248 248 248 248 248 249 248 249 249 249 249 249 249 250 250 250 250 250 250 250 250 250 250 251 251 251 251 251 251 252 251 252 252 252 251 251 251 251 251 251 252 252 252 252 252 252 252 252 252 252 253 253 253 253 253 254 254 254 254 254 254 254 254 254 254 254 254 254 255 255 255 255 255 255 256 256 256 256 256 256 256 256 257 257 256 257 257 256 257 257 257 257 257 257 258 258 258 258 258 258 258 258 259 259 259 259 259 259 259 259 259 260 260 260 260 261 261 261 261 261 261 261 261 261 261 262 262 263 263 264 264 264 264 265 265 265 265 266 266 266 266 266 266 266 267 267 267 267 267 267 267 267 267 267 268 268 267 267 268 268 268 268 268 268 267 267 268 267 267 268 268 269 269 269 268 269 269 269 269 269 270 270 270 270 270 270 270 270 271 271 271 271 271 271 271 271 271 271 271 271 271 271 272 272 272 272 272 272 272 272 273 273 273 273 273 273 273 273 274 274 274 274 274 234 236 236 236 236 236 236 235 234 234 234 235 235 236 236 236 236 236 236 235 235 235 236 236 235 235 235 235 235 235 235 236 236 236 236 237 236 236 236 237 237 237 237 238 238 238 238 238 238 238 238 238 239 238 238 239 239 239 240 240 240 241 241 241 240 240 240 240 240 240 240 240 240 241 241 241 241 241 241 241 242 242 242 242 242 242 241 242 242 242 242 242 243 243 243 243 243 243 243 243 244 243 244 244 244 244 244 244 244 244 244 243 244 244 244 245 245 245 245 245 245 245 245 245 246 246 246 246 246 246 246 246 247 247 247 247 247 247 247 247 247 247 247 247 247 247 247 248 248 248 249 249 249 249 249 248 248 249 249 249 249 249 249 249 249 249 250 250 250 250 250 250 250 250 250 251 251 251 251 251 251 251 251 252 252 252 252 252 252 251 251 251 251 251 252 252 252 252 253 253 252 253 253 252 252 253 253 253 253 254 254 254 254 254 254 254 254 255 255 254 255 255 255 255 255 255 256 256 256 256 256 256 256 256 257 257 257 257 256 256 257 256 256 257 257 257 257 257 258 258 258 258 258 258 258 259 259 259 259 259 259 259 259 260 260 260 260 260 261 261 261 261 261 262 262 262 262 262 262 262 262 262 263 263 263 264 264 265 265 265 265 266 266 266 266 266 266 267 267 267 267 267 267 267 266 266 267 267 267 268 267 267 267 268 268 269 268 268 268 267 267 267 268 268 268 269 269 269 269 269 269 269 269 269 270 270 270 270 270 270 270 270 271 271 271 271 271 271 271 271 271 272 272 271 271 272 272 272 272 272 272 272 272 273 273 273 273 273 273 273 273 273 274 274 274 274 274 235 235 235 236 236 236 235 234 234 234 235 235 236 237 237 237 237 237 237 237 237 237 237 237 237 236 236 236 236 236 236 236 236 236 236 237 237 237 237 237 237 237 237 237 238 238 238 238 238 238 238 238 238 239 239 239 239 240 240 241 241 241 241 241 240 240 240 241 241 241 241 241 241 241 241 241 241 242 242 242 242 242 242 242 242 241 242 242 242 243 243 243 243 243 243 243 243 243 244 244 244 244 244 244 244 244 244 245 244 244 244 244 244 244 245 245 245 245 245 246 246 246 246 246 246 246 246 246 246 247 247 247 247 247 247 247 247 247 247 247 247 248 248 248 248 248 248 248 248 248 249 249 249 249 249 249 250 250 249 249 249 249 249 250 250 250 250 250 250 250 250 251 251 251 251 251 251 251 251 251 251 251 252 252 252 252 252 252 252 252 251 251 251 252 252 252 253 253 253 253 253 253 253 253 253 253 253 254 254 254 254 254 254 254 254 255 255 255 255 255 255 255 255 255 256 256 256 256 256 256 256 256 256 257 257 257 257 257 256 257 257 257 257 257 257 257 257 258 258 258 258 258 259 259 259 259 259 259 259 259 259 260 260 260 260 260 260 261 261 260 261 261 262 262 262 262 263 262 262 263 263 263 264 264 264 264 264 265 265 265 265 266 266 266 267 267 267 267 267 267 267 267 266 266 267 267 268 267 267 267 267 267 268 268 268 268 268 267 268 267 267 268 268 268 269 269 269 269 269 269 269 269 270 270 270 270 270 270 270 270 270 271 271 271 271 271 271 271 271 271 271 271 271 271 271 272 272 272 272 272 273 273 273 273 273 273 273 273 273 273 273 274 274 274 274 274 235 236 236 237 237 236 235 235 235 235 235 236 237 238 238 238 238 237 238 238 238 237 238 238 238 237 237 237 237 236 236 236 237 236 237 237 237 237 237 237 238 237 238 238 238 238 238 239 238 239 239 239 239 239 239 239 239 240 240 241 241 241 241 240 240 240 241 241 241 241 241 241 241 241 241 241 242 242 242 242 242 242 242 242 242 242 242 243 243 243 243 243 243 243 243 244 244 243 243 244 244 244 244 244 244 245 245 244 244 244 245 245 244 245 245 245 245 245 246 246 246 246 246 246 246 246 246 246 247 247 247 247 247 247 247 247 247 247 247 248 248 248 248 248 248 248 248 248 248 249 249 249 249 249 249 250 250 250 249 249 249 249 250 250 250 250 250 250 250 251 251 251 251 251 251 251 251 251 251 251 252 252 252 252 252 253 252 252 252 252 252 251 252 252 253 253 253 253 254 253 253 253 253 253 253 254 254 254 254 254 254 254 254 255 255 255 255 255 255 255 255 255 255 255 256 256 256 256 256 256 256 256 257 257 257 257 256 257 257 257 257 257 257 257 257 257 258 258 258 259 259 259 259 259 259 259 259 259 260 260 260 260 260 260 261 261 261 261 261 261 261 262 262 262 263 263 263 263 263 263 263 264 264 264 264 264 265 265 265 265 266 266 266 267 267 267 267 267 267 266 266 266 267 268 268 268 268 267 267 267 267 268 268 268 268 268 268 268 267 267 268 268 269 269 269 269 269 269 269 269 269 270 270 270 270 270 270 270 270 270 270 271 271 271 271 271 271 271 271 271 271 272 272 272 272 272 272 272 272 272 272 273 273 273 273 273 273 273 273 274 274 274 274 236 237 238 238 237 237 237 236 236 237 237 238 238 238 238 238 238 239 238 238 238 239 238 238 238 237 237 237 236 237 237 237 237 237 237 237 237 238 238 238 238 238 238 238 238 239 238 239 239 239 239 239 239 240 240 240 240 241 241 241 241 241 241 241 241 241 241 241 241 241 241 241 241 241 241 242 242 242 243 242 242 242 242 242 243 242 243 243 243 243 243 243 243 243 244 244 244 243 243 244 244 244 244 244 245 245 245 245 245 244 244 244 245 245 245 245 245 246 246 246 246 246 246 246 247 247 247 247 247 247 247 247 247 247 247 247 248 248 248 248 248 248 248 248 248 248 248 248 249 249 249 249 250 249 250 250 250 250 250 250 250 250 250 250 250 250 250 251 251 251 251 251 251 251 251 251 251 252 252 252 252 252 252 253 253 252 252 252 252 252 252 252 252 252 252 253 253 254 254 253 253 253 253 254 254 254 254 254 254 254 255 255 255 255 255 255 255 255 255 255 255 256 256 256 256 256 256 256 256 256 257 257 257 257 257 257 257 257 258 258 257 257 257 257 258 258 258 259 259 259 259 259 259 259 259 259 259 260 260 260 260 260 261 261 261 261 261 261 261 261 262 262 262 262 263 263 263 263 263 264 264 264 264 264 265 265 265 265 266 266 266 266 266 267 266 266 266 266 266 267 267 267 268 268 267 267 267 267 267 267 267 268 268 267 267 268 268 267 268 268 268 269 269 269 269 269 269 269 269 269 270 270 270 270 270 270 270 270 270 270 270 271 271 271 271 271 271 271 271 271 272 272 272 272 272 272 272 272 272 272 273 273 273 273 273 273 273 274 274 274 274 274 238 238 238 237 237 237 237 237 237 237 238 238 238 238 238 239 239 239 239 239 239 239 239 238 238 238 238 238 238 239 238 238 238 238 238 237 238 238 239 238 238 238 238 239 240 239 240 240 240 240 240 240 240 240 240 241 241 241 241 241 242 242 241 241 241 241 241 241 241 242 242 242 242 242 242 242 242 242 243 243 243 242 242 242 243 243 243 243 244 244 243 244 244 244 244 244 244 243 243 244 244 245 245 244 244 245 246 245 244 244 244 245 245 246 246 246 246 246 246 246 246 246 247 247 247 247 247 247 248 248 248 247 247 248 247 248 248 248 248 248 248 248 249 249 249 249 249 249 249 249 249 249 249 249 249 250 250 250 250 250 250 250 250 251 251 251 251 251 251 251 251 251 251 251 251 251 252 252 252 252 252 252 252 252 252 252 252 252 252 252 252 252 252 253 253 254 254 254 254 253 253 253 254 254 254 254 254 254 254 255 255 255 255 255 255 255 255 256 256 256 256 256 256 256 256 256 256 257 257 257 257 257 257 257 257 257 257 258 258 258 257 257 257 258 258 259 259 259 259 259 259 259 259 259 260 260 260 260 260 260 261 261 261 261 261 261 261 261 261 262 262 263 263 263 262 263 263 264 264 264 264 264 264 265 265 266 266 266 266 266 266 267 267 267 266 266 265 266 267 267 267 267 267 267 267 267 268 267 268 268 267 268 268 267 268 268 268 268 268 269 269 269 269 269 269 269 269 269 270 270 270 270 270 270 270 271 271 271 271 270 271 271 271 271 271 271 271 271 271 271 272 272 272 272 272 272 272 272 273 273 273 273 273 273 273 273 274 274 274 274 274 238 238 238 238 238 238 238 238 238 237 238 238 238 239 238 239 239 239 239 240 240 240 239 239 239 238 239 239 239 239 239 239 239 239 239 238 238 239 239 239 240 240 240 240 241 241 241 241 241 241 241 241 241 240 240 240 241 241 241 241 242 242 242 242 242 242 241 242 242 242 242 242 242 242 242 242 242 242 243 243 243 243 243 243 243 243 243 243 244 244 244 244 244 244 244 244 244 244 244 244 244 244 245 244 244 244 244 244 244 245 245 245 245 245 245 246 246 246 246 246 246 247 247 247 247 247 247 247 247 247 248 248 248 248 248 248 248 248 248 248 248 249 249 249 249 249 249 249 249 249 249 250 250 249 249 250 250 250 250 251 251 251 251 251 251 251 251 251 251 251 251 251 251 251 251 252 252 252 252 252 252 253 253 253 252 252 252 252 253 253 253 253 253 253 253 253 254 254 254 253 253 253 254 254 254 254 255 255 255 255 255 255 255 255 255 255 256 256 256 256 256 256 256 257 257 257 257 257 257 257 257 257 257 257 257 257 257 258 258 257 257 257 257 258 258 259 259 259 259 259 259 259 259 259 260 260 260 260 260 261 261 261 261 261 261 261 261 261 262 262 262 262 263 263 262 263 263 264 264 264 263 264 264 264 265 265 265 266 266 266 267 267 267 267 267 266 266 266 266 267 267 267 267 267 267 267 267 268 267 268 267 268 268 268 268 268 268 268 268 269 269 269 269 269 269 269 269 269 269 270 270 270 270 270 270 271 271 271 271 271 271 271 271 271 271 271 271 271 271 271 271 272 272 272 272 272 272 273 273 273 273 273 273 273 273 274 274 274 274 274 275 238 238 238 238 238 238 238 239 238 238 238 238 238 239 239 240 239 240 240 240 240 240 240 240 239 239 239 240 240 240 240 240 240 240 239 239 240 240 241 241 241 241 241 241 241 241 241 241 241 241 241 241 241 241 241 241 241 241 241 242 242 242 242 242 242 242 242 242 242 242 242 242 242 242 242 242 242 243 243 243 243 243 243 243 243 244 244 244 244 244 245 245 245 244 244 244 244 244 244 244 244 244 244 244 244 244 245 245 247 246 246 245 245 245 246 246 246 246 246 246 247 247 247 247 247 247 247 248 248 248 248 248 248 248 248 248 248 248 248 249 249 249 249 249 249 249 249 250 250 250 250 250 250 250 250 250 250 251 251 251 251 251 251 251 251 251 251 251 251 251 252 251 251 251 252 252 252 252 252 252 253 253 253 252 252 252 253 253 253 253 253 253 253 253 253 254 254 254 254 254 254 254 254 254 254 255 255 255 255 255 255 255 255 255 255 256 256 256 256 256 256 256 257 257 257 257 257 257 257 257 257 257 257 257 257 257 257 258 258 258 257 258 258 258 259 259 259 259 259 259 259 259 260 260 260 260 260 261 261 261 261 261 261 261 261 262 262 262 262 262 262 262 263 262 263 263 264 264 264 263 263 264 264 265 265 266 266 266 266 267 267 267 267 267 267 267 266 265 266 267 267 266 267 267 267 267 267 267 268 268 268 268 268 268 268 268 268 268 269 269 269 269 269 269 269 269 269 269 270 270 270 270 270 270 271 271 271 271 271 271 271 271 271 271 271 271 272 271 271 271 272 272 272 272 272 272 273 273 273 273 273 273 273 273 274 274 274 274 275 275 238 238 238 238 238 238 239 238 238 238 239 238 239 239 240 240 240 240 240 240 240 240 240 240 240 240 240 241 241 240 240 240 241 241 241 241 241 241 241 241 241 241 241 241 241 241 242 242 242 241 241 242 241 241 241 241 242 242 242 242 241 242 242 242 242 242 242 242 242 242 242 242 242 242 242 243 243 243 243 243 243 243 244 244 244 244 244 244 245 245 245 245 245 245 245 244 244 245 245 245 245 245 246 245 244 245 245 246 246 246 246 246 246 246 246 246 246 247 247 247 247 247 247 247 248 248 248 248 248 248 248 248 248 248 248 248 249 249 249 249 249 249 249 249 249 250 250 250 250 250 250 250 250 250 250 251 251 251 251 251 251 251 251 251 251 251 251 251 251 251 252 251 252 252 252 252 252 252 252 252 253 253 252 252 252 252 253 253 253 253 253 254 254 254 254 254 254 254 254 254 254 254 254 255 255 255 255 255 255 255 255 256 256 256 256 256 256 256 257 257 257 257 257 257 257 257 257 257 257 257 257 258 257 257 258 258 258 258 258 258 258 258 259 259 259 259 259 259 259 259 260 260 260 260 260 261 261 261 261 261 261 261 261 262 262 262 262 262 262 262 262 262 263 263 263 264 264 264 263 264 264 264 265 265 265 265 266 266 266 267 267 267 267 267 267 267 266 266 266 267 267 266 267 267 267 268 268 267 268 268 268 268 268 268 268 268 269 269 269 269 269 269 269 269 270 270 270 270 271 270 270 270 271 271 271 271 271 272 271 271 271 271 271 271 272 272 272 272 272 272 272 272 272 273 273 273 273 273 273 273 273 273 274 274 274 274 274 275 275 238 238 238 238 238 238 238 238 239 238 238 239 239 240 240 240 241 241 240 240 240 240 240 240 241 240 240 240 240 240 240 241 241 241 241 241 241 241 241 241 241 241 241 241 241 242 242 242 242 242 242 242 241 241 241 241 242 242 242 241 242 242 242 242 242 242 243 242 242 242 243 243 243 243 243 243 243 243 243 244 243 244 244 244 244 244 244 244 245 245 245 245 245 244 244 245 245 245 245 245 246 246 246 245 245 245 246 246 246 246 247 246 247 247 247 247 247 247 247 247 247 247 247 248 248 248 248 248 248 249 249 249 249 249 249 249 249 249 249 249 249 249 250 250 250 250 250 250 250 250 250 250 250 251 251 251 251 251 251 251 251 251 251 251 251 252 251 251 251 251 251 252 252 252 252 252 252 252 253 253 253 252 252 253 253 253 253 254 253 253 254 254 254 254 254 254 255 254 255 255 255 254 255 255 255 255 255 255 255 255 255 255 256 256 256 256 256 257 257 257 257 257 257 257 257 257 257 257 257 257 258 257 258 258 258 258 258 258 258 258 258 259 259 259 259 259 260 260 260 260 260 260 260 260 261 261 261 261 261 261 261 262 262 262 262 262 262 262 262 262 262 263 263 263 264 264 263 264 264 264 265 265 265 266 266 266 266 266 266 267 267 267 267 267 267 267 267 266 266 267 267 267 267 267 267 268 268 268 268 268 268 268 268 268 268 269 269 269 269 269 269 270 270 270 270 270 270 271 271 271 271 271 271 271 271 271 272 272 271 271 271 272 272 272 272 272 272 272 272 272 272 273 273 273 273 273 273 273 273 273 273 274 274 274 274 274 275 275 237 238 239 239 239 238 238 239 239 239 239 239 240 240 240 240 240 240 240 240 240 240 240 240 241 240 240 240 240 240 241 241 241 241 241 241 241 241 241 241 241 241 241 241 242 242 242 242 242 242 242 242 242 242 242 241 242 242 242 242 242 242 242 242 243 243 243 243 243 243 243 243 243 243 243 243 243 244 244 244 244 244 244 244 244 244 244 244 245 245 244 244 244 244 245 245 245 245 245 245 246 246 246 246 246 246 246 246 246 247 247 247 247 247 247 247 247 247 247 247 247 248 248 248 248 248 248 249 249 249 249 249 249 249 249 249 249 249 249 250 250 250 250 250 250 250 250 250 250 250 251 251 251 251 251 251 251 252 252 252 252 252 252 252 252 252 252 251 252 252 252 252 252 252 252 252 252 253 253 253 253 253 253 253 254 254 254 254 254 254 254 254 254 254 254 255 255 255 255 255 255 255 255 256 256 256 256 256 255 255 256 256 256 256 257 257 257 257 257 257 257 257 257 257 257 258 257 258 258 258 258 258 258 258 258 258 258 258 258 258 259 259 259 260 260 260 260 260 260 260 260 260 260 261 261 261 261 261 261 262 262 262 262 262 262 262 262 263 263 263 263 263 263 264 264 264 264 264 264 265 265 266 266 266 265 266 266 267 267 267 267 267 267 267 267 267 267 267 267 267 267 267 267 267 268 268 268 268 268 268 268 268 268 269 269 269 269 269 269 269 270 270 270 270 270 270 271 271 271 271 271 271 271 271 272 271 272 272 272 272 272 272 272 272 272 272 272 272 272 273 273 273 273 273 273 273 273 273 273 273 274 274 274 274 275 275 239 239 240 240 240 239 239 239 239 239 239 240 240 241 241 241 240 240 240 240 240 240 240 240 240 240 240 240 240 241 241 241 241 241 241 241 241 241 241 241 241 241 241 242 242 242 242 242 242 242 242 242 242 242 242 242 241 242 242 242 242 242 242 243 243 243 243 243 243 243 243 243 243 243 243 244 244 244 244 244 244 244 244 244 245 244 245 245 245 244 244 244 245 245 245 245 245 245 245 245 246 246 246 246 246 246 247 247 247 247 247 248 247 247 247 247 247 247 247 248 248 248 248 248 248 248 249 249 249 249 249 249 249 249 249 249 250 250 250 250 250 250 250 250 250 250 250 251 251 251 251 251 251 251 251 251 252 252 252 252 252 253 252 252 252 251 251 252 252 252 252 253 253 253 253 253 253 253 254 253 253 253 254 254 254 254 254 255 255 254 255 255 254 254 255 255 255 255 255 255 255 256 256 256 256 255 255 256 255 255 256 256 256 257 257 257 257 257 257 257 257 257 257 257 257 257 258 258 258 258 258 258 258 258 258 258 258 258 258 259 259 259 260 260 260 260 260 260 260 260 260 260 261 261 261 261 261 261 262 262 262 262 262 262 262 262 262 262 263 263 263 263 264 264 264 264 264 264 265 265 265 266 266 265 266 266 267 267 267 267 267 267 267 268 268 267 267 267 267 267 267 267 267 268 268 268 268 268 268 268 269 269 269 269 269 269 269 269 270 270 270 270 270 270 271 271 271 271 271 271 271 271 272 272 272 271 272 272 272 272 272 272 272 272 272 272 272 272 272 273 273 273 273 273 273 273 273 273 273 274 274 274 274 275 275 239 239 239 239 239 239 239 239 240 240 239 240 241 241 241 241 241 241 241 241 241 240 240 240 240 240 241 241 241 241 242 242 242 242 242 242 242 241 241 241 242 242 242 242 242 242 242 242 242 242 243 242 242 242 242 242 242 242 242 242 242 242 243 242 242 242 243 243 244 243 244 243 243 244 244 244 244 244 244 244 244 245 245 245 245 245 245 245 245 245 246 245 245 245 245 245 245 245 245 246 246 246 246 247 247 247 247 247 247 247 248 248 247 247 247 247 247 248 248 248 248 248 248 248 248 249 249 249 249 249 249 249 249 250 250 250 250 250 250 250 250 250 250 250 251 251 251 251 251 251 251 251 251 252 252 252 252 252 252 253 253 253 252 252 252 252 252 252 252 252 253 253 253 253 253 253 253 253 253 253 253 253 253 254 253 254 255 255 255 255 255 254 255 255 256 256 256 256 256 256 256 256 256 256 255 256 256 256 256 256 256 257 257 257 257 257 257 257 257 257 257 257 257 257 258 258 258 258 258 258 259 258 258 258 258 258 258 258 259 259 260 260 260 260 260 260 260 260 260 260 261 261 261 262 261 261 261 262 262 262 262 262 262 262 262 262 262 263 263 263 263 263 264 264 264 264 264 264 265 265 266 266 266 266 266 267 267 267 267 267 267 267 268 268 268 267 268 267 267 267 267 267 267 268 268 268 268 268 268 269 269 269 269 269 269 270 270 270 270 270 270 271 271 271 271 271 271 271 271 271 272 272 272 272 272 272 272 272 272 272 272 272 272 272 272 272 273 273 273 273 273 273 273 273 273 273 273 274 274 274 274 274 275 275 239 239 239 239 239 239 239 240 240 240 240 241 241 241 240 241 241 241 241 241 241 240 241 240 240 241 241 241 241 242 242 242 242 242 242 242 242 241 241 242 242 242 242 242 242 242 242 242 242 242 242 242 243 242 242 243 243 243 242 242 242 242 242 242 242 242 243 244 244 244 244 244 244 244 244 244 244 244 245 245 245 245 245 245 245 245 245 245 245 246 246 246 246 245 245 245 245 246 246 246 246 247 247 247 247 247 247 247 247 247 248 248 248 248 248 248 248 248 248 248 248 248 248 249 249 249 249 249 249 249 249 249 250 250 250 250 250 250 250 251 251 251 251 251 251 251 251 251 251 251 251 251 252 252 252 252 252 253 253 253 253 253 253 252 252 252 252 252 252 253 253 253 253 253 253 253 253 253 253 254 253 253 254 254 254 254 255 255 255 255 255 255 256 256 256 256 256 256 256 256 256 256 256 256 256 256 256 256 256 256 256 257 257 257 257 257 257 257 257 257 257 258 258 258 258 258 259 258 259 258 258 258 258 258 258 258 259 259 259 260 260 260 260 260 260 260 260 261 261 261 261 261 261 262 262 262 262 262 262 262 262 263 263 263 262 263 263 263 263 264 264 264 264 264 264 264 264 265 265 266 266 266 266 266 266 266 267 267 267 267 267 267 268 268 268 267 267 268 267 267 267 268 268 268 268 268 269 269 269 269 269 269 270 270 270 270 270 270 270 270 270 271 271 271 271 271 271 271 272 272 272 272 272 272 272 272 272 272 272 272 272 272 272 272 272 273 273 273 273 273 273 273 273 273 273 273 274 274 274 274 274 274 240 240 240 239 239 240 240 240 240 240 241 241 241 241 241 240 240 241 241 241 240 240 240 241 241 241 242 242 242 242 242 242 242 242 242 242 242 242 242 242 242 242 242 242 242 242 243 243 243 243 243 243 243 243 243 243 243 243 242 242 242 242 242 242 242 243 243 244 244 244 244 244 244 244 244 245 245 245 245 245 245 245 245 245 246 246 246 246 246 246 246 246 246 246 245 246 246 246 246 246 247 247 246 247 247 247 247 247 247 247 248 248 248 248 248 248 248 248 248 248 248 249 249 249 249 249 249 249 249 249 250 250 250 250 250 250 250 251 251 251 251 251 251 251 251 251 251 251 251 252 252 252 252 252 252 252 253 253 253 253 253 253 252 252 252 252 252 253 253 253 253 253 253 253 253 254 253 253 254 254 253 254 254 254 254 254 255 255 255 255 256 256 256 256 256 256 256 256 256 256 256 256 256 256 256 256 256 256 256 257 257 257 257 257 257 257 257 258 258 258 258 258 258 258 259 259 259 259 258 258 258 258 258 258 258 259 259 260 260 260 260 260 260 261 261 261 261 261 261 261 261 262 262 262 262 262 262 262 263 262 263 263 263 263 263 263 263 264 264 264 265 265 264 264 264 265 265 266 266 266 266 266 266 266 266 266 267 267 267 267 267 267 267 267 267 267 267 267 267 267 268 268 268 268 269 269 269 269 269 269 269 269 270 270 270 270 270 270 270 271 271 271 272 271 271 272 272 272 271 272 272 272 272 272 272 272 272 272 272 273 272 272 272 273 273 273 273 273 273 273 273 273 273 273 273 274 274 274 274 275 275 240 240 240 239 240 240 240 240 241 241 241 241 241 240 241 241 240 240 240 240 240 241 241 241 241 242 242 242 242 242 242 243 243 243 243 243 242 242 243 243 243 242 242 242 243 243 243 243 244 244 244 244 244 244 244 243 243 243 243 243 243 244 243 243 243 243 244 244 244 244 245 245 245 245 245 245 245 245 245 245 245 246 246 246 246 246 246 246 246 246 246 246 246 245 246 246 246 246 247 247 247 247 247 247 247 247 247 247 247 248 248 249 249 249 249 249 248 248 248 248 249 249 249 249 249 249 249 250 250 250 250 250 250 250 250 251 251 251 251 251 251 251 251 251 252 252 252 252 252 252 252 252 252 252 252 253 253 253 253 253 253 252 252 252 252 252 253 253 253 253 253 253 253 253 254 253 254 254 254 254 254 254 255 255 255 255 256 256 256 256 256 256 256 256 256 256 256 256 256 256 256 256 256 256 256 256 256 257 257 257 257 257 257 257 258 258 258 258 258 258 258 259 259 259 259 259 259 259 258 258 259 259 259 259 259 259 260 260 260 260 260 261 261 261 261 261 261 261 261 261 262 262 262 262 263 263 263 263 263 263 263 264 263 264 264 264 264 264 264 265 265 265 265 265 265 266 266 266 266 266 266 266 266 266 266 266 267 267 267 267 267 267 267 267 267 267 267 268 268 268 268 268 268 269 269 269 269 269 269 269 269 270 270 270 270 270 270 270 271 271 271 271 271 271 271 271 272 272 272 272 272 272 272 272 272 272 272 272 272 272 272 273 273 273 273 273 273 273 273 273 273 273 273 274 274 274 274 275 275 240 240 239 239 239 240 240 240 240 240 240 240 240 240 240 240 240 240 241 241 241 242 242 242 241 242 242 242 242 243 243 243 243 243 243 243 243 243 243 243 243 243 243 243 243 243 243 243 243 243 244 244 244 244 244 244 244 244 244 244 243 244 243 243 243 243 243 244 244 244 245 245 245 245 245 245 245 245 245 245 246 246 246 246 246 246 246 246 246 246 246 247 247 246 246 246 246 247 247 247 247 247 247 247 247 247 247 247 248 248 248 248 249 249 249 249 249 249 249 249 249 249 249 249 250 249 250 250 250 250 250 250 250 250 251 251 251 251 251 251 251 251 252 252 252 252 252 252 252 252 252 252 252 252 252 253 253 253 254 254 253 253 253 253 253 253 253 253 253 253 253 253 254 254 254 253 254 254 254 254 254 255 255 255 255 255 256 256 256 256 256 256 256 256 256 256 257 256 256 256 257 257 257 257 257 257 257 257 257 257 257 257 258 258 258 258 258 258 258 258 258 259 259 259 259 259 259 258 258 258 258 259 259 259 259 260 260 260 260 260 261 261 261 261 261 261 261 261 261 262 262 262 262 262 262 262 263 263 263 263 263 263 264 264 264 264 264 264 264 265 265 265 265 266 265 266 266 266 266 266 266 266 266 266 266 266 266 267 267 267 267 267 267 267 267 268 268 268 268 268 268 268 269 269 269 269 269 269 269 269 270 270 270 270 270 270 271 271 271 271 271 271 271 271 271 271 272 272 272 272 272 272 272 272 272 272 272 272 272 272 272 272 273 273 273 273 273 273 273 273 273 274 274 274 274 274 274 275 240 240 239 239 239 239 239 240 240 240 240 240 240 240 240 240 240 241 242 242 242 242 242 242 242 242 242 242 243 243 243 243 243 243 243 243 243 243 243 243 243 243 243 243 243 243 244 244 244 244 244 244 244 244 245 245 245 244 244 244 244 244 244 244 243 243 244 244 244 245 245 244 245 245 245 245 245 245 245 246 246 246 246 246 246 246 246 247 246 246 247 247 247 247 246 246 247 247 247 247 247 247 247 247 248 248 248 248 248 248 248 248 249 249 250 250 249 249 249 249 249 249 249 250 250 250 250 250 250 250 250 250 251 251 251 251 251 251 251 252 252 252 252 252 252 252 252 252 252 252 252 252 253 253 253 253 253 254 254 254 254 253 253 253 253 253 253 253 253 253 254 254 254 254 253 254 254 254 254 254 255 255 255 255 256 256 255 255 255 256 256 256 256 256 256 256 256 256 256 256 257 257 257 257 257 257 257 258 258 258 258 258 258 258 258 258 258 258 259 259 259 259 259 260 259 260 259 259 259 259 259 259 259 259 260 260 260 260 261 261 261 261 261 261 261 261 261 261 262 262 262 262 262 262 262 263 263 263 263 263 263 264 264 264 264 264 264 264 264 265 265 266 266 266 266 266 266 266 266 266 266 266 266 266 266 266 267 267 267 267 267 267 268 268 268 268 268 268 268 268 268 268 269 269 269 269 269 269 270 270 270 270 270 270 270 271 271 271 271 271 271 271 271 271 271 271 272 272 272 272 272 272 272 272 272 272 272 272 272 273 273 272 273 273 273 273 273 273 273 273 273 274 274 274 275 275 275 240 240 240 240 239 239 239 239 240 240 240 241 240 240 240 240 241 241 242 241 242 242 243 243 243 243 243 243 243 243 243 243 243 243 243 243 243 243 243 243 243 243 243 244 244 244 244 244 244 245 245 245 245 245 245 245 245 245 245 245 245 245 245 244 244 244 244 244 244 245 245 245 246 245 245 245 245 246 246 246 246 246 246 246 246 246 246 247 247 247 247 247 247 247 247 247 247 247 247 247 247 247 248 248 248 248 248 248 248 248 248 249 249 249 250 250 250 250 250 249 249 250 250 250 250 250 250 250 250 250 251 251 251 251 251 251 251 252 252 252 252 252 252 252 252 252 252 252 252 253 253 253 253 253 253 254 254 254 254 254 254 253 253 253 253 253 253 253 254 254 254 254 254 253 254 254 254 254 254 255 255 255 255 256 256 256 256 255 255 256 256 256 256 257 257 256 256 256 256 256 257 257 257 257 258 258 258 258 258 258 258 258 258 258 258 259 259 259 259 259 259 259 260 260 259 259 259 259 259 259 259 259 260 260 260 260 261 261 261 261 261 261 261 261 261 261 262 262 262 262 262 262 262 263 263 263 263 263 263 264 264 264 264 264 264 264 264 264 264 265 265 266 266 266 266 266 266 266 266 266 266 266 266 266 266 266 267 267 267 267 268 268 268 268 268 267 267 268 268 268 268 268 269 269 269 269 269 269 270 270 270 270 270 270 270 271 271 271 271 271 271 271 271 271 271 271 272 272 272 272 272 272 272 272 272 272 273 272 273 273 273 273 273 273 273 273 273 274 274 273 274 274 274 274 275 275 240 240 239 239 240 241 241 240 240 240 240 240 240 240 241 241 241 242 242 242 243 243 243 243 243 243 243 243 243 243 243 243 243 243 243 244 244 244 244 244 244 244 244 244 244 244 245 245 245 245 245 245 245 245 245 245 245 245 245 245 245 244 244 244 244 245 245 246 246 246 245 246 246 246 246 246 246 246 246 246 246 246 247 247 247 247 247 247 247 247 248 247 248 248 247 247 247 247 248 248 248 248 248 248 249 249 248 248 249 249 249 250 250 250 250 250 250 250 250 250 250 250 250 250 250 250 251 251 251 251 251 251 251 251 252 252 252 252 252 252 252 252 253 253 253 253 253 253 253 253 253 253 254 254 254 254 254 254 254 254 254 254 254 254 254 254 254 254 255 255 254 254 254 254 255 255 255 255 255 255 255 256 256 256 256 256 256 257 257 257 257 257 257 257 257 257 257 257 257 257 258 258 258 258 258 258 258 258 258 258 258 258 259 259 259 259 260 260 260 260 260 259 259 259 259 259 259 259 260 260 260 260 261 261 261 261 261 261 261 261 261 261 261 262 262 262 262 262 262 263 263 263 263 263 263 264 264 264 264 264 264 264 264 264 264 264 264 265 265 265 266 267 266 267 267 267 267 267 267 266 266 266 266 266 267 267 267 267 268 267 267 268 267 268 268 268 268 268 268 268 269 269 269 269 269 269 270 270 270 270 270 271 271 271 271 271 271 271 271 271 271 271 272 272 272 272 272 272 272 272 272 273 273 273 272 273 273 273 273 273 273 273 273 274 274 274 273 274 274 274 275 275 275 275 240 239 239 241 241 240 240 240 240 240 241 241 241 241 241 241 242 242 243 244 244 244 243 243 243 243 243 243 243 243 243 243 243 244 244 244 244 244 244 244 244 244 244 245 245 245 245 245 245 245 245 245 245 245 245 245 245 245 245 246 246 245 245 246 246 246 246 246 246 246 246 246 246 246 246 246 247 246 247 247 247 247 247 247 247 247 247 247 248 248 248 248 248 248 247 247 248 248 248 248 248 249 249 249 249 249 249 249 249 250 250 251 251 250 250 251 250 250 250 250 250 250 251 251 251 251 251 251 251 251 251 252 252 252 252 252 252 252 252 253 253 253 253 253 253 253 253 253 253 253 254 254 254 254 254 254 254 254 254 254 254 254 254 254 254 254 255 255 254 254 254 254 255 255 255 255 255 255 256 256 257 256 256 256 257 257 257 257 257 257 257 257 257 257 257 257 257 257 257 258 258 258 258 258 258 258 258 259 259 259 259 259 259 260 260 260 260 260 259 259 259 259 259 259 259 259 260 260 260 260 261 261 261 261 261 261 261 261 262 261 262 262 262 262 262 262 263 263 263 263 263 263 264 264 264 264 264 264 264 264 265 265 265 265 265 265 265 265 266 266 267 267 267 267 267 267 267 267 267 267 267 267 267 267 267 267 268 268 268 268 268 268 268 268 269 269 269 268 269 269 270 270 270 269 270 270 270 270 270 271 271 271 271 271 271 271 271 271 271 272 272 272 272 273 272 273 273 273 273 273 273 273 273 273 273 273 273 273 273 273 274 274 274 274 274 274 274 274 274 274 275 275 241 240 239 240 241 240 240 240 240 241 241 242 242 242 242 242 243 243 243 244 244 244 244 244 244 243 243 243 243 243 243 243 244 244 244 244 244 244 244 245 245 245 245 245 245 245 245 245 245 245 245 245 246 246 245 245 245 245 245 245 245 246 246 246 246 246 246 246 246 247 246 246 246 246 246 246 247 247 247 247 247 247 247 247 247 248 247 247 247 248 248 248 248 248 248 247 248 248 248 248 249 249 249 249 249 249 249 249 249 250 250 250 251 251 251 251 251 251 250 250 251 251 251 251 251 251 251 251 251 251 252 252 252 252 252 252 252 252 253 253 253 253 253 253 253 253 253 253 253 253 254 254 254 254 254 254 255 255 255 254 254 254 254 254 254 255 255 255 254 254 254 255 255 255 255 256 256 256 256 256 257 257 256 256 257 257 256 257 257 257 257 257 257 257 257 257 258 258 258 258 258 258 258 258 258 259 259 259 259 259 259 259 259 259 260 260 260 260 259 259 259 259 259 259 260 260 260 260 260 260 261 261 261 261 261 261 262 262 262 262 262 262 262 262 262 263 263 263 263 263 263 264 264 264 264 264 264 264 264 264 264 265 265 265 266 266 266 265 265 266 266 266 267 267 267 268 268 268 268 268 267 267 267 268 268 267 268 268 268 269 269 270 270 271 271 271 270 269 269 269 270 271 270 270 270 270 270 270 270 271 271 271 271 271 271 271 271 271 272 272 272 272 272 273 272 272 272 272 272 272 272 272 273 273 273 273 273 273 273 274 274 274 274 274 274 274 274 274 274 275 275 275 275 240 240 240 241 241 241 241 241 241 242 243 243 243 243 243 244 244 244 244 245 245 245 244 244 244 244 244 244 244 244 244 244 244 244 244 244 245 245 245 245 245 245 245 245 245 246 246 246 245 245 246 246 245 246 245 245 245 245 245 245 245 245 246 246 246 247 247 247 247 246 247 247 247 247 247 247 247 247 247 248 247 248 248 248 248 248 248 248 248 248 248 248 248 248 248 249 249 249 249 249 249 250 249 250 250 250 250 250 250 250 251 251 251 251 251 251 251 251 251 251 251 251 251 251 251 252 252 252 252 252 252 252 252 252 253 253 253 253 253 253 253 253 253 253 253 253 253 254 254 254 254 254 254 254 255 255 255 255 254 254 254 254 255 255 255 255 255 255 255 255 255 255 256 256 256 256 256 256 256 256 256 256 256 256 256 256 257 257 258 257 257 257 258 258 258 258 258 258 258 259 259 259 259 259 259 259 259 259 259 259 259 259 260 260 260 259 259 259 259 260 260 260 260 260 260 260 261 261 261 261 261 261 262 262 262 262 262 262 262 262 262 263 263 263 263 263 263 263 264 264 264 264 264 264 264 264 264 265 265 265 265 265 266 266 266 266 267 267 267 267 267 267 267 268 268 268 268 268 268 268 268 268 268 268 268 268 269 270 271 271 271 271 271 271 270 270 269 270 271 270 270 271 271 271 270 271 271 271 271 271 271 272 272 272 272 272 272 272 272 272 272 273 272 273 272 272 273 272 272 273 273 273 274 274 274 274 274 274 274 274 274 274 274 274 275 275 275 275 275 275 275 240 241 241 241 241 241 242 242 242 243 244 244 244 244 244 244 244 245 245 245 245 245 245 245 245 245 244 244 244 244 244 244 244 244 244 245 245 245 245 245 245 245 245 246 246 246 245 246 245 245 246 246 246 246 245 245 246 246 246 246 245 245 245 245 246 246 247 247 247 247 247 247 247 247 247 247 247 247 248 248 248 248 248 248 248 248 248 248 249 249 249 248 248 248 248 249 249 249 249 249 249 250 250 250 250 250 250 250 250 251 251 251 251 251 250 251 251 251 251 251 252 252 252 252 252 252 252 252 252 252 252 253 253 253 253 253 253 253 253 253 254 254 254 254 254 254 254 254 254 254 254 254 255 255 255 255 255 255 255 255 255 255 255 255 255 255 255 255 255 255 255 256 256 256 256 256 256 256 257 257 257 257 257 257 257 257 257 257 257 258 258 258 258 258 258 258 259 259 259 259 259 259 259 259 259 260 259 259 259 259 259 260 260 260 259 259 259 260 260 260 260 260 260 260 261 261 261 261 261 261 262 262 262 262 262 262 262 262 262 262 263 263 263 263 263 263 263 264 264 264 264 264 264 265 265 265 265 265 265 265 265 265 266 266 267 267 267 267 267 267 267 267 268 268 268 268 268 268 269 269 268 268 268 269 269 269 270 270 270 270 270 270 271 271 271 270 270 270 271 271 271 271 270 271 271 271 271 271 271 272 272 272 272 272 272 272 272 272 272 272 273 273 273 272 272 273 272 272 273 273 273 274 274 274 274 274 274 274 274 274 274 274 275 275 275 275 275 275 275 275 276 241 241 241 242 242 242 242 243 243 243 243 243 244 244 244 244 244 245 245 245 245 245 245 245 245 245 245 245 245 245 245 245 245 245 245 245 245 245 245 246 245 245 245 245 246 246 245 245 246 245 245 246 246 246 246 245 246 246 247 246 246 245 245 245 245 245 246 246 247 247 247 247 247 246 246 247 247 247 248 248 248 248 248 249 249 248 248 248 249 249 249 249 249 248 248 249 249 249 249 250 250 250 250 250 250 250 251 250 250 251 251 252 251 251 251 251 251 251 251 251 251 252 252 252 252 252 252 252 252 252 253 253 253 253 253 253 253 253 253 253 254 254 254 254 254 254 254 254 254 254 254 255 255 255 255 255 255 255 255 255 255 255 256 256 255 255 255 255 255 255 255 255 255 256 256 256 256 257 257 257 257 257 257 257 257 257 257 257 257 257 258 258 258 258 258 258 258 258 259 259 259 259 259 259 260 259 260 260 259 259 259 260 260 260 259 259 260 260 260 260 260 260 260 260 261 261 261 261 261 262 262 262 262 262 262 262 262 262 262 263 263 263 263 263 263 263 264 264 264 264 264 264 264 265 265 265 265 265 265 265 265 266 266 266 266 266 266 266 266 267 267 267 268 268 268 268 268 268 268 269 269 269 269 269 269 269 269 270 270 270 270 270 271 271 271 271 270 270 271 271 271 271 271 271 271 271 271 271 271 271 272 273 272 272 272 272 272 272 272 272 272 273 273 272 272 273 273 273 273 274 274 274 274 274 274 274 274 274 274 274 274 274 275 275 275 275 275 276 275 276 276 276 241 241 241 241 241 242 242 243 243 243 243 243 244 244 244 244 244 245 245 245 245 245 245 245 246 246 245 245 245 245 245 245 245 245 245 245 245 245 245 246 246 246 246 246 246 246 245 245 246 245 245 245 246 245 245 246 246 247 247 246 246 246 246 246 246 246 246 246 246 246 246 247 247 247 247 247 247 247 248 248 249 249 249 249 249 249 249 249 249 249 249 249 249 248 249 249 249 250 250 250 250 250 250 250 251 251 251 251 251 251 252 252 252 251 251 251 251 251 251 251 251 251 251 251 251 252 252 252 252 252 252 253 253 253 253 253 253 253 253 253 253 253 254 254 254 254 254 254 254 254 254 254 254 255 255 255 255 255 255 255 255 255 256 256 256 256 256 256 256 256 256 257 257 257 258 257 258 258 258 258 258 258 258 258 258 258 258 258 258 258 258 259 259 259 259 259 259 259 259 260 260 260 260 260 260 260 260 260 260 261 260 260 260 260 260 260 260 260 261 261 261 261 261 261 261 262 262 262 262 262 262 262 263 263 263 263 263 263 263 263 263 264 264 264 264 264 264 264 265 265 265 265 265 265 265 266 266 266 266 266 266 266 266 266 266 266 267 267 267 268 268 268 268 268 268 268 268 268 269 269 269 269 269 270 270 270 270 270 271 271 271 272 271 271 271 271 271 271 271 271 272 272 272 272 272 272 272 272 272 272 273 273 272 272 273 273 273 273 272 273 274 274 273 273 273 274 274 274 274 274 275 275 275 275 275 275 275 275 275 275 275 275 275 276 276 276 276 276 276 277 277 241 241 241 241 241 242 242 243 243 243 244 244 245 245 245 244 245 245 245 245 245 246 246 246 246 246 246 246 246 246 246 246 246 245 245 245 245 245 246 246 246 246 246 246 246 246 246 246 245 246 246 246 246 246 246 246 246 247 247 247 247 247 247 246 246 247 247 247 247 247 248 248 247 247 247 247 248 248 248 248 249 249 249 249 249 250 249 249 249 249 249 249 249 249 249 249 249 250 250 250 250 251 251 251 251 251 251 251 251 252 252 252 251 251 251 251 251 251 251 251 251 252 252 252 252 252 252 252 252 253 253 253 253 253 253 253 253 253 253 253 254 254 254 254 254 254 254 254 254 254 254 255 255 255 255 255 255 255 255 255 255 256 256 256 256 256 256 256 256 256 256 257 257 258 257 258 258 258 258 258 258 258 258 258 258 258 258 258 259 259 259 259 259 259 259 259 259 260 260 260 260 260 260 260 260 260 260 261 261 261 261 261 260 260 260 260 260 261 261 261 261 261 261 262 262 262 262 262 262 262 263 263 263 263 263 263 263 263 263 263 264 264 264 264 264 264 265 265 265 265 265 265 265 265 266 266 266 266 266 266 266 266 266 266 266 267 267 267 268 268 268 268 268 268 268 268 269 269 269 269 270 270 270 270 270 270 270 271 271 271 271 271 271 271 271 271 271 271 271 272 272 272 272 272 272 272 272 272 272 272 272 272 272 273 273 273 273 273 273 274 275 274 274 274 273 273 274 274 274 274 275 275 275 275 275 275 275 275 275 275 275 275 276 276 277 277 276 277 277 277 241 241 241 242 242 242 243 243 243 244 244 245 245 244 245 245 245 245 246 246 246 246 246 246 246 246 246 246 246 247 246 246 246 246 245 246 246 246 246 246 246 246 246 246 246 246 246 246 246 246 247 247 246 246 246 247 247 247 247 247 248 248 248 247 247 247 247 247 247 248 248 248 247 248 247 248 248 248 248 248 249 249 249 249 250 250 250 250 250 249 249 250 250 250 250 250 250 250 250 251 251 251 251 251 251 251 251 251 251 252 252 251 251 251 251 251 251 252 252 252 252 252 252 252 252 252 252 253 253 253 253 253 253 253 253 253 253 254 254 254 254 254 254 254 254 254 255 255 255 254 254 255 255 255 255 255 255 255 256 256 256 256 256 256 256 256 256 256 257 257 257 257 258 257 257 258 257 258 258 258 258 258 258 258 258 258 258 258 259 259 259 259 259 260 260 260 260 260 260 260 260 260 260 260 260 260 261 261 261 261 261 260 260 260 260 261 261 261 261 261 261 262 262 262 262 262 262 262 263 263 263 263 263 263 263 263 263 263 264 264 264 264 264 264 264 265 265 265 265 265 265 265 265 265 266 265 266 266 266 266 267 267 267 267 267 267 268 268 268 268 268 268 268 268 268 269 269 269 269 270 270 270 270 270 270 270 270 271 271 271 271 271 271 272 272 271 271 271 272 272 272 272 272 272 272 272 273 272 272 273 272 272 273 273 273 273 273 273 274 275 275 275 274 274 274 274 274 275 274 274 274 275 275 275 275 275 275 275 275 275 275 276 276 276 276 277 277 277 242 242 242 242 243 243 244 244 244 244 244 244 244 245 245 245 246 245 246 246 246 246 246 246 246 247 247 246 247 246 246 246 246 246 246 246 246 246 247 247 247 247 246 246 246 246 246 246 247 247 247 247 246 246 247 247 247 247 248 248 248 248 247 247 247 247 248 248 248 248 248 248 248 248 248 248 248 249 249 249 249 249 250 249 249 250 250 250 250 250 250 250 250 250 250 250 250 251 251 251 251 251 251 251 251 251 252 252 252 252 252 252 252 251 252 252 252 252 252 252 252 252 253 253 253 253 253 253 253 253 253 253 253 253 253 254 254 254 254 254 254 254 255 255 255 255 255 255 255 255 255 255 255 255 255 256 256 256 256 256 256 256 256 256 256 256 257 257 257 257 258 257 257 257 257 258 258 259 258 258 258 258 259 258 259 259 259 259 259 259 259 259 260 260 260 260 260 260 260 260 260 261 261 261 261 261 262 261 261 260 261 261 261 261 261 261 261 261 261 262 262 262 262 262 262 263 263 263 263 263 263 263 263 263 263 264 264 264 264 264 265 265 265 265 265 265 265 265 265 265 266 266 266 266 266 266 266 266 266 267 267 268 268 268 268 268 268 268 268 268 268 268 268 269 269 269 269 269 270 270 270 270 270 270 270 271 270 271 271 271 271 272 272 272 271 271 272 272 272 272 273 273 272 273 273 273 273 273 273 273 273 273 273 273 273 273 274 275 275 275 275 275 274 274 274 275 274 274 274 275 275 275 275 275 275 275 275 275 275 276 276 276 276 276 277 277 278 243 243 243 242 243 243 243 243 244 244 244 245 245 245 245 246 246 246 246 246 246 246 247 247 247 246 246 246 246 247 247 247 247 247 247 247 246 246 246 247 247 247 247 246 246 246 247 247 247 247 246 247 247 247 248 248 248 248 248 248 248 248 248 248 248 248 248 248 248 248 248 248 248 248 248 248 249 249 249 249 249 250 249 249 249 249 249 250 250 250 250 250 250 250 251 250 251 251 251 251 251 251 251 252 252 252 252 252 252 252 252 252 251 252 252 252 252 252 253 253 252 252 253 253 253 253 253 253 253 253 253 253 253 253 254 254 254 254 254 254 254 255 255 255 255 255 255 255 255 255 255 255 256 256 256 256 256 256 256 256 256 256 257 257 257 257 257 258 258 258 257 257 257 258 259 259 259 259 258 258 259 259 259 259 259 259 259 259 259 260 259 260 260 260 260 260 261 261 261 261 261 261 261 261 262 262 262 262 261 261 261 261 261 261 261 261 261 261 262 262 262 262 262 263 263 263 263 263 263 263 263 263 263 264 264 264 264 265 265 265 265 265 265 265 265 266 266 266 266 266 266 266 266 266 266 267 267 267 267 267 268 268 268 268 268 268 268 269 268 268 268 268 269 269 269 269 269 270 270 270 270 270 270 270 270 271 271 271 271 271 272 272 272 272 272 272 272 272 273 273 273 273 273 273 273 274 273 273 273 273 273 273 273 273 273 274 275 275 275 275 275 275 275 274 274 274 274 275 275 275 275 275 275 275 275 276 276 276 276 276 277 277 277 277 277 277 242 243 243 243 243 243 243 243 244 244 245 246 246 246 246 246 246 246 246 247 247 247 247 247 246 246 246 246 246 247 247 247 247 247 247 247 247 247 247 247 247 247 247 247 247 247 247 247 246 246 247 247 248 248 248 248 248 248 248 249 248 248 248 248 248 248 249 248 248 248 248 248 248 248 249 249 249 249 250 250 250 250 250 250 250 249 250 250 250 250 250 251 251 251 251 251 251 251 251 251 251 251 252 252 252 252 252 252 252 252 252 252 252 252 252 252 252 252 252 252 253 253 253 253 253 253 253 253 253 253 253 253 254 254 254 254 254 254 254 254 254 255 255 255 255 255 255 255 255 255 255 256 256 256 256 256 256 256 256 256 256 257 257 257 257 257 257 257 258 258 258 258 257 258 258 258 258 259 258 258 259 259 259 259 259 259 259 259 259 260 260 260 260 260 260 260 261 261 261 261 261 261 261 262 261 261 262 262 261 261 261 261 261 262 262 262 262 262 262 262 262 262 263 263 263 263 263 263 263 263 263 263 263 264 264 264 264 265 265 265 265 265 266 266 266 266 266 266 266 266 266 266 267 267 267 268 268 268 267 267 268 268 268 268 268 268 268 269 268 268 268 269 269 269 269 269 269 269 269 270 270 270 270 270 270 271 271 271 271 272 272 272 272 272 272 272 272 272 272 273 273 273 273 273 273 273 273 273 273 273 273 274 273 273 273 274 275 275 275 275 275 274 274 274 274 274 275 275 275 275 275 275 275 275 276 276 276 276 276 276 276 277 277 277 277 277 278 243 243 243 243 243 243 244 244 245 244 245 245 245 246 246 246 246 246 246 247 247 247 247 247 247 246 246 246 246 246 247 247 247 247 248 247 247 247 247 247 247 247 247 247 247 247 248 247 247 246 246 247 248 248 248 248 248 248 248 248 249 248 248 248 248 248 249 248 248 248 248 248 248 248 249 249 249 249 249 249 250 250 250 250 250 250 250 251 251 250 251 251 251 251 252 251 251 252 251 251 251 252 252 252 252 252 253 253 252 252 252 252 252 253 253 253 253 252 253 253 253 253 253 253 253 253 253 253 253 253 253 253 254 254 254 254 254 254 254 254 255 255 255 255 255 255 255 255 255 255 256 256 256 256 256 256 256 256 257 257 257 257 257 257 257 257 257 257 258 258 258 258 257 258 258 258 259 259 258 259 259 260 259 259 259 259 259 259 260 260 260 260 260 260 260 261 261 261 261 261 261 261 261 261 262 262 262 262 261 261 261 261 262 262 262 262 262 262 262 262 262 262 263 263 263 263 263 263 263 263 263 263 264 264 264 264 265 265 265 265 265 265 266 266 266 266 266 266 266 267 267 267 267 268 268 268 268 268 267 267 268 269 268 268 268 268 268 269 268 268 269 269 269 269 269 269 269 269 270 270 270 270 270 270 271 271 271 271 271 272 272 272 272 272 271 272 272 273 273 273 273 274 274 274 274 274 273 274 274 273 273 273 274 274 274 275 275 275 275 274 275 274 274 274 274 275 275 275 275 275 275 275 275 276 276 276 276 276 276 276 277 277 278 278 278 278 279 244 244 244 244 244 243 243 244 245 245 245 246 246 246 246 247 247 246 247 247 247 247 247 247 248 247 247 247 246 246 246 247 247 247 248 248 248 248 248 247 247 247 247 247 248 248 248 247 247 247 247 248 248 248 248 248 248 248 248 248 248 248 249 248 248 249 249 249 249 248 248 249 248 248 249 249 249 249 250 250 250 250 250 250 250 250 250 250 251 251 251 251 251 251 251 251 252 252 252 251 252 252 252 252 252 252 253 253 252 252 252 252 252 252 252 252 253 253 253 253 253 253 253 253 253 253 253 253 253 253 253 253 254 254 254 254 254 254 254 255 255 255 255 255 255 255 255 256 256 256 256 256 256 256 256 256 256 257 257 257 257 257 257 257 257 257 257 257 258 258 258 258 257 258 258 258 259 259 258 259 259 260 259 259 260 260 260 260 260 260 260 260 260 260 261 261 261 261 261 261 262 262 262 262 262 262 262 262 261 261 261 262 262 262 262 262 262 262 262 262 262 262 263 263 263 263 263 263 263 263 264 264 264 264 264 264 264 264 265 265 265 265 266 266 266 266 266 266 267 267 267 267 267 268 268 268 268 268 267 267 268 269 269 269 269 268 269 268 268 268 269 269 269 269 269 270 270 270 270 270 270 270 270 270 271 271 271 271 271 271 272 272 272 272 272 272 272 273 272 273 273 273 273 274 274 274 274 273 274 274 274 273 274 274 274 275 275 275 275 274 274 274 274 274 275 275 275 275 275 275 275 275 276 276 276 276 276 276 277 276 277 277 277 278 278 277 278 278 244 244 244 244 244 244 244 245 246 246 246 246 246 246 246 246 247 247 247 247 247 247 247 248 248 248 248 247 247 247 247 247 247 247 247 247 247 247 247 248 248 248 248 248 248 248 247 247 247 247 248 248 248 248 248 248 248 249 249 248 249 250 249 249 249 249 249 249 249 249 249 249 248 249 249 250 250 250 250 250 250 250 250 250 250 250 250 250 251 251 251 251 252 252 252 252 252 252 252 252 252 252 252 252 253 253 253 252 253 252 252 252 252 252 252 252 252 252 253 253 253 253 253 253 253 253 253 253 254 254 254 254 254 254 254 254 254 255 255 255 255 255 255 255 255 256 256 256 256 256 256 256 256 256 256 256 257 257 257 257 257 257 257 257 257 257 257 257 258 258 258 258 258 258 258 259 258 259 259 260 259 259 259 259 260 260 260 260 260 260 260 260 260 261 261 261 261 261 261 262 262 262 262 262 262 262 262 262 262 262 262 262 262 262 262 262 262 262 262 262 263 263 263 263 263 263 263 263 263 264 264 264 264 264 264 264 265 265 265 265 266 266 266 266 266 266 267 267 267 267 267 267 268 268 268 268 268 268 268 268 268 269 269 269 269 269 269 268 268 269 269 269 269 269 270 270 270 270 270 270 270 270 271 271 271 271 271 271 271 272 272 272 272 272 272 272 273 272 273 273 273 273 273 274 274 274 273 273 274 274 274 274 274 274 274 275 275 275 275 275 274 274 275 275 275 275 275 275 275 275 275 276 276 276 276 276 276 277 277 277 277 277 277 277 277 277 278 279 244 244 244 244 244 244 244 245 246 246 247 246 247 247 247 247 247 247 247 247 247 247 247 247 247 248 248 247 247 247 247 247 247 247 247 247 247 247 248 248 248 248 248 248 248 248 248 247 247 247 248 248 248 249 249 249 249 248 249 249 249 249 249 249 249 250 249 249 249 248 248 248 249 249 249 250 250 250 250 251 250 251 251 250 250 251 251 251 251 251 252 252 252 252 252 252 253 253 253 253 253 253 252 253 253 253 254 253 253 252 252 252 253 253 252 253 252 252 253 253 253 253 253 254 254 253 253 253 254 254 254 254 254 254 254 254 254 255 255 255 255 256 256 255 255 256 256 256 256 256 256 256 256 256 256 257 257 257 257 257 257 257 257 257 257 257 257 258 258 258 258 258 259 259 258 258 258 259 259 259 260 259 259 259 260 260 260 260 260 260 260 260 261 261 261 261 261 262 261 262 262 262 262 262 262 262 262 262 262 262 262 262 262 262 262 262 262 262 262 262 263 263 263 263 263 263 263 263 264 264 264 264 264 264 264 264 265 265 266 266 266 266 266 266 267 267 267 267 267 267 267 267 267 267 268 268 268 268 268 268 268 269 268 268 269 269 269 269 269 269 269 269 269 270 270 270 270 270 270 270 270 270 271 271 271 271 271 271 272 272 272 272 272 272 272 272 273 272 272 273 273 273 274 274 274 274 273 273 273 273 274 274 274 274 274 274 275 275 275 275 275 275 275 275 275 275 275 275 275 275 276 276 276 276 276 276 276 277 277 277 277 277 277 277 278 278 278 278 278 279 244 245 245 245 244 244 245 246 246 246 246 247 247 247 247 247 247 247 247 247 247 248 248 248 248 248 248 248 247 248 248 247 248 248 247 247 247 247 248 248 248 248 248 248 248 247 247 248 248 248 248 248 249 249 249 249 249 249 250 249 249 249 248 249 249 249 248 248 248 248 249 249 250 250 249 250 250 251 251 251 251 251 251 251 251 251 251 251 251 251 252 252 252 252 252 253 253 253 253 253 253 253 253 253 254 253 252 252 252 253 253 254 254 253 253 253 253 253 253 253 253 253 254 253 253 253 253 253 254 254 255 254 254 254 255 255 255 255 255 255 256 256 256 255 255 256 256 256 256 256 256 256 256 257 257 257 257 257 257 257 257 258 258 258 258 258 258 258 258 258 259 259 259 259 258 259 259 259 259 260 260 259 259 260 260 260 260 260 261 261 261 261 261 261 261 261 262 261 262 262 262 262 262 262 263 263 262 262 262 262 262 262 262 262 263 262 263 263 263 263 263 263 263 263 263 263 263 264 264 264 264 264 264 264 264 265 265 265 266 266 266 266 266 266 267 267 267 267 267 267 267 267 267 267 268 268 268 268 268 268 269 269 268 269 270 269 269 269 269 269 269 269 270 270 270 270 270 270 270 270 270 271 271 271 271 271 271 272 272 272 272 272 273 273 272 272 273 273 273 273 274 274 275 274 274 274 273 273 273 274 274 274 274 274 274 274 274 275 275 275 275 275 275 275 275 275 275 275 275 276 276 276 276 276 276 276 276 277 277 277 277 277 277 278 277 277 278 278 278 279 244 244 244 245 245 245 244 245 245 245 245 246 247 248 248 248 247 248 247 247 247 247 248 248 248 248 248 249 249 248 248 248 248 248 248 248 247 247 247 248 248 248 248 248 248 248 247 248 249 249 249 249 249 249 249 249 249 249 250 250 249 249 249 249 249 249 249 250 249 250 249 248 249 250 250 250 250 250 251 251 251 251 251 252 252 252 252 252 251 251 252 252 252 252 252 253 253 253 253 253 253 253 253 253 253 253 253 253 253 252 252 253 253 254 254 254 253 253 253 253 253 253 253 253 253 253 253 254 253 254 254 255 255 255 255 255 255 256 256 255 255 255 256 256 256 256 256 256 256 256 257 257 256 257 257 257 257 257 257 257 257 257 258 258 258 258 258 258 258 258 259 259 259 259 259 259 259 259 259 260 260 260 260 260 260 260 260 261 261 261 261 261 261 261 261 262 262 262 262 262 262 262 262 262 262 262 263 262 262 262 262 263 263 263 263 263 263 263 263 263 263 263 263 263 263 263 263 263 264 264 264 264 264 264 264 264 265 266 266 266 266 266 266 266 267 267 267 267 267 267 267 267 268 268 268 268 268 268 268 268 268 269 268 269 269 269 269 269 269 269 269 269 269 270 270 270 270 270 270 270 270 270 270 271 271 271 271 271 271 272 272 272 272 273 273 273 273 273 273 273 273 273 274 274 274 274 274 274 274 274 274 274 274 274 274 275 275 275 275 275 275 275 275 275 275 275 275 275 275 276 276 276 276 276 276 276 276 277 277 277 277 277 277 277 277 277 277 278 278 278 278 279 279 279 280 244 244 244 244 245 245 245 245 245 245 246 246 246 246 247 247 247 247 248 248 248 248 248 248 248 248 248 248 249 249 249 249 248 249 248 248 248 248 248 248 248 248 248 248 248 248 248 248 248 249 249 249 249 249 250 249 249 249 249 250 250 250 249 250 250 250 249 249 250 250 251 249 249 249 249 250 250 250 250 251 251 251 251 252 252 252 252 252 252 252 252 252 253 253 253 253 253 253 253 253 254 254 254 254 254 254 254 254 254 253 253 254 254 253 254 255 254 254 253 253 253 253 253 253 253 253 254 253 254 254 254 254 255 255 255 255 255 255 256 256 256 256 255 256 257 256 257 257 256 256 256 257 257 257 257 257 257 257 257 257 257 258 258 258 258 258 258 258 258 258 258 258 258 259 259 259 259 259 259 260 259 259 260 260 260 260 260 261 261 261 261 261 261 261 261 261 262 262 262 262 262 262 262 262 262 263 263 263 262 262 262 262 263 263 263 263 263 263 263 263 263 263 263 263 263 264 264 264 264 264 264 264 264 264 264 265 264 265 265 266 266 266 266 266 266 267 267 267 267 267 267 268 268 268 268 268 268 268 268 268 268 269 268 269 269 269 269 269 270 269 269 269 269 269 270 270 270 270 270 270 270 270 270 270 270 271 271 271 271 271 271 272 272 272 272 273 273 273 273 273 273 274 274 274 274 274 274 274 274 274 274 274 275 275 275 274 274 275 275 275 275 275 275 276 276 275 275 276 275 275 276 276 276 276 276 276 277 277 277 277 277 278 278 277 277 277 277 277 278 278 278 278 278 279 279 280 242 243 243 244 245 245 245 245 246 246 246 246 247 247 247 247 247 247 247 247 247 247 248 248 248 248 249 249 248 249 249 249 249 249 249 249 249 249 249 249 249 248 249 249 249 249 249 249 248 248 249 249 249 249 249 250 250 250 250 250 250 250 250 249 250 250 249 249 249 250 250 250 249 249 249 249 249 250 250 250 251 251 251 251 252 251 252 252 252 252 252 253 252 253 253 253 253 253 253 253 253 253 254 254 254 255 255 254 254 254 253 253 254 255 254 254 255 255 254 254 253 253 253 253 253 253 254 254 254 254 254 254 255 255 256 256 256 256 256 256 256 256 256 256 256 256 257 257 258 257 257 256 256 257 257 257 257 257 257 257 258 258 258 258 258 258 258 258 258 258 258 258 258 258 258 259 259 259 259 260 259 259 259 260 260 260 260 260 261 261 261 261 261 261 261 261 261 262 262 262 262 262 262 262 263 263 263 263 263 262 262 262 262 263 263 263 263 263 263 263 263 263 263 263 263 264 264 264 264 264 264 264 264 265 265 265 265 265 265 266 266 266 266 266 266 266 267 267 267 267 267 267 268 268 268 268 268 268 268 268 268 268 269 269 269 269 269 270 269 270 270 270 270 270 269 270 270 270 270 270 270 270 270 270 270 270 270 271 271 271 271 271 271 271 272 272 272 272 272 273 273 273 273 273 274 274 274 274 274 275 274 274 275 275 275 275 275 274 275 275 275 275 275 275 275 276 276 276 275 275 275 276 276 276 276 276 277 277 277 277 277 277 277 278 278 278 278 278 278 278 278 278 278 278 278 279 279 280 243 243 243 243 243 244 244 244 244 244 245 246 246 246 246 246 247 247 247 248 248 247 247 247 247 248 248 248 248 249 249 249 249 249 249 248 248 248 248 249 249 249 249 249 249 250 250 250 250 250 249 248 249 250 250 249 249 249 250 250 250 250 251 251 250 249 249 250 250 250 250 250 249 249 249 249 250 250 250 250 250 250 251 251 251 251 251 252 252 252 252 252 252 253 253 253 253 253 253 254 254 254 254 254 254 254 254 255 255 255 254 253 253 253 254 255 255 255 255 255 254 254 254 253 253 253 253 253 254 255 255 255 256 256 256 255 255 255 256 257 256 256 256 256 256 256 256 257 257 257 258 258 257 257 257 257 257 257 257 257 257 258 258 258 258 258 258 258 258 258 258 258 258 259 259 259 259 259 259 259 259 259 259 259 260 260 260 260 260 260 261 261 261 261 261 261 261 262 262 262 262 262 262 262 262 262 262 263 263 263 263 262 262 262 262 263 263 263 263 263 263 263 263 263 264 263 264 264 264 265 265 265 265 265 265 265 265 265 265 265 265 265 266 266 266 266 266 267 267 267 267 267 267 268 268 268 268 268 268 268 268 268 268 268 269 269 269 269 269 269 270 270 270 270 270 270 270 270 270 270 270 270 270 270 271 271 271 271 271 271 271 271 271 271 271 271 272 272 272 272 272 273 273 273 273 274 274 274 274 274 274 275 274 274 275 275 275 275 275 275 275 275 275 275 275 275 275 276 276 276 276 276 275 276 276 276 276 276 276 277 277 277 277 277 277 278 278 278 279 279 279 279 279 278 278 278 278 279 279 242 243 244 244 243 243 243 243 243 243 244 245 245 245 246 246 247 247 247 247 248 247 247 247 247 248 248 248 248 249 249 249 249 249 249 249 248 248 248 249 249 249 249 249 249 249 249 249 249 249 249 248 249 250 250 250 249 249 249 249 250 250 251 251 250 250 250 251 251 251 250 249 249 249 250 250 250 250 250 250 250 250 251 251 251 252 252 252 252 251 252 252 252 253 253 253 253 253 253 254 254 254 255 255 255 255 255 255 256 255 255 253 253 253 254 254 255 255 255 254 254 254 254 254 254 253 253 253 254 254 255 255 256 256 257 256 256 256 255 255 256 256 256 256 256 256 257 257 257 257 258 258 258 257 257 257 257 257 257 257 257 258 258 258 258 258 258 258 258 258 258 258 259 259 259 259 259 259 259 259 259 259 260 260 260 260 260 260 261 261 261 261 261 261 261 261 262 262 262 262 262 262 262 262 262 262 262 263 263 263 263 263 263 263 263 263 263 263 263 263 263 263 263 263 263 263 264 264 265 265 265 265 265 266 266 265 265 265 265 265 265 265 266 266 266 266 266 267 267 267 267 267 267 268 268 268 268 268 268 268 269 269 269 268 268 269 269 269 269 269 269 270 270 270 270 270 270 270 270 271 271 270 270 270 270 271 271 272 272 271 271 271 272 272 272 272 272 272 273 273 274 274 273 273 273 273 273 274 274 274 275 275 274 274 274 275 275 275 275 275 275 276 275 275 275 275 275 276 276 276 276 276 276 276 276 276 276 277 277 277 277 278 278 278 278 277 278 278 279 279 279 279 279 279 279 279 278 279 279 243 243 244 244 244 244 245 244 244 243 244 244 244 246 246 246 247 247 247 248 247 247 247 247 247 248 248 249 249 249 249 249 250 250 249 249 249 249 249 250 250 249 249 249 249 249 249 249 249 249 249 249 250 250 250 250 250 250 250 250 250 251 251 250 250 250 250 251 250 250 250 250 250 250 250 251 251 251 251 251 251 251 251 251 251 252 252 252 251 252 252 253 253 253 253 253 254 254 254 253 254 254 254 254 255 255 256 255 255 255 253 254 254 254 254 254 255 256 255 254 254 254 254 254 253 253 253 254 255 255 255 255 256 257 256 256 255 255 256 256 256 256 256 256 256 257 257 257 257 257 258 258 258 258 257 257 257 257 257 258 258 258 258 258 258 258 258 258 259 258 259 259 259 259 259 259 259 260 259 259 259 260 260 260 260 260 261 261 261 261 261 261 261 262 262 262 262 262 262 262 262 262 262 262 262 263 263 263 263 263 263 263 263 263 263 263 263 263 263 264 264 264 264 264 264 264 264 265 265 265 265 265 265 266 265 265 265 265 265 265 266 266 266 266 266 266 267 267 267 267 267 268 268 268 268 268 268 268 268 269 269 269 269 269 269 269 270 270 269 269 270 270 270 270 270 270 270 271 272 271 271 271 271 271 271 271 272 273 272 272 273 273 273 273 273 273 273 274 274 274 274 274 273 273 273 274 274 274 274 275 275 275 274 274 274 274 275 275 275 275 275 276 276 276 276 276 276 276 276 276 276 276 276 276 276 276 277 277 277 277 278 278 279 279 278 278 279 279 279 279 279 280 280 279 279 279 279 280 279 243 242 241 243 243 244 244 244 244 245 245 245 245 244 245 245 245 245 245 246 247 247 247 247 247 247 247 247 248 248 249 248 249 249 249 249 250 250 250 249 249 250 250 250 250 249 250 250 250 250 249 250 250 250 250 249 249 250 250 251 251 251 251 251 250 251 252 252 251 251 251 251 251 250 250 251 251 251 251 251 251 251 251 251 251 251 251 251 251 251 251 252 252 252 252 253 253 253 253 254 254 254 253 254 254 254 255 254 255 255 256 255 255 255 254 255 254 254 254 254 255 255 255 254 254 254 254 254 254 254 254 254 255 255 255 255 257 257 257 257 257 256 256 256 256 256 257 256 256 257 257 257 257 257 258 258 258 258 257 257 257 257 258 258 258 258 258 258 258 258 258 258 259 259 259 259 259 259 259 260 260 260 260 260 260 260 260 260 260 260 261 261 261 261 261 262 262 262 262 262 262 262 262 262 263 263 263 263 263 263 263 263 263 263 262 262 262 263 263 263 263 264 264 264 264 264 264 264 264 264 264 265 265 265 265 265 265 266 266 265 265 265 265 266 266 266 266 267 267 267 267 267 267 268 268 268 268 268 268 268 268 268 269 269 269 269 269 269 269 269 270 270 270 270 270 270 271 270 271 270 270 270 271 272 271 271 272 272 272 272 272 273 273 273 274 274 274 274 274 274 274 274 274 274 274 274 274 273 273 274 274 274 274 275 275 275 275 274 275 275 275 275 275 275 275 275 276 276 276 276 276 276 276 276 276 276 276 276 276 277 277 277 277 277 278 278 278 279 278 278 279 279 279 279 280 280 280 280 280 280 280 281 280 243 243 243 242 242 241 241 243 243 244 244 244 245 245 246 246 245 246 246 246 245 245 245 246 247 247 248 247 247 247 248 248 248 248 249 249 249 249 249 249 250 250 250 250 250 250 250 250 250 250 250 251 250 250 251 251 251 251 251 250 250 250 251 252 251 251 251 251 251 251 252 252 252 252 252 252 251 251 251 251 251 251 251 251 251 251 252 252 251 252 252 252 252 251 252 252 252 253 253 253 253 254 254 254 253 253 254 254 255 254 255 256 256 256 256 256 256 255 256 255 255 255 255 255 256 255 255 255 255 254 254 254 254 254 254 254 255 255 256 257 257 256 256 257 257 257 257 257 257 256 256 256 257 257 257 257 258 258 258 258 258 258 258 258 258 258 258 258 258 258 258 258 258 258 258 259 259 259 259 259 259 259 260 260 260 260 260 260 260 260 260 260 260 261 261 261 261 261 262 262 262 262 262 262 262 262 263 263 263 263 263 263 263 263 263 263 263 262 262 263 263 263 263 264 264 264 264 264 264 264 264 264 265 265 265 265 265 265 265 266 266 266 266 266 266 266 266 266 266 267 267 267 267 267 267 267 268 268 268 268 268 268 268 268 269 269 269 269 269 269 269 269 269 270 270 270 271 271 271 271 271 271 271 271 271 271 272 272 272 273 273 273 273 273 273 273 273 274 274 274 274 274 275 275 275 274 274 274 274 274 274 274 274 274 275 275 275 275 275 274 274 274 275 275 275 275 275 275 275 276 276 276 276 276 276 276 276 276 276 276 277 277 277 277 277 277 277 278 278 278 279 279 279 279 279 279 279 279 279 280 280 281 281 281 281 281 242 242 243 243 244 243 244 244 244 244 244 243 242 242 242 242 242 242 243 243 244 244 244 244 245 246 246 246 247 247 246 246 246 246 246 247 248 247 247 247 248 248 249 248 248 249 249 249 249 249 250 250 251 250 250 250 249 250 250 250 250 250 250 250 251 251 251 250 251 251 250 250 250 251 252 252 252 252 251 251 251 252 252 252 252 252 251 251 251 251 251 251 251 251 252 252 252 252 252 252 253 252 252 252 252 252 253 253 254 254 253 254 253 254 254 254 254 254 254 254 255 256 256 256 257 257 257 257 257 256 256 256 256 256 256 255 256 256 255 255 254 254 254 255 255 255 254 255 256 256 256 257 256 256 256 257 257 257 257 256 256 257 257 257 257 258 258 258 258 259 259 259 259 259 258 258 258 258 258 258 259 259 259 258 259 259 259 260 260 259 259 259 260 260 260 260 261 261 261 261 261 261 261 261 261 261 261 261 262 262 262 262 262 262 262 263 263 263 263 263 263 263 263 263 263 264 264 263 263 263 263 263 264 264 264 264 264 264 264 264 264 265 265 265 265 265 265 265 265 266 266 266 266 266 266 266 266 266 266 267 267 267 267 267 267 267 268 268 268 268 268 269 269 269 269 269 269 269 269 269 269 269 269 270 270 270 271 271 270 271 271 271 272 271 271 271 272 273 273 273 273 273 273 273 273 273 273 273 274 274 274 275 274 275 275 275 275 274 275 275 275 275 274 274 275 275 275 275 275 275 275 275 275 275 275 275 275 276 276 276 276 276 276 276 276 276 276 276 276 277 277 277 277 277 277 277 278 278 278 279 279 279 279 279 279 279 279 279 280 280 280 280 280 280 281 281 243 242 243 243 244 244 243 243 243 243 243 242 242 242 243 243 242 243 244 245 244 244 243 243 244 244 244 245 245 245 247 247 247 247 247 247 246 247 246 247 247 248 248 248 248 249 248 248 249 249 249 249 250 250 250 251 250 251 250 250 250 250 251 251 251 250 250 250 250 250 250 250 250 250 251 251 251 252 252 252 252 252 252 252 251 252 252 252 252 252 252 252 252 251 251 251 252 252 252 252 253 253 252 252 252 252 252 252 252 253 253 254 254 253 254 254 254 255 255 255 255 255 255 255 256 256 256 257 257 257 257 257 257 257 257 257 257 256 256 256 257 256 255 255 255 255 255 255 255 255 254 255 255 256 256 256 256 256 257 257 258 258 257 257 258 258 257 257 258 258 259 259 259 259 260 260 259 259 259 259 258 258 259 259 259 259 259 259 259 259 259 259 259 259 259 260 260 261 261 261 261 261 260 260 261 261 261 261 261 261 262 262 262 262 262 262 262 262 263 263 263 263 263 263 263 263 263 264 264 264 263 263 263 263 263 264 264 264 264 264 264 264 265 265 265 265 265 265 265 265 265 266 266 266 266 266 266 266 266 266 266 266 267 267 267 267 267 267 267 268 268 268 268 269 269 269 269 269 269 269 269 269 270 269 269 269 270 270 270 271 271 271 270 271 271 271 271 271 271 272 272 273 272 273 273 273 273 273 273 273 273 273 274 274 274 274 274 275 275 275 275 275 275 275 275 275 275 275 275 275 275 275 275 275 275 275 275 275 275 276 276 276 276 276 276 276 276 277 277 277 276 277 277 277 277 277 277 277 278 278 278 278 278 279 279 280 280 280 280 279 279 279 280 280 280 281 280 281 281 244 243 243 243 244 244 244 243 242 242 243 243 243 243 244 244 243 243 243 242 243 244 244 244 244 245 246 246 245 244 244 244 244 244 244 244 245 245 245 246 247 247 248 247 248 247 247 247 247 248 249 248 248 248 248 249 249 249 249 249 250 250 250 250 251 251 251 251 250 251 251 251 251 251 251 251 250 250 251 251 251 251 251 251 251 251 251 252 252 253 253 253 253 253 252 252 252 253 252 251 251 251 251 252 252 252 252 252 252 253 253 253 253 253 253 253 253 252 252 253 253 253 253 254 254 254 254 255 255 255 255 256 256 256 256 256 257 257 257 256 256 256 256 256 257 257 257 257 257 257 256 255 255 255 255 255 255 255 255 255 254 255 255 256 256 256 256 257 258 258 257 257 257 258 258 258 258 258 258 258 258 259 259 259 260 260 260 260 260 259 259 259 260 260 259 259 259 259 260 259 260 260 260 260 260 260 260 261 261 260 260 261 261 261 261 261 261 261 262 262 262 262 262 262 262 262 263 263 263 263 263 263 263 263 263 264 264 264 264 263 263 263 263 264 264 264 264 264 264 264 265 265 265 265 265 265 265 265 265 266 266 266 266 266 266 266 266 266 266 266 267 267 267 267 268 268 268 268 268 268 268 268 269 269 269 269 269 269 269 269 269 270 269 269 269 270 270 270 270 271 271 271 271 271 271 271 272 271 271 272 272 272 272 273 273 273 273 273 273 273 274 274 274 274 275 274 275 275 275 275 275 275 275 275 275 275 275 275 276 275 276 275 275 275 275 275 275 275 276 276 276 276 276 276 276 276 276 277 277 277 277 277 277 277 277 278 278 278 278 278 278 278 279 279 279 279 280 280 280 280 279 280 280 280 281 281 281 282 244 243 243 244 244 245 244 243 243 243 243 244 244 244 244 244 244 243 243 243 244 244 244 244 244 245 246 245 245 245 244 244 244 244 245 245 245 245 246 247 247 247 247 247 248 248 248 248 249 249 249 248 248 249 249 249 249 250 250 250 250 250 250 250 250 250 251 251 251 251 251 252 252 252 251 251 251 252 252 252 252 252 252 252 251 251 252 252 252 253 253 253 252 252 251 252 252 252 252 251 251 252 252 253 253 252 252 252 253 253 253 253 253 253 254 253 253 253 253 253 253 254 254 255 255 254 254 255 255 255 256 256 257 256 256 257 257 257 256 256 256 256 256 256 257 257 258 258 257 256 256 255 255 255 255 255 255 256 256 256 255 255 255 255 256 257 257 257 257 257 257 258 258 258 258 258 259 259 259 259 259 259 259 260 260 260 260 261 261 260 261 261 261 260 260 260 260 260 260 260 260 260 260 260 260 261 261 261 260 261 261 261 261 261 261 261 262 262 262 262 262 262 262 262 263 263 263 263 263 263 263 263 263 264 264 264 264 264 263 263 264 264 264 264 264 264 264 264 264 265 265 265 265 265 265 266 266 266 266 266 266 266 266 266 266 266 266 266 267 267 267 267 267 268 268 268 268 268 268 268 268 268 269 269 269 269 269 269 269 269 270 270 270 270 270 270 270 270 271 271 271 271 271 271 271 272 271 271 271 272 272 273 273 273 273 273 274 273 274 274 274 275 274 274 275 275 275 275 275 275 275 276 275 275 275 275 275 276 275 276 276 276 275 275 275 275 275 276 276 276 276 276 276 276 276 276 277 276 277 277 277 277 277 277 278 277 277 278 278 278 278 279 279 279 279 279 280 280 280 280 280 280 281 281 281 281 282 244 243 244 244 245 245 244 245 244 244 244 244 245 245 245 244 244 243 243 244 244 244 244 244 244 245 245 245 244 244 245 244 244 245 245 245 245 246 247 247 247 247 247 247 248 248 248 248 249 249 248 248 248 249 249 249 250 250 250 250 250 250 250 250 250 251 251 251 251 252 252 251 252 252 252 252 252 252 252 252 252 253 251 252 252 252 253 253 253 253 253 252 252 251 251 252 252 252 252 252 252 253 253 253 252 252 253 253 253 253 253 253 253 253 254 254 254 253 254 254 255 255 255 255 255 255 256 256 256 256 256 257 256 256 257 257 257 257 257 256 256 256 256 256 257 257 258 258 257 257 257 257 256 256 256 256 256 256 256 255 255 255 255 256 257 258 257 257 257 258 258 258 258 258 259 259 259 259 259 260 260 260 260 260 260 261 261 261 261 261 261 261 261 261 261 261 260 261 261 261 260 260 260 260 260 261 261 261 261 261 261 261 261 261 262 262 262 262 262 262 262 262 263 263 263 263 263 263 263 263 264 264 264 264 264 264 264 263 263 264 264 264 264 264 264 264 264 265 265 265 265 265 265 265 265 266 266 266 266 266 266 266 266 267 266 266 266 267 267 267 267 268 268 268 268 268 268 268 268 268 268 269 269 269 269 270 270 270 270 270 270 270 270 270 270 270 270 271 271 271 271 271 271 271 271 271 272 272 272 273 273 273 273 273 274 274 273 274 274 274 274 274 274 274 275 275 275 275 275 275 275 276 276 276 276 276 276 276 276 276 276 276 276 276 276 276 276 276 276 276 276 276 276 276 276 276 276 277 277 277 277 277 277 277 278 278 278 278 278 279 279 279 279 279 279 279 280 280 280 281 281 281 281 281 281 282 244 244 244 244 245 246 246 245 245 245 244 245 245 245 245 244 244 244 243 244 244 245 244 245 245 245 245 245 245 245 244 244 245 244 245 245 246 245 247 247 247 247 247 247 248 248 249 249 249 249 249 249 248 248 249 249 250 250 250 250 251 250 250 250 251 250 251 251 251 251 251 251 251 251 252 252 252 252 252 252 252 252 252 252 253 253 253 254 254 254 254 254 254 253 252 251 252 252 252 253 253 253 254 253 253 253 253 253 253 253 253 254 254 253 253 254 254 253 253 253 254 254 255 255 255 256 256 256 256 256 256 256 256 256 256 256 256 257 257 257 256 256 256 256 256 256 256 256 257 257 257 258 258 257 257 257 257 257 256 256 255 255 255 256 257 257 258 258 258 258 258 259 259 259 259 259 259 259 259 260 260 260 261 261 261 261 261 261 261 261 261 261 261 261 261 262 262 262 261 261 261 260 260 260 261 261 261 261 261 262 261 261 261 261 261 262 262 262 262 262 262 262 263 263 263 263 263 263 263 263 264 264 264 264 264 264 264 264 263 263 264 264 264 264 264 265 265 264 265 265 265 265 265 265 265 266 266 266 266 266 266 266 267 267 267 266 266 267 267 267 267 267 268 268 268 268 268 268 269 269 269 269 269 269 269 269 270 270 270 270 270 270 270 270 270 270 270 271 271 271 271 271 271 271 271 271 272 272 272 272 273 273 273 273 273 273 274 274 274 274 274 274 274 275 274 274 274 275 275 276 276 276 276 276 276 276 276 276 276 276 276 276 276 276 276 276 276 275 275 275 275 276 276 276 276 276 276 277 277 277 277 277 277 277 278 278 278 278 279 279 279 279 279 279 279 279 279 280 280 280 280 281 281 280 280 281 282 282 244 244 245 245 245 246 245 245 244 244 244 245 246 245 245 244 244 243 243 244 245 244 245 245 245 245 245 246 246 245 245 245 245 245 245 244 244 245 245 245 247 248 248 247 247 247 248 248 248 248 249 249 249 249 249 249 249 249 250 250 250 250 251 250 251 251 251 251 251 251 251 251 252 252 252 252 252 252 252 252 253 253 253 252 252 252 252 252 252 252 253 254 254 254 253 252 252 252 253 253 252 253 253 254 254 254 254 254 254 254 254 253 253 254 254 254 253 253 253 253 253 254 253 254 254 255 255 256 256 257 257 257 257 257 257 257 257 256 256 257 256 257 257 257 257 257 256 256 256 256 257 257 257 258 258 258 258 258 257 256 256 255 255 255 256 256 256 257 258 258 258 259 259 259 259 259 260 260 260 260 260 260 260 261 261 261 261 261 261 261 262 262 262 261 261 261 262 262 262 262 262 261 261 261 261 261 261 261 261 261 262 262 262 262 262 262 262 262 262 262 262 262 262 263 263 263 263 263 263 264 264 264 264 264 264 264 264 264 264 264 263 264 264 264 264 265 265 265 264 265 265 265 265 265 265 265 266 266 266 266 266 266 267 267 267 267 267 267 266 267 267 267 267 267 268 268 268 268 269 269 269 269 269 269 269 269 269 269 270 270 270 270 270 270 270 270 270 270 270 270 271 271 271 271 272 271 271 272 272 272 272 272 273 273 273 273 273 273 274 274 274 274 274 274 274 274 274 274 274 275 275 275 275 275 276 276 275 276 275 275 276 276 276 276 276 276 276 276 276 276 275 276 276 276 276 277 277 276 276 277 277 277 277 277 277 278 277 278 278 278 278 278 278 279 279 279 279 279 280 280 280 280 280 280 280 280 281 281 281 281 245 245 244 245 245 245 246 245 244 244 244 244 245 245 245 245 244 244 243 245 245 245 244 245 245 246 245 245 246 246 246 246 245 246 245 245 245 245 245 245 245 246 247 247 247 247 247 247 247 248 248 248 249 249 249 249 249 249 249 250 250 250 250 250 250 251 251 251 251 252 252 252 252 252 252 252 252 252 252 252 252 253 253 253 253 252 252 253 253 253 253 253 253 253 253 252 252 253 253 253 253 253 253 254 254 254 253 254 254 253 253 253 253 253 253 253 253 253 253 254 254 254 254 254 254 254 254 255 256 257 257 257 257 257 257 257 257 256 256 256 256 256 256 257 257 256 256 257 256 256 256 257 256 256 257 258 258 258 258 257 257 256 256 255 255 256 257 257 257 257 258 259 260 260 259 259 259 260 260 260 260 261 261 261 262 261 261 261 261 261 261 261 262 262 261 261 261 262 262 262 262 262 262 262 262 262 262 262 261 261 261 262 262 262 262 262 262 262 262 262 262 262 262 263 263 263 263 263 263 264 264 264 264 264 264 264 264 264 264 264 264 264 264 264 264 265 265 265 265 264 265 265 265 265 265 266 266 266 266 266 266 266 266 266 267 267 267 267 267 267 267 267 267 267 268 268 268 268 269 269 269 269 269 269 269 269 269 269 269 270 270 270 270 270 270 270 270 270 271 271 271 271 271 271 272 272 272 271 272 272 272 272 272 272 272 273 273 273 273 274 274 274 274 274 274 274 274 274 275 275 275 275 275 275 275 275 275 275 275 275 275 275 276 276 276 276 276 276 276 276 276 276 276 276 276 276 277 277 277 277 277 277 277 277 277 277 277 277 278 278 278 279 279 279 279 279 279 279 279 279 279 279 280 280 280 280 280 281 281 281 282 245 246 245 245 245 244 244 245 245 245 245 245 244 244 244 244 244 244 243 244 245 246 246 245 245 246 247 247 246 246 247 247 247 247 247 246 246 246 245 245 245 245 246 246 246 247 248 249 248 249 248 248 248 248 248 249 249 249 249 249 249 250 250 251 251 251 251 251 251 251 251 251 252 252 252 252 252 252 251 252 252 252 252 253 253 254 253 253 253 254 254 254 254 254 254 253 253 253 253 253 253 253 253 254 254 254 254 253 253 253 254 253 253 253 253 253 254 254 253 253 254 254 255 255 255 254 255 254 255 256 256 256 256 256 257 257 257 257 257 257 257 256 255 256 256 256 256 255 255 255 255 256 256 256 256 257 257 257 257 258 258 258 257 256 256 255 256 257 257 258 258 259 260 260 259 259 259 260 260 260 259 260 260 261 261 262 262 261 261 261 261 261 261 261 261 262 262 261 262 262 262 262 263 263 262 262 262 262 262 262 262 262 262 263 263 263 263 262 263 262 262 262 263 263 263 263 263 263 263 263 264 264 264 264 264 264 264 264 264 264 264 265 264 264 264 264 265 265 265 265 265 265 265 265 265 265 266 266 266 266 266 266 266 266 267 267 267 267 267 267 267 267 268 268 267 268 268 268 268 269 269 269 269 269 269 269 269 270 269 269 269 270 270 270 270 270 271 271 271 271 271 271 271 271 271 272 272 272 272 272 272 272 272 272 272 272 273 273 273 273 274 274 274 274 273 274 275 275 275 275 275 275 275 275 275 275 275 275 275 275 275 276 275 276 276 276 276 276 276 276 276 276 276 277 276 276 277 277 277 277 277 277 277 277 278 278 277 277 278 278 278 278 278 278 278 278 279 279 279 279 280 280 280 280 280 281 280 281 281 281 281 282 282 245 245 245 246 246 245 244 244 245 245 244 244 245 245 244 244 243 243 244 244 245 245 246 245 245 245 246 246 247 247 247 248 247 247 248 247 247 247 246 246 246 246 246 246 246 247 247 248 248 249 249 249 249 248 248 248 248 249 249 249 249 250 250 250 250 251 251 251 251 251 251 251 251 251 251 251 251 251 251 251 252 252 252 253 253 253 253 253 254 254 254 254 254 254 254 254 254 253 253 253 253 253 253 253 254 254 254 253 253 253 253 253 253 253 254 254 254 254 254 254 253 254 255 255 256 256 255 256 256 256 256 257 256 256 256 257 257 258 258 258 257 258 257 256 255 256 255 255 256 257 256 256 255 255 256 256 257 258 257 257 258 258 258 258 257 256 256 256 257 258 258 258 259 259 259 259 258 259 259 259 259 259 259 260 260 261 261 261 261 261 261 261 261 261 261 261 261 262 261 262 263 263 263 263 263 262 262 262 263 263 263 263 263 263 263 263 263 263 263 263 263 263 263 263 263 263 263 263 263 263 264 264 264 264 264 264 264 264 265 264 265 265 265 264 264 264 265 265 265 264 265 265 265 265 265 265 266 266 266 266 266 266 267 267 267 267 267 267 267 267 267 267 268 268 268 268 268 268 268 269 269 269 269 269 269 269 269 269 270 270 270 270 270 270 270 270 271 271 271 271 271 271 271 271 271 272 272 272 272 272 272 272 272 272 272 273 273 273 273 273 274 274 274 274 274 274 274 274 274 275 275 275 275 275 275 275 275 275 275 275 275 275 276 276 276 276 276 276 276 276 276 276 276 276 277 277 277 277 277 277 277 277 277 277 277 278 278 278 277 277 277 278 278 279 279 279 279 279 279 279 280 280 280 280 281 281 281 281 281 281 281 282 282 282 244 244 245 245 246 246 245 244 245 245 245 244 245 244 244 244 244 245 245 245 246 245 245 245 245 245 245 246 246 247 247 247 247 247 247 248 248 248 248 247 247 246 246 246 246 246 247 247 247 248 248 249 249 250 250 249 249 249 249 249 250 250 250 250 250 251 251 251 251 251 251 251 252 252 252 251 251 251 252 252 252 252 253 253 253 253 253 254 253 253 254 254 254 255 255 255 254 254 253 253 253 253 253 253 254 254 254 255 254 254 253 253 254 254 254 254 255 255 255 254 254 254 255 255 255 255 256 257 257 257 256 256 256 256 256 257 257 257 257 257 257 257 257 256 256 256 256 256 256 257 257 257 257 256 256 256 257 257 257 257 257 257 257 257 257 256 256 257 258 258 258 258 258 259 259 259 258 259 259 259 259 259 259 260 260 260 261 261 262 261 261 261 261 261 261 261 261 261 261 262 262 262 263 263 262 262 262 262 262 263 263 263 263 263 263 263 263 263 263 263 263 263 263 263 263 263 263 264 264 264 264 264 264 264 264 264 265 265 265 265 265 265 265 264 264 265 265 265 265 265 265 265 265 265 266 266 266 266 266 266 266 266 266 267 267 267 267 267 267 267 267 267 268 268 268 268 268 268 269 269 269 269 269 269 269 269 269 270 270 270 270 270 270 270 270 270 271 271 271 271 271 271 271 271 271 272 272 272 272 272 272 272 273 273 273 273 273 273 273 273 274 274 274 274 274 274 273 274 274 274 275 275 275 275 275 275 275 275 275 275 276 276 276 276 276 276 276 276 276 276 276 276 276 276 277 277 277 277 277 278 278 277 277 277 277 278 278 278 278 278 277 277 278 278 279 280 279 279 279 279 280 280 280 280 280 281 282 281 281 281 281 281 281 281 282 244 244 244 245 245 245 246 245 244 245 245 245 244 244 244 245 245 246 246 247 247 246 245 245 246 246 246 245 246 247 246 246 247 247 247 248 248 249 248 248 247 246 246 247 247 247 246 247 247 247 247 248 249 249 250 250 250 251 251 251 251 251 251 251 252 251 251 251 251 252 252 251 252 252 252 252 252 252 252 252 253 252 252 253 253 253 253 254 254 253 254 254 254 254 255 255 255 255 255 254 254 254 254 254 254 254 255 255 254 254 254 254 255 255 255 255 254 254 254 254 255 254 255 255 255 256 256 257 257 257 256 257 257 257 257 257 257 257 257 257 257 257 257 256 256 257 257 257 257 258 258 257 256 256 256 256 256 257 257 258 258 258 258 257 257 257 256 257 257 257 257 258 258 259 259 259 259 259 259 259 260 260 260 260 261 261 261 262 262 262 261 261 262 262 261 262 262 262 262 262 261 262 262 262 262 262 263 263 262 263 263 263 263 263 263 263 263 263 263 263 263 263 263 263 263 264 264 264 264 264 264 264 264 264 264 265 265 265 265 265 265 265 265 264 265 265 265 264 265 265 265 265 265 265 265 266 266 266 266 266 266 266 266 267 267 267 267 267 267 267 267 267 268 268 268 268 268 268 269 269 269 269 269 269 269 269 270 270 270 270 270 270 270 270 270 270 270 271 271 271 271 271 271 271 271 272 272 272 272 272 272 272 273 273 273 273 273 273 273 273 273 274 274 274 274 274 273 274 274 274 274 275 275 275 275 275 275 275 276 276 276 276 276 276 276 276 276 276 276 276 276 276 277 277 277 277 277 278 277 278 278 278 278 278 278 278 278 278 278 278 278 277 278 278 279 279 279 279 279 279 280 280 280 280 281 281 281 281 281 281 281 281 282 282 282 283 245 245 244 244 244 245 245 245 245 245 245 245 245 245 246 246 246 247 247 247 247 247 246 247 247 247 247 246 246 246 246 247 248 248 248 248 248 249 249 248 248 247 247 248 247 247 247 247 247 247 247 248 249 249 250 250 250 251 251 251 251 251 251 252 251 251 252 252 252 252 252 252 252 252 252 253 253 252 252 252 252 253 253 253 253 253 254 254 254 254 254 254 255 255 255 255 255 255 255 255 255 254 254 254 254 254 255 255 254 254 254 254 254 255 255 256 255 255 254 255 255 255 255 256 256 256 256 257 257 258 258 258 258 258 258 258 257 257 257 257 257 257 257 256 256 257 258 257 258 259 258 257 257 257 257 256 256 256 257 257 258 259 258 257 257 256 256 257 258 258 258 258 259 259 259 259 259 259 259 259 259 260 260 261 261 261 262 262 263 263 262 262 262 262 262 262 263 262 262 262 262 262 262 262 262 262 263 263 263 262 263 263 263 263 263 263 263 263 263 263 263 263 263 263 263 263 264 264 264 264 264 264 264 264 264 265 265 265 265 265 265 265 265 264 265 265 264 265 265 265 265 265 266 266 266 266 266 266 266 266 266 266 267 266 267 267 267 267 267 267 267 268 268 268 268 268 269 268 269 269 269 269 269 269 269 269 270 270 270 270 270 270 270 270 270 271 270 271 271 271 271 272 272 272 272 272 272 272 272 272 272 272 273 273 273 273 273 273 273 273 273 274 274 274 274 274 274 273 274 274 275 275 275 275 275 275 275 275 276 276 276 276 276 276 275 275 275 276 276 276 276 276 277 277 277 277 277 278 278 278 278 278 278 278 278 278 279 279 279 278 278 278 278 278 279 279 278 279 279 279 280 280 280 280 281 281 281 281 281 281 282 282 281 281 282 283 246 246 246 245 245 244 244 244 245 245 245 245 245 245 245 246 246 247 247 247 246 246 246 246 247 248 248 248 247 246 247 247 248 248 248 248 249 249 250 249 249 249 248 249 248 248 249 248 248 247 247 248 248 249 249 250 249 250 250 250 250 251 251 252 252 252 252 252 252 253 252 252 252 252 253 253 253 253 253 252 252 253 253 253 254 254 254 254 254 254 254 254 255 255 255 255 255 255 255 256 255 254 254 254 254 254 254 254 254 254 254 254 255 255 255 256 255 255 255 256 255 255 255 256 256 256 256 257 257 258 258 258 258 258 258 257 257 257 257 257 257 257 257 257 257 257 258 259 259 259 259 258 258 257 257 257 257 256 257 258 258 258 258 257 257 257 257 257 258 258 259 259 259 260 259 259 258 259 259 260 260 260 260 261 262 262 263 263 263 264 264 263 262 262 262 263 263 262 262 262 262 262 262 262 262 262 263 263 263 263 263 263 263 263 263 263 263 263 263 263 263 263 263 263 264 264 264 264 264 264 264 264 265 265 265 265 265 265 265 265 265 265 265 264 264 264 265 265 265 265 265 265 266 266 266 266 266 266 266 266 266 266 267 267 267 267 267 267 268 267 268 268 268 268 268 269 269 269 269 269 269 269 269 269 269 269 270 270 270 270 270 270 271 271 271 271 271 271 271 271 271 272 272 272 272 272 272 272 272 273 272 273 273 273 273 273 273 273 273 273 274 274 274 274 273 274 274 274 274 274 274 275 275 275 275 275 275 275 275 276 276 275 276 276 275 275 276 277 277 277 277 277 277 277 277 278 278 278 279 279 279 279 279 279 279 279 279 279 279 278 278 278 278 278 279 279 279 279 280 279 280 280 280 280 280 280 281 281 281 281 282 281 281 282 282 282 283 247 246 246 245 245 245 245 245 245 245 246 246 246 246 246 247 247 248 247 246 247 247 247 248 248 248 248 247 247 247 248 248 248 248 248 249 249 249 249 249 249 249 249 249 248 249 249 248 248 247 248 248 248 249 249 249 249 250 250 250 250 251 251 252 252 252 253 253 253 253 253 252 253 253 253 254 254 253 253 252 253 253 254 254 254 254 254 255 255 255 254 255 255 255 256 255 255 255 255 254 254 254 254 254 254 254 255 255 254 254 254 255 255 256 256 256 256 256 255 255 255 256 257 257 257 258 258 257 257 258 258 257 257 257 258 257 257 258 258 258 258 257 257 258 259 259 259 260 259 259 258 258 258 257 257 257 257 257 257 258 258 257 257 257 257 257 258 258 258 258 258 258 258 258 259 259 260 260 260 261 261 261 262 262 263 263 264 264 264 263 263 262 263 263 263 263 263 262 262 262 262 262 262 262 263 263 263 263 263 263 263 263 263 263 263 263 263 263 263 263 264 264 264 264 264 264 264 264 264 265 265 265 265 265 265 265 265 265 265 265 265 264 264 265 265 265 265 265 265 266 266 266 266 266 266 266 266 266 267 267 267 267 267 267 267 268 268 268 268 268 268 268 268 269 269 269 269 269 269 269 269 269 270 270 270 270 270 270 270 271 271 271 271 271 271 271 271 271 271 272 272 272 272 272 272 272 272 272 273 273 273 273 273 273 273 273 273 274 274 274 274 273 273 273 273 274 274 274 275 275 275 275 275 275 275 275 275 276 276 276 276 276 275 276 277 277 277 277 277 277 278 278 278 278 278 278 278 279 279 279 279 279 279 279 280 279 279 279 278 278 279 278 278 278 278 279 279 280 279 280 280 280 280 281 281 281 281 281 281 281 282 281 282 283 284 247 246 245 246 246 245 245 245 245 246 246 247 247 247 248 248 247 247 247 247 247 247 248 249 249 248 248 248 248 249 249 248 249 249 249 248 248 249 249 250 250 249 248 248 248 248 248 248 249 249 249 249 249 250 250 250 250 250 250 250 250 251 251 252 252 252 252 253 253 253 254 253 253 254 253 253 253 253 253 253 254 254 254 254 255 255 255 255 255 256 255 256 256 255 256 256 255 255 254 254 254 255 255 255 255 255 255 254 254 255 255 256 256 256 255 255 255 256 255 256 256 257 258 258 258 258 258 257 257 258 258 258 257 257 258 259 259 259 259 259 258 258 259 259 259 259 259 259 258 258 258 257 257 257 258 257 257 257 258 257 257 257 257 257 257 257 258 258 258 258 258 259 259 260 260 261 261 261 262 262 262 262 263 263 264 264 263 263 263 263 263 264 264 264 264 263 263 263 263 263 262 262 262 263 263 263 263 263 263 264 263 263 263 263 263 263 264 264 264 264 264 264 264 264 264 264 265 265 265 265 265 265 265 265 266 266 265 265 265 264 265 265 265 265 265 265 265 266 266 266 266 266 266 266 267 267 267 267 267 267 267 267 267 268 268 268 268 268 268 268 269 269 269 269 269 269 269 269 269 270 270 270 270 270 271 271 271 271 271 271 271 271 271 271 271 271 271 272 272 272 272 272 272 272 272 272 273 273 273 273 273 273 273 274 274 274 274 273 273 273 273 273 274 274 274 274 275 275 275 275 275 275 276 276 276 276 276 276 276 276 276 275 276 276 276 276 277 277 278 278 278 278 278 278 278 279 279 279 279 279 279 279 279 279 280 280 279 279 279 279 279 279 279 279 279 279 280 280 280 280 281 281 281 281 281 281 282 282 282 281 282 283 283 283 285 285 285 247 246 246 246 245 246 246 246 247 247 248 247 247 248 248 247 247 247 248 249 249 249 249 249 249 248 248 249 249 250 250 250 249 248 248 248 248 249 250 250 249 248 248 248 248 249 250 250 250 250 250 250 250 251 250 250 250 251 251 251 251 252 252 253 253 253 253 253 253 253 254 254 253 253 253 253 253 253 254 254 254 255 255 255 255 255 255 256 256 256 256 256 256 256 256 256 255 254 255 255 255 255 255 255 255 254 254 255 256 256 256 256 255 255 256 256 257 257 256 257 259 259 258 257 257 257 257 258 259 258 257 257 258 259 260 260 260 259 259 259 259 259 259 259 259 259 258 257 257 257 258 258 258 258 257 257 257 257 257 258 257 258 258 258 258 258 258 258 258 259 259 260 260 261 261 261 262 262 262 262 263 263 264 264 264 264 264 264 263 263 264 264 264 264 263 263 262 262 262 263 263 263 263 263 263 263 263 264 264 263 263 263 263 264 264 264 264 264 264 264 264 264 264 265 265 265 265 265 265 265 265 266 265 266 265 265 265 265 265 265 265 265 265 266 265 266 266 266 266 266 266 266 267 268 268 267 267 268 268 268 267 268 268 268 268 268 268 269 269 269 269 269 269 269 269 269 270 270 270 270 270 270 271 271 271 271 271 271 271 271 271 271 272 272 271 272 272 272 272 272 272 272 272 273 273 273 273 273 273 273 274 274 273 273 273 273 273 273 274 274 274 274 275 275 275 275 275 275 275 276 276 276 276 276 276 276 276 276 276 276 276 276 276 276 277 277 278 278 278 278 278 278 278 279 279 279 279 279 279 279 279 280 280 280 280 279 279 279 279 279 280 280 280 279 279 280 280 280 280 280 281 281 281 282 282 282 282 282 282 282 283 283 284 284 283 283 284 247 247 247 247 247 247 247 247 247 247 247 247 247 248 247 247 249 249 249 250 250 250 249 249 249 249 249 249 250 250 249 248 248 248 248 249 250 250 249 248 248 248 248 249 249 250 250 251 252 251 251 251 252 252 251 252 252 252 251 251 252 253 253 253 253 253 253 253 254 254 254 254 254 254 254 254 254 254 254 255 255 255 255 255 255 256 256 256 257 257 257 257 257 256 256 255 256 256 256 256 256 256 256 255 255 255 256 256 256 255 255 256 256 256 257 257 257 258 259 259 258 258 258 258 258 258 259 258 258 257 258 259 259 259 260 259 260 259 259 259 259 260 260 259 259 258 258 259 259 259 258 258 258 258 258 258 258 258 258 258 259 259 259 259 258 258 259 259 259 260 260 261 261 261 261 262 262 262 262 263 263 263 263 263 263 264 264 264 263 264 264 264 264 263 263 263 263 263 263 263 263 263 263 263 264 264 263 264 264 264 264 264 264 264 264 264 264 264 265 265 265 265 265 265 265 265 265 265 266 266 265 265 265 265 266 265 265 265 265 265 265 266 266 266 266 266 267 267 266 267 267 268 268 268 268 268 268 267 268 268 268 268 268 268 269 269 269 269 269 269 269 269 269 269 270 270 270 270 270 271 271 271 271 271 271 271 271 271 271 271 271 272 272 272 272 272 272 273 273 273 272 273 273 273 273 273 273 274 274 274 273 274 274 275 275 274 275 275 275 275 275 275 275 275 275 275 275 275 275 275 275 276 276 276 276 276 276 276 276 276 277 277 277 277 277 278 278 278 278 278 278 279 279 279 279 279 279 279 280 280 280 280 280 280 280 280 280 280 280 280 280 280 280 279 280 280 280 280 281 281 281 282 282 282 282 282 282 282 282 283 283 282 282 282 283 284 248 247 247 247 247 247 248 248 248 248 248 249 249 250 250 250 250 250 250 249 249 249 250 250 250 249 249 249 249 248 249 249 250 249 249 249 248 249 249 249 250 250 250 251 251 251 252 252 252 252 252 252 252 252 252 253 253 253 253 254 253 253 253 254 254 254 254 254 254 254 254 254 254 255 255 255 255 256 255 255 256 256 256 257 257 257 257 257 257 257 257 257 256 256 256 256 256 256 255 255 255 256 256 256 256 256 256 256 257 257 258 258 258 259 259 258 259 259 259 259 259 259 259 258 258 258 258 258 259 259 259 260 259 259 259 260 260 260 260 259 258 259 259 259 258 258 258 259 259 258 258 259 258 258 258 259 259 258 258 258 259 259 259 260 261 261 261 261 261 261 261 261 261 262 262 263 262 262 263 263 263 264 264 264 264 265 265 265 265 264 264 263 263 263 263 263 263 263 263 264 264 264 264 264 264 264 264 264 264 264 264 264 264 264 264 264 265 265 265 265 265 266 266 265 266 265 265 265 265 266 265 265 265 265 265 266 266 266 266 267 267 267 267 266 266 267 267 268 269 269 268 268 268 268 268 268 268 268 269 269 269 269 269 269 269 269 269 269 270 270 270 270 270 271 271 271 271 271 271 271 271 271 271 271 271 271 272 272 272 272 272 272 273 273 273 273 273 273 273 273 273 273 274 273 273 274 274 275 275 275 275 275 275 275 275 275 275 275 275 275 275 275 275 275 275 275 276 276 276 276 276 276 276 276 277 277 277 277 278 278 278 278 278 278 278 279 279 279 279 279 279 279 279 280 280 280 280 280 281 280 280 281 281 281 281 281 280 280 280 280 280 280 281 281 281 281 281 281 282 282 282 282 282 282 283 282 282 282 283 284 285 249 248 248 248 248 248 249 249 249 249 249 250 250 250 251 251 251 251 250 250 251 251 251 250 250 250 250 249 249 249 249 249 249 249 249 249 249 250 250 250 250 250 250 251 252 252 252 252 252 253 253 253 253 253 253 253 253 253 253 254 253 254 254 254 254 255 255 255 254 254 254 255 255 255 255 256 256 256 256 256 256 257 257 257 257 257 257 257 257 258 258 257 256 256 256 256 256 255 256 257 257 256 256 256 257 257 256 257 257 258 259 259 259 259 259 260 260 260 260 259 259 259 258 258 258 259 259 259 259 259 259 259 260 260 260 260 260 260 259 259 259 259 259 258 259 259 259 259 259 259 258 259 259 258 259 259 258 258 259 259 259 260 260 261 260 261 261 261 261 261 261 262 262 263 262 263 262 263 264 264 264 264 264 265 265 265 265 265 264 263 263 263 263 263 264 263 263 263 264 264 264 264 264 264 264 264 264 264 264 264 264 265 264 265 265 265 265 265 265 266 265 265 266 265 265 265 265 266 266 265 265 265 265 266 266 266 266 266 267 267 268 267 267 267 267 267 268 268 269 269 268 269 269 269 269 269 269 269 269 269 269 269 269 269 269 269 269 270 270 270 270 270 270 270 270 270 270 270 270 271 271 271 271 271 272 272 272 272 272 272 272 273 273 273 273 273 273 273 273 273 273 273 273 273 273 274 274 274 274 275 275 275 275 275 276 276 276 276 276 275 275 275 275 276 276 276 276 276 276 276 276 276 277 277 277 277 277 277 277 278 278 278 278 278 278 279 279 279 279 279 279 279 280 280 280 280 280 280 280 281 281 281 281 281 281 280 280 280 280 280 281 281 281 281 281 281 281 282 283 283 282 282 282 282 282 282 283 284 284 284 285 285 286 287 287 249 249 249 249 248 249 249 249 250 250 250 250 251 251 251 251 251 251 251 251 251 251 251 251 251 251 250 249 249 249 249 249 249 249 250 250 250 250 250 251 251 251 252 252 252 252 251 252 252 253 253 253 254 254 254 254 254 254 254 254 254 254 254 254 254 254 255 255 255 254 255 255 255 256 256 256 256 256 257 257 257 257 257 257 257 257 257 257 258 258 257 256 256 256 257 256 256 257 258 258 257 256 256 257 258 257 257 257 258 259 259 260 260 260 260 260 260 259 259 259 260 259 258 258 259 259 259 259 259 259 260 260 260 260 260 260 260 260 260 259 259 259 259 259 259 259 259 259 259 259 259 259 259 259 259 259 259 259 259 260 260 260 261 260 261 262 261 261 261 261 262 263 263 262 262 263 263 264 264 264 264 264 265 265 265 265 265 264 264 263 263 264 264 264 264 264 263 264 265 265 265 264 264 264 265 264 264 265 265 265 265 265 265 265 265 265 265 265 266 265 265 265 265 265 266 266 266 266 265 265 266 265 266 266 266 267 266 266 267 267 267 267 267 267 267 267 268 269 270 270 270 270 269 269 269 269 269 269 269 269 269 270 269 269 269 270 270 270 270 270 271 270 270 270 270 270 270 271 271 271 271 271 271 272 272 272 272 272 272 272 273 273 273 273 273 273 274 274 274 273 274 274 274 274 274 275 275 275 275 275 276 276 276 276 276 276 276 276 276 275 275 276 276 276 276 276 276 277 277 277 277 277 277 277 277 277 277 278 278 278 278 278 278 278 279 279 279 279 280 280 279 280 280 280 280 280 280 280 281 281 281 281 281 281 280 280 280 280 280 280 281 281 281 282 282 282 282 283 282 282 282 282 282 282 283 283 284 283 284 284 284 285 285 285 286 286 287 250 249 250 250 250 250 250 250 251 251 251 251 251 251 251 251 251 251 251 252 251 251 251 251 250 250 250 249 249 249 249 249 250 250 251 251 251 251 251 251 252 252 251 251 252 252 253 254 254 255 255 255 254 254 254 254 254 254 254 254 254 254 254 255 255 255 255 255 255 255 256 256 256 256 257 257 257 257 257 257 257 257 257 257 258 258 258 258 257 256 256 257 256 256 257 258 258 257 257 256 257 258 257 257 257 258 259 259 260 260 260 260 260 260 259 259 259 259 259 259 259 259 259 260 261 260 260 260 260 260 260 260 260 260 260 260 259 259 260 259 259 259 259 259 259 259 259 259 260 260 260 260 260 259 259 260 260 260 260 260 260 261 261 261 261 261 262 263 264 263 263 263 263 263 263 263 263 264 264 265 265 265 265 265 265 264 264 264 264 264 264 264 264 264 264 264 265 265 264 265 264 264 265 265 265 265 265 265 265 265 266 266 265 265 265 265 265 266 265 266 266 266 266 266 266 265 266 266 266 266 266 266 267 267 267 267 268 268 268 267 267 268 268 268 269 270 270 270 269 269 269 269 269 269 269 269 269 269 270 270 270 270 270 270 270 271 270 270 270 271 270 271 271 271 271 271 271 271 271 271 272 272 272 272 272 272 272 273 273 273 273 273 273 273 273 273 274 274 274 275 275 275 275 275 275 275 275 276 276 276 276 276 276 276 276 276 276 276 276 276 276 277 277 277 277 277 277 277 277 277 277 277 277 277 278 278 278 278 278 278 279 279 279 279 279 280 280 280 280 280 280 280 280 280 280 281 281 281 281 281 281 281 281 280 280 280 280 280 280 281 281 281 282 282 282 283 282 282 282 283 283 283 283 283 283 284 284 284 284 284 285 285 286 286 287 250 250 250 250 250 251 251 251 251 251 251 251 251 251 251 251 251 252 251 251 251 251 250 251 251 250 249 249 249 249 249 250 250 250 250 250 250 251 252 252 251 251 252 252 254 254 254 255 255 255 255 255 255 255 255 255 254 254 254 254 254 254 255 255 255 256 255 256 256 256 256 256 256 257 257 257 257 257 257 257 257 258 258 258 258 257 257 257 257 257 256 256 257 257 258 258 257 257 258 259 258 257 258 258 259 259 259 259 260 259 259 260 259 259 260 260 259 260 260 259 259 260 261 260 260 260 260 260 260 260 260 260 260 259 259 259 259 259 259 260 260 259 259 259 260 259 259 259 259 259 259 259 259 259 259 259 259 260 260 260 260 261 262 262 263 263 263 263 263 263 264 264 264 264 264 264 264 264 265 265 265 265 264 264 264 263 264 264 264 264 264 264 264 264 265 265 265 265 265 265 265 265 265 265 265 265 265 265 265 265 266 265 266 266 266 266 266 266 266 266 267 267 266 265 266 266 266 266 267 267 267 267 267 268 268 269 269 269 268 268 268 269 270 270 270 270 269 270 269 270 270 270 270 269 269 270 270 270 270 270 270 270 270 270 270 271 271 271 271 272 271 272 272 271 271 272 272 272 272 272 272 272 272 272 272 273 273 273 273 273 273 273 274 274 274 274 274 275 275 275 275 275 275 276 276 276 276 276 276 276 277 277 276 276 276 276 276 276 276 277 277 277 277 276 276 277 277 277 277 277 277 277 277 278 278 278 278 279 279 279 279 280 280 280 280 280 280 280 280 280 280 281 281 281 281 281 281 281 281 281 281 281 281 281 281 281 280 280 280 281 281 282 282 282 282 282 282 283 283 284 284 284 283 283 284 284 285 285 285 286 287 287 288 251 251 251 251 251 251 251 251 251 251 251 251 251 251 251 251 251 251 251 250 250 250 251 251 250 250 249 249 249 250 250 250 250 250 251 251 252 252 251 251 252 252 253 254 255 255 255 255 255 255 255 255 255 255 255 255 255 255 255 255 255 255 255 255 256 256 256 257 257 256 257 257 257 257 257 257 257 258 258 258 258 258 258 258 258 257 257 257 257 257 257 258 258 258 257 257 258 259 258 257 258 258 259 259 259 259 260 260 260 259 259 260 261 260 260 261 260 259 260 260 261 260 260 260 260 260 260 260 260 261 260 260 259 259 259 259 260 260 260 260 260 260 259 259 259 259 259 259 259 259 260 260 260 260 260 260 261 261 261 261 261 261 262 262 262 262 263 263 264 264 264 264 264 265 265 265 265 265 266 265 266 265 264 264 264 264 264 264 264 264 264 264 264 265 265 265 266 266 265 265 265 265 265 265 265 265 266 265 266 266 265 266 266 266 266 266 266 267 267 267 267 266 266 266 267 267 267 267 268 268 268 268 268 269 269 269 269 269 269 270 270 270 271 271 271 270 270 270 271 271 270 270 270 270 270 270 270 270 270 270 270 271 271 271 271 272 272 272 272 272 272 272 272 272 272 272 272 273 273 273 273 272 272 272 273 273 273 273 273 274 274 274 274 274 275 275 275 275 275 275 275 276 276 276 276 276 276 276 277 277 277 277 277 277 276 276 276 276 277 277 276 277 277 277 277 277 277 277 277 277 277 277 277 278 278 278 279 279 279 280 280 280 280 280 280 280 280 280 281 281 281 281 281 281 281 281 281 280 281 281 281 280 281 282 281 281 281 281 281 281 281 282 283 282 282 283 283 283 283 283 284 285 284 284 284 285 286 287 287 287 288 289 251 251 251 251 251 251 251 251 252 252 252 251 251 250 249 250 250 251 251 251 251 250 249 249 250 250 250 250 251 251 251 252 251 251 252 253 253 254 254 255 254 255 255 255 255 255 255 255 255 255 255 255 255 255 255 255 255 255 255 256 256 256 256 257 257 257 257 257 258 258 258 258 258 258 258 258 258 258 258 257 257 257 256 257 257 258 258 258 258 257 257 258 258 259 258 258 258 259 260 259 259 259 259 260 260 260 261 261 260 260 261 261 260 260 261 261 260 260 261 261 261 260 260 261 261 260 260 259 259 259 259 259 260 260 260 260 260 259 259 259 259 259 259 259 259 260 260 260 261 261 261 262 262 262 261 261 261 262 262 262 262 263 263 264 264 265 265 265 265 265 265 265 265 266 266 266 265 265 264 264 264 264 264 264 265 265 265 264 265 265 265 265 266 266 265 265 265 265 265 265 266 266 266 266 266 265 265 266 266 266 266 267 267 267 267 267 266 266 267 267 268 268 268 268 268 268 268 268 269 269 269 269 269 269 270 270 270 270 271 271 271 271 271 271 271 270 270 270 270 270 270 270 270 270 270 270 271 271 271 272 272 272 273 272 272 272 272 272 272 273 273 273 273 273 273 273 272 272 273 273 273 274 274 274 274 274 274 274 275 275 274 274 275 275 275 275 275 275 276 276 276 276 276 276 277 277 277 277 277 277 277 277 277 277 277 277 277 277 277 277 277 277 277 277 277 277 277 278 278 278 278 278 279 279 280 280 280 280 280 280 280 280 280 280 281 281 281 281 281 281 281 281 281 281 280 281 280 281 282 282 281 281 282 281 281 282 281 282 283 283 283 283 283 284 283 284 285 285 284 285 285 287 287 286 286 287 287 288 289 288 288 288 288 288 289 252 252 252 252 252 252 252 252 252 252 252 251 251 250 249 249 250 250 251 251 250 250 250 250 251 251 250 250 250 251 251 251 251 252 253 254 254 254 255 255 254 254 255 255 256 256 256 256 256 256 256 256 256 256 255 255 255 255 255 256 256 257 257 257 257 257 258 258 258 258 258 258 258 258 258 258 258 258 258 258 259 258 257 257 257 258 258 258 258 257 258 258 259 259 259 259 259 260 260 260 259 259 260 260 260 260 261 261 260 261 261 261 260 260 260 260 260 260 261 261 261 261 260 260 261 260 260 260 260 259 259 259 259 260 260 260 260 260 260 259 259 259 259 259 260 260 260 260 261 262 262 263 262 262 261 261 262 262 263 263 263 263 263 264 265 265 265 265 265 266 266 265 265 265 266 266 266 265 264 264 264 265 265 265 265 265 265 265 265 265 265 265 266 266 266 266 265 265 265 266 266 266 266 266 266 265 265 266 266 266 267 267 268 268 268 267 267 267 268 268 268 268 268 268 268 268 268 268 269 269 268 269 269 270 270 270 269 270 270 270 271 271 271 271 271 271 270 270 270 271 270 270 270 270 270 271 271 272 272 272 272 272 272 273 272 272 273 273 273 273 273 273 273 273 273 273 272 273 273 273 274 274 274 274 274 274 274 274 274 274 275 275 275 275 275 275 275 275 275 275 276 276 276 276 276 277 277 277 277 277 277 276 277 277 277 277 278 278 277 278 278 278 277 277 277 278 278 278 278 278 278 278 279 279 279 279 280 280 280 280 280 280 280 280 280 281 281 281 281 282 282 281 281 281 281 281 281 280 281 282 282 282 282 282 282 282 282 282 282 283 283 284 283 284 284 284 284 285 285 285 286 286 286 286 285 285 286 287 288 288 287 287 286 287 287 288 288 252 252 252 252 252 252 252 252 252 252 252 252 251 251 250 249 250 250 250 250 250 250 250 251 252 251 252 251 251 251 251 251 252 252 253 254 254 254 254 255 255 254 255 255 256 256 256 256 256 256 256 256 256 256 256 256 256 256 256 256 256 257 257 257 257 257 257 258 258 258 258 258 258 258 258 258 259 259 259 259 259 258 257 257 257 258 258 259 258 258 258 258 258 259 260 260 260 260 260 260 260 260 260 260 260 261 261 260 260 261 261 261 261 261 261 261 260 260 261 261 261 260 260 260 260 259 259 260 260 259 259 259 259 260 260 260 260 260 260 260 260 260 259 260 260 260 260 261 261 261 262 263 262 261 261 262 263 263 263 263 263 263 264 263 264 265 265 266 266 266 266 266 265 266 266 266 266 265 265 264 265 265 265 265 265 265 265 265 266 265 265 265 265 265 266 266 266 265 266 266 266 266 266 266 266 266 266 266 266 266 267 267 268 268 268 268 267 267 267 268 268 268 268 268 268 269 268 268 269 268 269 269 270 270 270 269 269 270 270 270 270 270 271 271 271 271 271 271 271 271 271 271 271 271 270 271 271 272 272 272 272 272 272 273 273 273 272 272 272 273 273 273 273 272 272 273 273 273 273 274 274 274 274 274 274 274 274 274 274 275 275 275 275 275 275 275 275 276 275 275 276 276 276 276 276 276 277 277 277 277 277 277 277 277 277 277 277 278 278 278 278 278 277 277 278 278 278 278 278 278 278 279 279 279 279 280 280 280 280 280 280 280 280 280 280 280 280 281 281 281 281 281 281 282 282 281 281 281 281 282 282 282 282 283 283 283 282 282 282 282 283 283 283 283 284 285 285 285 286 287 287 286 285 285 285 285 286 286 287 287 287 287 286 286 287 287 287 288 252 252 252 252 252 252 252 252 252 252 251 250 250 249 249 250 250 250 250 250 250 250 251 251 252 252 252 252 252 252 252 252 252 252 253 253 254 254 255 255 254 255 255 255 255 256 256 256 256 256 256 256 256 256 256 257 257 257 257 256 257 257 257 257 257 258 258 258 258 258 258 258 258 258 258 258 259 259 259 259 258 257 257 258 258 258 259 258 259 258 258 259 259 260 260 260 260 261 261 260 260 261 260 261 261 261 261 260 261 261 261 261 260 261 261 261 261 261 261 261 260 260 260 259 259 259 259 259 259 259 259 259 259 260 260 260 260 260 260 260 260 260 260 260 260 260 261 261 262 263 263 262 262 262 262 263 264 264 264 264 264 264 264 264 265 265 266 266 266 265 266 266 266 266 267 266 266 265 265 265 265 265 265 265 265 266 265 266 266 266 265 266 265 265 266 266 266 266 266 266 266 266 266 266 266 266 266 266 267 267 268 268 268 268 268 267 267 268 268 268 268 268 268 268 268 269 268 269 268 269 269 269 270 270 269 269 270 270 270 270 270 271 271 270 271 271 271 271 272 272 272 271 271 271 271 272 272 272 272 272 272 272 272 272 272 273 273 272 272 272 272 272 272 273 273 273 273 273 274 274 274 274 274 274 274 274 274 275 275 275 275 275 275 275 275 276 276 276 276 276 276 276 276 276 276 276 277 277 277 277 277 277 277 277 278 278 278 278 278 278 278 278 278 279 279 279 278 278 279 279 279 279 279 279 279 279 279 280 280 280 280 280 280 281 281 281 280 281 281 281 281 282 282 282 282 281 281 281 281 283 282 282 283 283 283 282 282 282 282 283 283 283 284 285 285 286 286 286 286 286 286 285 285 285 284 285 285 286 286 286 287 287 286 286 287 287 288 289 252 252 252 252 252 253 252 252 252 250 250 249 249 250 250 251 251 251 251 250 250 250 250 251 251 252 251 252 253 253 253 253 252 253 254 253 253 254 255 255 254 255 255 255 255 255 256 256 256 256 256 256 256 256 256 257 257 257 257 257 257 257 257 257 257 258 258 258 258 258 258 258 259 259 259 259 259 259 259 259 259 258 258 258 258 259 259 259 259 259 259 260 260 261 261 260 261 261 260 260 261 261 261 261 262 261 261 260 261 261 262 261 261 261 262 261 261 262 261 261 260 260 260 259 259 259 259 260 261 260 260 260 259 260 260 260 260 260 260 261 260 260 260 260 260 261 261 261 262 262 263 263 263 263 263 264 264 265 265 265 265 265 265 264 265 266 266 267 266 266 266 266 266 267 266 266 266 265 265 266 265 265 266 265 265 266 266 266 266 266 265 266 266 266 265 266 266 266 266 266 267 266 266 267 266 266 266 266 267 267 268 268 268 268 268 268 267 268 268 268 268 268 268 268 268 269 268 268 268 269 269 269 269 269 269 270 270 270 270 270 271 271 271 271 270 271 271 271 271 271 271 272 272 272 272 272 272 272 272 272 272 272 272 272 272 272 272 272 272 272 273 273 273 273 273 273 273 274 274 274 274 274 274 274 274 275 275 275 275 275 275 275 275 275 276 276 276 276 276 276 276 276 276 276 276 277 277 277 277 277 277 277 277 277 277 278 278 279 278 278 279 279 279 279 280 280 280 280 280 280 280 279 279 279 279 279 280 280 281 280 281 282 281 281 281 281 280 280 281 281 281 282 282 282 282 282 281 281 281 282 282 282 282 283 283 283 283 282 282 283 283 283 283 284 285 286 286 286 285 285 286 286 286 286 285 285 286 286 285 286 287 287 286 286 287 287 288 288 288 252 252 252 253 253 253 252 251 250 250 250 250 250 251 251 252 252 251 251 250 250 250 251 251 251 251 251 252 252 253 253 254 254 255 255 253 254 255 255 254 254 254 255 255 255 256 256 256 256 256 256 257 257 257 257 257 257 257 257 257 257 257 258 258 258 258 258 258 259 259 259 259 259 259 259 259 259 259 260 259 258 258 259 259 259 259 259 259 260 260 260 261 261 261 261 261 262 261 261 261 261 261 261 261 261 260 261 261 261 261 261 261 261 262 261 261 262 261 261 261 260 260 260 259 260 260 261 261 260 260 260 260 259 260 260 260 261 261 261 260 260 260 260 260 260 260 261 261 262 263 263 263 263 264 264 265 265 266 266 266 266 266 265 265 266 266 267 267 267 266 266 267 267 266 265 265 265 265 266 266 265 265 265 266 266 266 266 266 266 266 266 266 266 266 266 266 266 266 266 266 266 266 266 266 266 266 266 267 267 267 268 268 268 268 268 267 268 268 268 268 268 268 268 268 268 268 268 269 269 269 269 269 269 269 270 270 270 270 270 271 270 271 271 271 271 271 271 271 271 271 271 271 271 272 272 272 272 272 272 272 272 272 272 272 272 272 272 273 273 273 273 273 273 273 273 273 274 274 274 274 274 275 275 275 275 275 275 275 275 275 275 275 275 276 276 276 276 276 276 276 276 276 276 277 277 277 277 277 277 277 277 277 277 277 277 277 278 277 277 277 278 279 279 279 278 278 279 279 280 280 280 280 280 280 280 280 281 282 281 282 282 281 281 281 281 281 281 281 281 281 282 282 282 282 282 282 281 281 281 282 282 282 283 283 283 283 283 283 283 283 283 284 284 285 285 285 286 285 285 285 286 286 286 286 285 285 285 286 286 286 286 286 286 286 286 287 287 288 289 252 253 253 253 253 252 251 250 251 251 251 251 252 252 253 252 252 251 251 251 251 251 251 251 252 252 252 252 252 253 253 253 254 255 254 254 254 254 255 256 255 255 256 256 256 256 256 256 257 257 257 257 257 257 257 257 257 257 258 258 257 257 258 258 258 259 259 259 259 259 259 259 259 259 260 260 260 260 259 259 258 259 259 259 259 259 259 260 260 261 261 261 261 261 261 262 262 262 262 261 261 261 261 261 261 262 262 261 262 262 262 262 262 262 262 262 261 261 260 260 260 260 261 261 260 261 261 261 261 260 260 260 260 260 261 261 260 260 260 260 260 260 261 261 261 261 262 262 263 264 264 264 265 265 265 266 266 266 266 267 267 266 266 266 267 267 267 267 266 266 266 266 265 265 265 265 265 265 265 265 265 266 266 266 267 267 266 266 266 266 266 266 266 266 266 266 266 266 266 266 267 266 266 266 266 266 266 267 267 267 268 268 268 268 268 268 268 268 268 268 268 268 268 268 268 269 269 269 269 269 269 270 270 270 270 270 270 270 270 270 271 271 271 271 271 271 271 271 271 271 271 271 272 272 272 272 272 272 272 272 272 272 272 273 273 273 273 273 273 273 273 273 274 274 274 274 274 274 274 275 275 275 275 275 275 275 275 275 275 275 275 276 276 276 276 276 276 276 276 276 276 277 277 277 277 277 277 277 277 278 278 277 277 276 277 277 276 276 276 277 277 277 278 277 277 278 279 279 280 280 281 281 281 281 281 281 281 282 282 282 282 282 282 282 281 281 281 281 281 281 282 282 283 283 282 281 282 282 282 282 282 283 283 283 283 283 283 283 283 283 284 285 285 284 284 285 285 285 285 286 285 285 285 285 285 285 285 285 286 286 287 287 287 287 287 287 288 289 290 290 252 252 252 253 253 252 251 251 251 251 251 251 252 253 252 252 251 251 251 251 251 251 251 252 253 253 253 253 253 253 253 254 254 255 255 255 255 255 256 256 256 256 256 256 256 256 256 257 257 257 257 258 258 257 257 257 257 257 258 258 258 258 258 258 259 259 259 259 259 259 259 259 260 260 260 260 260 260 260 259 259 259 260 259 260 260 260 260 261 261 261 260 261 261 261 262 262 262 262 262 262 262 262 262 262 262 262 262 262 262 262 262 261 262 261 261 261 260 260 260 260 260 260 260 261 261 260 261 260 260 260 260 260 260 260 260 260 260 260 260 260 260 261 261 261 262 262 263 263 263 265 266 265 265 266 266 267 267 267 267 266 267 266 266 266 266 266 265 265 265 265 265 265 265 265 265 265 265 265 265 265 266 266 266 266 265 265 265 265 265 265 265 265 266 266 265 266 266 266 266 266 266 266 266 266 267 266 266 266 267 267 267 268 268 268 268 268 268 268 269 268 268 269 269 269 269 269 270 270 270 270 270 270 270 270 270 270 270 270 271 271 271 271 271 271 271 271 272 272 272 272 272 272 272 272 273 273 273 273 273 273 273 273 273 273 273 273 273 273 273 274 274 274 274 274 274 274 274 274 275 275 275 275 275 275 275 275 275 275 275 275 275 276 276 276 276 276 276 276 276 276 276 277 277 277 277 277 277 277 276 276 277 277 277 277 276 276 277 278 277 277 277 277 278 278 278 279 279 279 280 281 281 282 282 281 282 282 282 282 282 283 282 282 282 281 281 281 282 282 282 282 282 283 283 282 282 282 282 282 282 283 283 283 284 284 284 283 284 284 284 285 285 285 285 285 285 285 286 286 286 285 286 287 287 287 287 286 287 287 288 288 288 289 289 289 290 290 290 290 290 290 253 253 253 252 252 251 251 251 251 253 252 252 251 252 252 251 251 252 252 251 251 252 252 253 253 254 254 254 254 254 255 256 255 255 254 255 256 256 257 257 257 257 257 257 257 257 257 258 258 258 257 257 257 257 258 258 258 258 258 258 259 259 259 259 259 259 259 259 259 259 260 260 260 260 260 260 260 259 260 260 261 261 261 261 260 261 261 261 260 260 260 260 261 262 262 262 262 262 262 262 263 263 262 262 263 263 263 263 263 261 261 261 261 261 261 260 260 260 260 261 261 261 261 261 261 261 261 261 260 260 260 260 260 260 260 260 260 261 261 261 261 262 262 262 263 262 263 264 265 266 265 266 266 267 267 267 267 267 267 267 266 266 266 266 266 266 266 265 265 265 265 266 265 265 265 266 265 265 265 265 265 265 265 265 265 265 265 265 266 266 266 266 266 266 266 266 266 266 266 267 267 267 267 266 266 267 267 267 268 268 268 268 268 268 268 269 269 269 269 269 269 269 270 269 270 270 270 270 270 270 270 270 270 270 271 270 271 271 271 271 271 271 272 272 272 272 272 272 272 272 272 272 273 273 273 273 273 273 273 273 273 273 273 273 273 274 274 274 274 274 274 274 274 274 274 274 275 275 275 275 275 275 275 275 275 275 275 275 276 276 276 276 276 276 276 276 276 276 276 276 276 277 277 277 277 276 277 278 278 278 278 277 277 277 277 278 279 279 278 277 278 278 278 278 279 279 280 280 280 280 281 281 281 281 281 282 282 282 282 281 281 281 281 281 282 282 282 282 282 282 283 283 282 282 282 282 282 282 283 283 284 284 283 283 284 284 284 285 285 285 285 285 285 285 285 285 285 285 286 286 286 287 288 288 288 288 288 289 290 290 290 290 290 290 290 289 290 290 253 252 251 252 252 252 253 252 252 252 252 252 252 252 253 253 252 251 251 251 252 253 253 254 254 254 255 256 256 256 256 255 255 255 255 256 257 257 257 257 257 257 257 258 258 258 258 258 258 258 258 258 258 258 258 258 259 259 259 259 259 259 259 259 259 259 260 260 260 260 260 260 260 260 260 260 260 260 261 261 261 261 261 261 261 260 260 260 260 261 261 262 263 263 262 262 263 263 263 262 263 263 264 264 263 262 261 260 260 261 261 261 261 260 260 260 260 260 260 260 260 260 260 261 261 261 261 260 260 260 260 260 260 261 261 261 261 262 262 262 262 262 262 263 264 265 265 266 266 266 266 267 267 267 268 268 267 266 265 266 266 266 265 265 265 265 265 266 266 266 266 266 266 266 265 265 265 265 265 266 265 265 265 265 265 266 266 266 267 266 266 265 266 266 266 267 267 267 267 267 267 267 267 267 267 268 268 268 268 269 268 269 269 269 269 269 269 269 270 270 270 270 270 270 270 270 270 270 270 271 271 271 271 271 271 271 271 271 271 272 272 272 272 272 272 272 273 273 272 273 273 273 273 273 273 273 273 273 273 273 273 273 274 274 274 274 274 274 274 274 274 274 274 275 275 275 275 275 275 275 275 275 275 275 275 275 276 276 276 276 276 276 276 276 276 276 276 277 277 277 277 277 277 277 278 278 278 278 278 277 277 277 278 278 278 278 278 278 278 278 278 279 279 280 279 280 280 281 280 280 280 281 281 281 282 282 282 282 281 281 281 282 282 282 282 282 282 282 283 283 283 282 282 282 282 282 283 283 284 283 283 284 284 284 285 284 285 285 285 285 286 285 285 285 286 286 286 287 288 288 288 289 289 289 289 289 289 289 290 289 289 289 290 291 291 291 253 252 252 252 252 253 252 252 252 252 252 253 253 253 253 252 252 252 252 251 252 253 253 253 254 256 256 256 257 257 256 256 255 256 257 257 257 257 257 257 257 258 258 258 258 258 258 258 258 258 258 258 259 258 258 259 259 259 259 259 259 259 259 259 259 260 260 260 260 260 260 260 261 260 260 260 260 261 261 261 261 261 261 260 260 260 260 261 261 261 262 262 262 262 263 263 263 263 263 263 264 264 264 263 262 260 260 260 261 261 261 261 261 261 260 260 260 260 260 260 260 260 261 260 260 261 261 260 260 260 261 261 261 261 262 262 262 262 262 262 262 262 263 264 264 265 266 266 267 267 267 267 267 268 268 266 266 265 265 265 265 265 265 265 265 266 267 267 266 266 266 266 266 266 266 266 266 266 266 265 265 265 265 266 266 266 266 267 266 266 266 266 266 266 267 267 267 267 267 267 267 267 267 267 268 268 268 268 269 269 269 269 269 269 269 269 269 269 270 270 270 270 270 270 270 270 271 271 271 271 271 271 271 271 271 271 271 271 271 272 272 272 272 272 273 273 273 273 273 273 273 273 273 273 273 273 273 273 273 273 274 274 274 274 274 274 274 274 274 274 274 275 275 275 275 275 275 275 275 275 275 276 275 276 276 276 276 276 276 276 276 276 276 276 276 276 276 276 276 277 277 277 277 277 277 278 278 278 279 278 278 278 278 279 278 278 278 278 278 278 278 279 279 280 280 281 280 280 280 281 281 281 281 281 282 282 282 282 282 282 282 282 282 282 282 282 282 282 282 283 283 283 283 283 282 282 282 283 284 283 284 284 285 285 284 285 284 285 285 285 285 285 286 286 286 287 287 288 288 288 288 288 289 289 289 289 289 289 289 289 289 290 291 291 291 291 253 253 253 252 252 252 253 252 252 252 252 253 253 253 253 253 253 253 253 253 252 251 252 253 253 254 256 256 257 257 257 257 256 256 257 257 257 257 257 257 258 258 257 257 258 258 258 258 258 258 259 258 258 258 258 259 259 259 259 259 259 259 260 260 260 260 260 260 260 260 260 260 260 260 260 261 260 260 261 261 261 261 261 261 260 260 260 260 261 261 261 261 262 262 263 263 264 264 264 263 263 264 264 264 263 263 260 260 260 261 261 261 261 261 261 260 260 260 260 260 260 260 260 260 261 260 261 261 261 260 261 261 262 262 262 262 262 262 262 262 262 262 263 263 264 265 265 266 266 266 267 267 267 267 268 268 267 267 266 266 266 265 266 266 266 266 266 266 266 266 266 265 265 266 266 266 266 267 266 267 266 266 265 265 266 266 266 266 267 267 266 266 266 266 266 267 267 267 267 267 267 267 268 268 268 268 268 268 268 269 269 269 269 269 269 269 269 269 269 270 270 270 270 270 270 270 270 271 271 271 271 271 271 271 271 271 271 271 271 272 272 272 272 272 273 273 273 273 273 273 273 273 273 273 273 273 273 273 273 273 273 274 274 274 274 274 274 274 274 274 274 274 275 275 275 275 275 275 275 275 275 276 276 276 276 276 276 276 276 276 276 276 276 276 276 276 276 276 276 276 276 277 277 277 277 277 278 278 279 279 279 279 278 278 279 279 279 278 278 278 278 278 278 279 279 280 280 280 280 281 281 281 281 282 282 282 282 282 282 282 282 281 282 282 282 282 282 282 282 283 283 283 283 283 283 283 282 282 283 283 283 284 284 284 284 284 284 284 284 284 285 286 286 287 287 287 287 288 288 287 287 288 288 289 289 289 288 288 288 289 289 290 291 291 291 290 290 253 254 253 253 253 252 252 253 252 253 253 253 254 254 254 253 254 254 254 254 254 253 252 252 254 254 255 256 256 257 257 257 257 257 257 258 257 257 257 257 257 257 257 257 257 258 258 258 258 258 258 258 258 258 258 259 259 259 259 259 259 259 259 259 260 260 260 260 260 260 260 260 260 260 260 260 261 261 261 261 261 261 261 261 261 260 260 260 261 261 262 261 261 262 262 263 263 263 264 264 263 263 264 264 263 262 262 260 260 260 261 261 262 261 261 261 260 260 260 260 260 260 260 260 261 261 260 261 261 261 261 261 261 261 262 262 262 262 262 262 263 263 263 263 263 264 265 265 266 266 266 267 267 267 267 268 268 267 267 266 266 266 265 266 266 266 266 266 266 266 266 266 266 265 265 266 266 266 266 266 267 267 266 266 266 266 266 266 266 266 267 267 267 267 267 267 268 268 268 268 267 267 268 268 268 268 268 268 268 269 269 269 269 269 269 269 269 269 269 270 270 270 270 270 270 270 270 271 271 271 271 271 271 271 271 271 271 271 272 272 272 272 272 272 272 273 273 273 273 273 273 273 273 273 273 273 273 273 273 273 273 273 273 274 274 274 274 274 274 274 275 275 275 275 275 275 275 275 275 275 275 275 275 276 276 276 276 276 276 276 277 277 277 276 276 276 276 277 277 277 276 277 277 277 277 278 278 278 278 278 278 279 279 279 279 279 279 279 279 279 279 279 279 278 279 279 279 280 280 280 281 281 281 281 281 282 282 282 282 282 282 281 281 281 281 282 282 282 282 282 283 283 283 283 283 283 284 283 283 283 283 283 283 284 284 283 283 283 284 285 285 285 285 285 285 286 287 287 288 287 286 287 288 288 289 289 289 289 288 288 289 289 290 291 290 290 289 289 254 254 253 253 253 253 253 253 253 254 254 254 254 254 253 254 254 254 255 254 254 253 252 252 253 254 255 255 256 257 257 257 257 258 258 258 258 258 258 257 257 257 257 257 258 258 258 259 258 258 258 258 258 258 259 259 259 259 259 259 260 260 260 260 260 260 260 260 260 260 260 260 260 260 260 260 260 261 261 261 261 261 261 261 261 260 260 260 261 261 262 262 261 261 261 262 263 263 263 264 264 263 263 263 262 262 262 260 260 260 261 261 261 262 262 261 261 261 260 260 260 261 261 261 261 261 261 261 261 261 261 261 261 261 261 262 262 262 263 263 263 263 263 263 263 264 264 265 265 266 266 267 267 267 268 268 268 267 267 266 266 265 266 266 266 266 266 266 266 266 266 266 266 266 266 266 266 266 266 266 267 267 267 267 267 266 267 267 266 267 267 268 268 268 268 268 268 268 268 268 268 268 268 268 268 268 268 268 269 269 269 269 269 269 269 270 270 270 270 270 270 270 270 270 270 271 271 271 271 271 271 271 271 271 271 271 272 271 272 272 272 272 272 272 272 272 273 273 273 273 273 273 273 273 274 274 274 273 273 274 274 274 274 274 274 274 274 274 274 274 275 275 275 275 275 275 275 275 276 275 275 276 276 276 276 276 276 276 276 276 276 277 277 276 276 276 276 277 278 278 277 277 277 277 277 277 278 278 279 279 279 279 279 279 280 279 279 280 280 280 279 279 279 279 279 279 279 280 280 280 280 280 281 281 281 281 282 281 281 282 281 281 282 282 282 282 282 282 282 282 282 283 283 283 283 283 284 284 284 283 283 284 283 284 283 283 284 284 285 286 285 285 284 285 285 286 286 286 287 287 286 286 287 288 289 289 289 289 288 288 289 289 290 290 290 289 289 289 290 254 254 254 254 254 253 254 254 254 254 254 254 253 254 254 255 255 255 254 254 252 253 254 254 255 255 255 256 256 256 257 257 258 258 258 258 258 258 257 257 257 257 257 258 259 259 259 259 259 258 259 259 259 259 259 259 259 259 260 260 260 260 260 260 260 260 260 260 261 261 260 260 260 260 261 261 261 261 261 261 261 262 262 261 260 260 261 261 261 261 262 261 261 262 262 263 263 263 263 263 263 262 262 262 262 262 261 261 261 260 261 261 262 262 262 261 261 261 261 261 261 261 261 261 261 261 261 261 261 261 261 262 262 261 262 262 262 262 263 263 263 262 263 263 264 265 265 265 266 266 266 267 267 268 269 268 267 267 266 266 265 265 266 266 266 266 266 266 266 266 265 266 267 266 267 267 267 267 266 266 266 267 267 267 267 267 267 267 267 268 268 268 268 268 268 267 268 268 267 268 268 268 269 269 269 268 269 269 269 269 269 269 269 269 270 270 270 270 270 270 270 270 270 270 271 271 271 271 271 271 271 271 271 271 272 272 272 272 272 272 272 272 272 272 273 272 273 273 273 273 273 273 273 273 274 274 274 274 274 274 274 274 274 274 274 274 274 274 275 275 275 275 275 275 275 275 275 276 276 276 276 276 276 276 276 276 276 276 277 276 276 276 277 277 276 276 277 277 278 278 278 278 277 277 277 277 278 279 279 279 279 279 279 279 280 280 280 280 280 280 280 280 279 279 279 279 280 280 280 280 280 280 280 280 281 281 281 281 282 282 281 281 281 281 282 282 282 282 282 282 283 283 283 283 283 284 283 284 284 283 283 284 283 283 284 284 285 285 286 286 286 285 284 285 286 286 286 286 287 286 286 287 288 288 289 289 289 288 288 289 289 290 290 290 289 289 289 290 290 290 254 254 254 254 254 255 254 254 254 254 254 254 254 254 254 254 254 254 254 253 253 255 255 255 255 255 255 256 256 256 257 258 258 258 258 258 258 258 258 258 258 258 258 259 259 259 259 259 259 259 259 259 259 259 259 259 259 260 260 260 260 260 260 260 260 260 260 261 261 260 261 261 261 261 261 261 261 261 262 262 262 262 261 261 260 260 261 261 261 261 261 261 262 262 262 262 263 262 262 262 262 261 262 262 262 261 261 261 261 261 261 261 261 262 261 261 261 261 261 261 261 261 261 261 261 261 261 262 262 262 262 262 262 262 262 262 262 262 262 262 263 263 263 264 264 265 265 265 266 267 266 267 267 268 268 267 266 266 265 265 266 266 265 266 266 266 266 266 266 266 266 266 266 266 267 266 266 267 266 267 267 267 267 268 267 268 268 267 268 268 268 268 268 268 267 267 268 268 268 268 268 269 269 269 269 269 269 269 269 269 269 270 270 270 270 270 270 270 270 270 270 270 271 271 271 271 271 271 271 271 271 271 271 272 272 272 272 272 272 272 272 272 272 273 273 272 273 273 273 273 273 273 273 274 274 274 274 274 274 274 274 274 274 274 275 275 275 275 275 275 275 275 275 275 275 276 276 276 276 276 276 276 276 276 276 276 276 277 276 277 277 277 277 276 276 276 277 277 277 278 278 278 278 278 277 278 278 279 279 279 280 279 279 279 280 280 280 280 280 280 280 280 280 280 280 279 279 280 280 280 280 280 280 281 280 281 281 281 281 281 282 281 281 282 282 283 283 282 282 282 283 283 283 283 283 284 283 283 284 283 283 283 284 284 284 284 285 285 286 285 285 285 285 285 285 286 286 286 286 286 287 287 288 289 289 289 289 288 288 289 289 290 290 289 289 289 289 289 290 254 254 254 254 254 255 255 254 254 255 255 255 254 253 253 253 253 254 254 253 253 254 254 255 255 255 255 255 256 256 257 257 258 258 258 258 258 258 258 258 258 258 259 259 259 259 259 259 259 259 259 259 259 259 259 259 260 260 260 260 260 260 260 260 260 260 260 261 260 261 261 261 261 261 261 261 261 262 262 262 262 262 262 261 261 260 260 261 262 262 262 262 262 262 262 262 263 262 262 262 262 262 262 262 262 261 261 261 261 261 262 262 261 261 261 261 261 261 261 261 261 261 261 261 261 261 261 262 262 262 262 262 262 262 262 262 262 263 262 263 263 263 263 263 264 264 265 266 266 266 265 266 266 267 267 267 267 266 266 266 266 266 266 266 266 266 266 266 266 266 266 266 266 266 266 266 266 266 266 266 266 267 267 267 267 268 268 268 268 269 269 268 268 268 268 267 268 268 268 268 268 268 269 269 269 269 269 269 269 269 270 270 270 270 270 270 270 270 270 270 270 270 271 271 271 271 271 271 271 271 271 271 271 272 272 272 272 272 272 272 272 272 272 273 273 273 273 273 273 273 273 274 274 274 274 274 274 274 274 274 274 274 274 274 275 275 275 275 275 275 275 275 275 275 275 276 276 276 276 276 276 276 276 276 276 276 276 277 277 277 277 277 277 277 276 276 277 277 277 278 278 278 278 278 278 278 278 278 279 279 279 279 279 279 279 279 280 280 279 280 280 280 280 280 280 280 280 280 280 280 280 280 280 280 280 281 281 281 281 282 281 282 282 281 282 282 282 283 282 282 283 283 283 283 283 284 284 283 283 283 284 284 284 284 285 285 285 285 285 285 285 285 285 285 286 286 286 286 286 286 287 287 287 288 288 289 289 288 288 289 289 290 290 290 289 289 289 289 290 290 255 255 256 255 255 255 255 255 254 253 253 253 253 253 254 254 255 254 254 254 255 255 254 255 256 256 257 257 257 257 257 258 258 259 259 259 258 258 258 259 259 259 259 259 259 260 260 260 260 259 259 260 259 260 260 260 260 260 261 261 261 261 260 260 260 261 261 261 261 261 261 262 262 262 262 262 262 262 262 262 262 261 261 260 261 261 262 262 262 262 262 262 262 262 262 262 262 262 262 262 262 262 261 261 261 261 261 262 262 262 261 261 261 261 261 261 261 262 261 261 261 261 261 262 262 262 262 262 262 262 262 262 262 263 263 262 263 263 264 264 264 264 264 265 265 265 265 265 266 266 266 266 266 266 267 266 266 266 266 266 266 266 266 267 267 266 266 267 267 266 266 266 266 266 267 267 267 266 266 267 267 267 268 268 268 268 269 268 268 268 268 268 268 268 268 268 268 268 268 269 269 269 269 269 269 269 269 270 270 270 270 270 270 270 270 270 270 270 270 271 271 271 271 271 271 271 271 272 272 272 272 272 272 272 272 272 272 272 272 273 273 273 273 273 273 273 273 273 274 274 274 274 274 274 274 274 274 274 274 274 275 275 275 275 275 275 275 275 275 275 275 275 276 276 276 276 276 276 276 276 276 276 276 277 277 277 277 278 278 277 277 276 276 276 277 277 277 278 278 278 278 279 279 278 278 279 279 279 279 280 280 280 279 279 280 280 280 280 281 280 280 280 280 280 280 280 280 280 280 280 280 280 280 281 281 281 281 282 281 281 281 282 282 282 282 282 282 283 283 283 283 283 284 284 283 283 284 284 284 284 284 285 285 286 286 286 285 285 285 285 285 285 285 286 286 286 287 287 287 287 287 287 288 289 289 288 289 289 290 290 290 290 289 289 289 290 291 290 256 256 255 256 255 254 253 253 253 254 254 254 254 254 254 254 255 254 255 255 255 256 256 256 256 257 257 257 258 258 259 258 258 258 258 259 259 259 259 259 259 259 260 260 260 260 260 260 260 260 260 260 260 260 261 261 261 261 261 261 261 261 261 261 261 262 262 262 262 262 262 262 262 262 262 262 262 262 262 261 261 261 261 261 261 261 262 262 262 262 262 262 262 262 262 262 262 262 262 261 261 261 261 261 261 262 262 262 261 261 261 261 261 261 262 262 261 261 261 261 262 262 262 263 262 262 262 262 262 262 262 262 263 263 264 263 263 264 264 264 264 264 265 265 266 266 266 266 266 266 266 266 267 267 266 266 266 266 266 266 267 267 266 266 267 267 266 266 267 267 267 267 268 268 267 267 267 267 267 267 267 268 268 268 268 268 268 268 268 268 268 268 268 268 268 268 269 269 269 269 269 269 269 270 270 270 270 270 270 270 270 270 270 271 271 271 271 271 271 271 271 271 271 271 272 272 272 272 272 272 272 272 272 272 272 272 273 273 273 273 273 273 273 273 273 274 274 274 274 274 274 274 274 274 274 275 275 275 275 275 275 275 275 275 275 275 276 275 276 276 276 276 275 276 276 276 276 277 277 277 277 277 277 278 278 278 278 278 277 277 277 277 277 278 278 277 278 278 279 280 278 279 279 279 279 279 279 279 279 280 280 280 280 280 280 280 280 280 279 279 279 279 280 280 280 280 281 280 280 281 281 281 281 281 281 281 281 281 282 282 282 282 282 282 282 282 283 283 283 284 283 283 283 284 284 284 284 284 284 285 285 286 286 286 286 286 286 286 286 285 285 286 287 287 287 286 286 286 287 289 289 289 288 289 289 290 290 290 290 289 289 290 290 290 290 256 255 254 254 254 254 254 254 255 254 254 254 254 255 255 255 255 255 255 255 256 257 257 257 257 258 259 259 259 258 258 258 259 259 259 259 259 259 259 259 260 260 260 260 260 260 260 260 260 260 260 261 261 261 261 261 261 261 261 261 261 261 262 262 262 262 262 262 262 262 262 262 262 262 262 262 261 261 261 261 261 261 261 262 262 262 263 263 262 262 262 262 262 262 262 262 261 261 261 261 261 261 261 262 262 262 261 261 261 261 261 261 262 262 262 261 262 262 262 262 262 262 262 263 263 263 262 262 262 262 263 263 263 263 264 264 264 264 264 265 265 265 266 266 266 265 265 265 266 266 267 267 267 267 266 266 266 267 266 266 267 267 267 267 267 267 268 267 268 268 267 267 267 268 267 267 267 267 268 267 267 267 268 268 268 268 269 268 269 268 268 268 269 269 269 269 269 269 269 270 270 270 270 270 270 270 270 270 270 270 271 271 271 271 271 271 271 271 271 271 271 272 272 272 272 272 272 272 272 272 272 272 272 272 272 272 272 273 273 273 273 273 274 274 274 274 274 274 274 274 274 274 275 275 275 275 275 275 275 275 275 275 276 276 276 276 276 276 276 276 276 276 277 277 277 278 277 277 278 278 278 278 278 278 278 277 277 277 277 277 278 278 278 278 278 278 280 279 279 279 279 279 279 279 279 279 280 280 280 280 280 280 280 281 281 280 279 279 279 280 280 280 280 281 281 281 281 281 281 281 281 281 281 281 281 282 282 282 282 282 282 282 282 282 283 283 284 284 283 283 284 284 284 284 284 285 285 285 286 286 286 286 286 287 286 286 286 286 285 285 286 286 286 287 287 288 289 289 289 288 288 289 289 289 290 290 289 289 289 289 290 290 291 291 256 255 254 254 255 255 255 255 255 255 254 254 254 254 255 254 255 255 256 256 256 257 258 258 258 258 259 258 258 258 259 259 259 259 259 259 259 260 260 260 260 260 260 260 260 260 260 260 260 260 260 261 261 261 261 261 261 262 262 261 261 262 262 262 262 262 262 262 262 263 263 262 262 262 262 262 262 262 261 261 261 262 262 262 262 262 263 263 263 263 263 263 262 262 262 261 261 261 261 261 261 261 262 262 262 262 262 262 261 261 261 261 261 261 261 262 262 262 263 262 263 263 263 263 263 263 263 263 262 263 263 264 264 264 264 264 265 265 265 266 266 266 266 266 265 265 265 266 266 266 267 267 267 266 266 266 266 266 267 267 268 268 268 268 268 268 267 267 268 268 267 267 268 268 268 266 266 267 267 267 268 268 268 268 268 268 269 268 268 269 269 269 269 269 269 269 269 270 270 270 270 270 270 270 270 270 270 270 270 270 271 271 271 271 271 271 271 271 271 272 272 272 272 272 272 272 272 272 272 272 272 272 272 272 273 273 273 273 273 273 273 273 273 274 274 274 274 274 274 275 275 275 275 275 275 275 275 275 276 276 276 276 276 276 276 276 276 276 276 276 277 277 277 277 278 278 278 278 278 278 278 278 278 277 277 277 278 278 278 278 278 278 278 278 278 279 280 280 280 279 279 279 279 279 279 279 280 280 280 280 280 280 281 282 280 280 280 280 280 280 280 280 281 281 281 281 281 281 281 281 281 282 281 281 281 282 282 282 282 282 282 282 282 282 282 283 283 283 284 284 284 284 284 284 285 285 285 286 285 286 286 286 286 287 287 287 287 286 286 286 286 286 287 287 287 288 288 289 289 288 288 289 289 290 289 289 289 290 290 290 291 291 291 291 292 255 255 255 255 255 254 254 254 254 254 255 256 256 256 256 255 255 256 256 257 257 258 258 258 258 258 259 259 259 259 259 260 260 259 259 259 260 260 260 261 261 261 260 260 260 260 260 260 260 261 261 261 261 261 261 261 262 262 262 262 262 262 262 262 262 262 262 262 263 263 263 262 263 263 263 262 261 261 262 262 261 262 262 262 263 263 263 264 263 263 263 263 262 262 261 261 261 262 262 261 261 262 262 262 262 263 263 262 262 261 261 262 262 262 262 262 262 263 263 263 263 264 264 263 263 263 262 262 263 263 264 265 265 264 265 265 265 266 266 265 266 266 265 265 265 266 266 266 266 267 267 267 266 266 266 266 267 267 267 267 268 268 268 268 267 267 268 268 268 267 268 268 268 268 267 267 267 267 267 267 268 268 268 268 268 268 269 269 269 269 269 269 270 270 270 270 270 270 270 270 270 270 270 270 270 270 270 270 270 270 270 271 271 271 271 271 272 272 272 272 272 272 272 272 272 272 272 272 273 272 272 272 273 273 273 273 273 273 273 273 273 273 274 274 274 274 274 274 275 275 275 275 275 275 275 275 275 275 276 276 276 276 276 276 276 276 276 276 277 277 277 277 277 277 277 278 278 277 277 277 277 277 277 278 278 278 278 278 278 278 278 278 278 278 279 280 281 281 281 280 280 280 279 279 280 279 280 280 280 280 280 281 282 282 281 281 280 280 280 280 281 281 281 281 281 281 281 281 281 281 282 282 282 282 283 283 283 283 283 283 283 283 283 282 283 283 283 284 284 284 284 284 284 285 285 285 286 285 285 285 286 286 286 287 287 288 288 287 287 286 286 286 286 287 287 288 288 290 290 289 288 289 290 289 289 290 290 291 291 291 291 291 291 291 291 256 256 255 255 255 254 254 255 254 254 255 256 257 256 255 255 256 256 257 257 257 258 258 257 258 258 258 259 259 260 260 260 260 260 259 260 260 260 261 261 260 261 260 260 261 261 261 261 261 261 261 261 261 261 261 261 261 262 262 262 262 262 262 262 262 262 262 263 262 263 263 263 263 263 263 262 261 261 261 262 262 262 262 263 263 263 264 264 264 263 263 263 263 263 262 262 262 262 262 262 262 262 262 262 262 262 262 263 262 261 262 262 263 262 262 262 263 263 264 264 264 263 264 263 263 263 264 263 263 263 263 264 264 264 265 265 265 265 265 265 266 266 265 265 266 266 266 266 266 266 267 267 267 266 266 266 267 267 267 268 268 268 268 268 268 267 267 268 268 267 268 268 269 268 268 267 267 268 268 267 267 267 267 268 269 269 269 269 269 269 269 269 269 270 270 270 270 270 270 270 270 270 271 271 271 270 270 270 270 271 271 271 271 271 271 271 272 272 272 272 272 272 272 272 272 273 273 273 273 273 272 273 273 273 273 273 273 273 273 273 274 273 274 274 274 274 274 274 275 275 275 275 275 275 275 275 275 276 276 276 276 276 276 276 276 276 276 276 276 276 277 277 277 277 277 278 278 277 277 277 277 278 278 278 278 278 278 278 279 279 278 278 278 279 279 279 280 281 282 282 281 280 280 280 280 280 280 280 280 280 280 281 282 282 281 281 280 280 280 280 280 281 281 281 281 281 281 281 281 282 282 282 282 282 283 283 283 284 285 284 284 284 283 283 283 283 283 283 284 284 284 284 285 285 285 285 285 286 286 286 286 286 286 286 287 287 287 288 288 288 287 287 286 286 286 287 288 289 289 289 288 289 290 289 289 290 291 291 290 290 290 291 292 291 291 291 292 291 291 292 292 256 256 255 256 255 255 255 255 255 255 255 256 256 255 255 255 255 257 257 256 257 257 257 257 257 258 258 258 259 260 260 260 260 260 260 261 261 261 261 261 261 261 261 261 261 261 261 261 261 261 262 262 261 261 261 261 262 262 262 262 262 262 262 262 262 262 263 263 263 263 263 263 263 263 263 263 263 263 262 261 261 261 261 262 263 263 263 263 263 263 263 264 264 263 262 262 262 262 262 262 262 262 262 262 262 262 262 262 262 262 262 262 262 263 262 262 263 263 263 264 263 263 263 263 263 263 263 263 263 263 263 264 264 264 264 265 266 265 265 265 265 265 265 266 266 267 266 266 267 267 268 267 267 266 266 267 267 268 268 268 269 269 269 269 269 268 268 267 267 268 269 269 268 268 268 268 267 268 268 268 268 268 268 268 268 268 269 269 269 269 269 270 270 270 270 270 270 270 270 271 271 271 271 271 271 271 270 270 271 271 271 271 271 271 271 271 272 272 271 272 272 273 272 272 273 273 273 273 273 273 273 273 273 273 273 273 273 273 274 274 274 274 274 274 274 274 274 274 275 275 275 275 275 275 275 275 275 276 276 276 276 276 276 276 276 276 276 276 276 276 277 277 277 277 277 277 277 277 277 278 278 278 278 278 279 278 278 279 279 279 279 279 279 279 279 279 279 280 280 280 281 281 281 281 280 280 280 280 280 280 280 281 281 282 282 281 280 280 280 280 280 281 281 282 282 281 281 281 282 282 282 283 283 283 284 283 284 284 284 284 285 285 285 284 284 284 284 284 284 285 284 284 285 285 285 285 286 286 286 287 287 286 286 286 286 286 287 287 288 288 288 288 288 288 287 287 288 289 289 289 289 289 290 289 289 290 290 291 291 290 290 291 291 291 291 291 291 292 291 291 292 292 292 257 256 256 256 256 255 256 255 255 255 255 255 255 255 255 256 256 256 256 257 257 257 257 258 258 258 258 259 259 260 260 261 261 261 261 261 261 261 261 261 261 261 261 261 261 262 262 262 262 262 262 262 261 261 262 262 262 262 262 262 262 262 263 263 263 263 263 263 263 263 263 263 263 263 263 264 263 262 262 262 262 261 262 263 263 263 263 262 263 263 263 264 262 262 262 262 262 262 262 262 262 262 263 263 263 262 262 262 262 263 262 263 263 263 263 264 264 264 264 263 263 263 263 263 263 263 263 263 263 263 263 264 264 265 265 266 265 265 265 265 266 266 266 267 267 267 267 267 267 268 268 267 267 267 267 268 268 268 269 269 268 268 269 269 268 268 268 268 269 269 269 268 269 268 268 269 269 269 268 268 268 268 268 268 268 269 269 269 269 270 270 270 270 270 270 270 271 270 270 270 270 270 271 271 270 270 270 271 271 271 272 271 271 271 272 272 272 272 272 272 273 273 273 273 273 274 273 273 273 273 273 273 273 273 273 274 274 274 274 274 274 274 274 274 274 274 275 275 275 275 275 275 275 275 276 276 276 276 276 276 276 276 276 276 277 277 277 277 277 277 277 277 277 277 277 278 278 278 278 278 278 278 278 278 278 278 279 279 279 279 279 279 279 279 280 280 280 280 280 281 282 283 282 282 281 280 280 280 280 281 282 283 283 282 281 280 280 280 280 281 281 282 282 282 282 282 282 282 282 283 283 284 284 284 285 285 284 284 284 285 285 285 285 285 285 285 285 285 285 284 285 285 285 285 286 286 286 287 287 287 287 287 287 287 287 287 287 288 288 288 288 288 287 287 288 289 289 289 289 289 289 289 289 290 290 291 291 290 291 291 291 291 291 290 291 291 291 292 292 292 293 293 293 257 256 256 255 255 255 256 255 255 255 256 257 257 257 258 258 258 258 259 259 258 258 259 259 259 260 261 261 261 261 261 261 261 261 261 261 261 262 262 261 261 262 262 262 262 262 262 262 262 262 262 262 262 262 262 263 263 263 263 263 263 263 263 263 263 263 264 263 263 263 263 263 263 263 263 263 262 262 261 261 262 263 263 262 262 262 263 263 262 262 262 262 263 263 262 262 262 262 263 263 263 262 262 262 262 263 263 263 263 263 264 264 264 263 263 263 263 263 263 263 263 263 264 264 263 263 264 264 264 264 265 266 265 265 266 266 266 267 266 266 266 266 267 267 267 267 268 267 267 267 267 268 268 269 268 268 268 268 269 270 269 268 268 268 269 269 269 268 268 268 268 269 269 269 269 269 269 268 268 269 268 268 269 269 269 269 269 270 270 270 270 270 270 270 270 270 270 270 270 270 270 270 270 271 271 272 272 272 272 272 272 272 272 272 272 272 272 273 273 274 274 274 273 273 273 273 273 273 273 273 274 274 274 274 275 274 274 274 274 274 274 275 275 275 275 275 275 275 275 276 276 276 276 276 276 276 276 276 276 277 277 277 277 277 277 277 277 277 277 277 278 278 278 278 278 278 278 278 278 279 278 278 278 278 279 279 279 279 279 279 280 279 280 281 280 280 281 283 284 284 283 282 281 281 281 281 282 284 284 283 282 281 281 281 281 281 281 282 282 283 283 283 283 283 283 283 283 283 284 284 284 284 285 284 284 284 284 284 284 285 285 286 286 285 285 285 285 285 285 285 285 286 286 286 286 287 288 287 287 287 288 287 288 288 287 287 287 287 287 287 287 288 288 289 289 290 289 289 289 290 290 291 290 290 291 291 291 291 290 290 290 290 291 292 292 292 293 293 257 257 257 256 256 256 256 256 256 256 256 257 257 258 257 258 258 258 258 258 259 259 259 260 260 261 261 261 261 261 261 261 261 261 262 262 262 262 262 262 262 262 262 262 262 262 262 262 262 262 262 262 263 263 263 263 263 263 263 263 263 263 264 264 263 263 263 264 264 264 264 264 264 264 263 263 262 262 261 262 262 262 262 262 262 263 262 262 262 262 262 263 263 263 263 263 262 262 262 262 262 262 263 263 263 264 263 264 264 264 264 264 263 263 263 263 264 263 264 264 264 264 263 263 263 264 264 265 265 265 265 266 266 266 266 266 266 266 266 266 267 267 267 268 268 268 267 267 268 268 268 268 268 268 268 268 268 269 269 268 268 268 268 269 270 269 268 268 268 268 269 270 269 269 269 269 268 269 269 269 269 269 269 269 269 270 270 270 270 270 270 270 271 271 271 271 270 270 270 271 271 271 271 271 272 272 272 272 273 272 272 272 272 272 272 273 273 274 274 274 274 274 273 273 274 274 273 273 274 274 275 275 275 275 274 274 274 274 274 275 275 275 275 275 275 275 276 276 276 276 276 276 276 276 276 276 276 277 277 277 277 277 277 277 277 277 277 278 278 278 278 278 278 278 278 279 279 279 279 279 279 278 278 279 279 279 279 279 279 280 280 280 280 280 280 281 283 284 284 284 284 283 282 282 283 284 284 284 283 282 281 281 281 281 282 282 282 283 284 283 283 284 284 284 284 284 284 284 284 284 284 284 284 284 284 284 284 285 285 285 285 285 285 285 285 285 285 286 286 286 286 286 286 286 287 287 287 288 288 288 288 288 288 288 287 287 287 287 288 287 288 288 289 289 289 289 290 291 290 290 290 290 291 291 291 291 290 290 290 290 291 291 291 292 292 256 257 257 257 257 256 257 257 258 258 258 258 259 260 260 260 260 261 261 261 261 261 261 261 261 262 262 262 262 262 262 262 262 262 262 263 263 263 262 262 262 262 262 262 262 263 263 263 263 263 263 263 263 263 264 263 263 263 263 264 264 264 264 264 264 264 264 264 264 263 263 262 262 262 262 262 262 262 262 261 261 262 262 262 262 263 263 263 263 263 263 262 262 262 263 263 263 263 264 264 263 264 264 264 264 264 263 263 264 264 264 264 265 265 264 264 263 264 264 264 265 265 265 265 266 266 266 266 266 266 266 267 267 267 268 268 268 268 268 268 268 268 268 268 268 268 269 269 269 268 268 268 268 268 268 269 270 270 269 269 268 268 268 269 270 270 269 269 269 269 269 269 269 269 269 269 269 269 269 270 270 270 270 270 270 270 270 271 270 270 270 271 271 271 271 271 272 272 272 273 272 272 272 272 272 272 272 272 273 273 273 273 274 274 274 274 274 274 274 274 273 274 275 275 275 275 274 275 275 274 274 274 275 275 275 275 276 276 276 276 276 276 276 276 276 276 277 276 277 277 277 277 277 277 277 277 277 277 277 277 278 278 278 278 278 279 278 279 278 279 279 279 279 279 278 279 279 279 279 279 279 279 280 280 280 280 280 280 280 281 282 284 284 284 285 284 284 284 284 284 284 284 283 282 281 281 281 281 282 282 283 284 284 284 284 284 284 284 284 284 284 284 284 284 284 284 284 284 284 285 285 285 285 285 285 285 285 286 286 286 286 286 286 286 286 286 286 286 287 287 287 287 288 289 288 288 289 288 287 287 287 287 288 287 287 288 288 288 289 290 290 290 289 290 290 291 291 291 291 291 290 291 291 291 291 292 292 292 256 257 257 257 258 258 258 259 259 259 260 260 260 260 261 261 261 261 261 261 262 262 262 262 262 262 262 262 262 262 262 263 263 263 263 262 262 262 262 263 263 263 263 263 263 263 263 263 263 263 263 263 263 264 264 264 264 263 264 263 263 264 264 264 264 264 264 264 264 263 262 263 263 263 263 262 261 261 261 262 262 262 263 263 263 263 263 263 262 262 263 263 263 263 263 263 264 264 264 264 264 265 264 264 264 264 264 264 264 265 264 264 263 264 264 264 264 265 265 265 265 266 266 266 266 266 266 267 267 267 267 267 268 268 268 268 269 269 268 268 269 268 268 269 269 268 268 268 269 269 269 268 269 269 269 269 270 269 269 268 269 270 270 270 270 270 269 270 270 269 269 269 269 269 269 269 269 270 270 270 270 270 270 270 270 270 270 270 271 271 271 272 272 271 272 272 273 272 272 272 272 272 273 273 273 273 273 273 273 274 274 275 275 274 274 274 274 274 274 275 275 275 275 275 276 275 275 275 275 275 275 275 275 276 276 276 276 276 276 276 276 277 276 277 277 277 277 277 277 277 277 277 278 278 278 278 278 278 278 278 278 278 279 279 279 279 279 280 279 280 279 279 279 279 279 280 280 280 280 280 280 280 280 280 280 280 281 281 283 284 284 285 284 284 284 284 284 284 285 284 283 282 282 281 281 282 282 282 283 284 284 284 285 285 285 284 284 284 284 284 284 284 284 284 284 285 285 285 285 285 285 285 285 286 286 286 286 286 286 286 286 286 286 286 286 287 287 287 287 287 288 288 288 289 289 288 288 288 288 288 288 288 288 288 288 288 288 289 289 290 290 290 290 291 291 291 290 290 291 290 291 291 291 291 292 292 256 257 258 258 258 258 258 259 260 260 260 260 260 260 261 261 261 261 261 261 262 262 262 262 262 262 262 262 262 262 262 263 263 263 263 263 263 263 263 263 263 263 263 263 263 263 263 263 263 263 263 263 263 264 264 264 263 264 263 264 264 264 264 264 264 264 265 265 265 264 264 264 264 264 264 263 262 261 261 262 262 262 262 263 263 263 263 263 263 263 263 263 263 263 264 263 264 264 264 265 265 265 265 264 264 265 264 264 265 265 264 264 264 264 265 265 264 265 265 265 266 266 266 266 266 266 266 267 267 267 267 267 267 268 268 269 269 269 269 269 268 268 269 269 269 269 269 269 270 269 269 268 268 269 269 269 270 270 269 269 270 271 270 270 269 269 269 269 270 270 270 270 269 269 269 269 269 269 270 270 270 270 270 270 270 271 271 270 271 271 272 272 272 272 272 272 273 272 273 272 272 272 273 273 273 273 273 273 273 273 274 274 275 275 275 275 274 275 274 275 276 276 275 276 276 275 275 275 275 275 275 275 276 276 276 276 276 276 276 276 276 277 277 277 277 277 277 277 277 277 277 277 278 278 278 278 278 278 278 278 278 278 278 279 279 279 279 280 280 280 280 280 279 279 280 279 280 280 280 280 280 280 280 281 281 281 281 281 282 283 284 285 285 285 284 284 284 285 284 284 284 283 283 282 281 281 282 282 283 283 284 284 284 285 285 284 284 284 284 284 284 284 284 284 285 285 285 285 285 285 285 286 286 286 286 286 286 286 286 286 286 286 286 286 286 287 287 287 287 288 288 288 288 288 289 289 289 289 289 289 289 290 289 289 289 289 288 288 289 289 290 290 290 290 290 290 290 290 290 290 291 291 291 291 292 256 257 258 258 259 259 259 259 259 259 260 260 260 260 260 260 261 261 261 261 262 262 262 262 262 262 262 262 262 262 262 262 263 263 263 263 263 263 263 263 263 263 263 264 264 264 264 264 263 263 263 263 263 263 264 263 264 263 264 264 264 264 264 265 264 264 264 265 265 265 265 264 264 264 264 263 263 262 262 261 262 262 262 262 262 262 263 263 263 263 263 264 264 263 264 264 264 264 264 264 264 265 265 265 265 265 265 265 265 265 265 265 265 265 264 265 264 264 264 265 265 266 265 266 266 266 266 266 266 266 266 267 267 268 268 268 268 269 270 270 270 269 269 270 270 270 270 270 270 270 270 269 269 269 269 269 270 271 271 270 270 270 271 271 271 270 270 270 269 269 270 270 270 270 270 270 269 270 270 270 270 270 270 270 270 271 271 271 271 271 271 271 271 272 272 272 272 273 273 273 273 273 272 273 273 273 273 273 274 273 273 273 274 275 275 274 275 275 275 275 275 276 276 276 276 275 275 275 275 275 275 275 276 276 276 276 276 276 276 276 276 277 277 277 277 277 277 277 277 277 277 277 277 277 278 278 278 278 278 278 278 278 278 278 279 279 279 279 279 279 280 280 280 280 280 280 280 280 280 280 280 280 280 281 281 281 281 281 281 282 283 284 284 285 285 285 285 284 284 284 284 284 283 283 283 283 282 282 283 283 283 283 284 284 284 284 284 284 284 285 285 285 284 284 284 284 285 285 285 285 285 285 286 286 286 286 286 286 286 286 287 287 287 287 287 286 286 286 286 287 288 288 288 288 288 288 289 289 289 289 289 289 289 290 290 290 290 289 289 289 289 290 290 290 290 290 291 290 291 291 291 291 291 291 292 292 257 258 258 258 258 259 259 260 260 260 261 260 260 260 260 261 261 261 261 262 262 262 262 262 262 262 262 262 262 262 263 263 263 263 263 263 263 263 263 263 263 263 264 264 264 264 264 264 263 263 263 263 263 263 263 263 264 264 264 264 265 264 264 264 264 265 265 265 265 265 264 263 263 263 263 263 261 262 262 262 262 263 263 263 263 263 263 263 263 263 263 264 264 264 264 264 264 265 265 265 265 266 266 266 266 266 265 265 265 266 265 265 265 265 265 265 264 264 265 265 265 266 266 266 266 266 266 266 266 267 267 268 268 267 268 268 269 270 270 270 270 270 271 270 270 270 270 271 271 270 270 269 269 269 270 271 271 271 271 270 270 270 270 271 271 270 270 270 269 270 270 270 270 270 270 270 270 270 270 270 270 270 271 271 271 271 271 271 271 271 271 272 272 272 272 273 273 273 273 273 272 273 273 273 273 273 274 274 274 274 274 274 275 275 274 274 274 274 275 275 275 276 276 275 275 275 275 275 275 275 275 275 276 276 276 276 276 276 277 277 277 277 277 277 277 277 277 277 277 277 278 277 277 278 278 278 278 278 278 278 278 278 278 279 279 279 279 279 279 280 280 280 281 281 280 280 280 280 280 280 280 280 281 281 281 281 281 281 281 282 283 283 284 284 284 284 285 285 285 285 284 283 283 282 282 282 282 283 283 283 283 284 284 284 284 284 284 285 285 285 285 285 285 284 285 285 285 285 285 285 285 285 286 286 286 286 286 286 286 287 287 287 287 287 287 287 287 287 287 287 288 288 288 288 288 288 289 289 289 289 289 289 289 289 290 290 290 290 289 289 289 290 290 290 290 291 290 291 291 291 291 291 291 291 292 257 258 258 259 259 260 260 260 261 261 260 260 260 261 261 261 261 261 262 262 262 262 262 262 263 263 263 263 263 263 263 263 263 263 263 263 263 263 263 264 264 264 264 264 264 264 263 263 263 263 263 264 264 264 264 264 264 264 264 264 264 264 265 265 265 265 265 264 264 263 263 263 263 263 262 263 263 263 262 263 263 263 263 263 263 263 263 263 263 263 264 264 264 264 264 264 265 265 265 266 266 266 266 266 266 266 266 266 266 266 266 266 266 265 265 265 265 265 265 266 265 266 267 267 267 266 267 267 267 267 267 267 268 268 270 270 270 269 270 270 271 270 270 270 270 270 270 270 270 270 270 271 271 271 271 271 271 271 271 271 271 270 270 270 270 270 270 270 270 270 270 270 270 270 270 270 271 270 270 270 270 271 271 271 272 271 271 272 271 272 272 272 272 273 273 273 273 272 273 273 273 273 273 273 273 274 274 275 275 274 275 274 274 274 274 274 275 275 275 275 275 275 275 275 275 275 275 276 276 276 276 276 276 276 276 277 277 277 277 277 277 277 277 277 277 277 277 277 278 278 277 278 278 278 278 278 278 278 278 278 278 279 279 279 279 279 279 280 280 280 280 281 281 280 281 280 281 280 280 280 281 281 281 281 281 281 281 281 282 282 282 283 284 285 285 285 285 285 285 284 284 283 282 282 282 283 283 284 284 284 284 284 284 284 285 285 285 285 285 285 285 285 285 285 285 285 285 285 285 285 286 286 286 286 286 286 286 287 287 287 287 287 287 287 287 287 287 287 287 288 287 288 288 289 289 289 289 289 289 289 289 289 289 290 290 291 290 289 289 290 290 290 290 291 290 290 290 291 291 291 291 292 259 260 260 261 260 260 260 260 260 260 261 261 262 262 262 262 262 263 262 263 263 263 263 263 263 263 263 263 263 263 263 263 263 264 264 264 264 264 264 264 264 264 264 264 264 264 264 264 264 264 264 264 264 264 264 264 265 265 265 265 265 265 265 265 264 263 263 263 264 264 262 263 264 263 263 263 263 263 263 263 264 264 264 264 264 263 263 264 264 264 264 264 264 265 265 265 266 265 266 266 266 266 266 266 267 267 267 267 267 266 266 265 265 265 265 265 266 266 267 267 266 267 267 268 268 267 268 268 268 269 270 270 270 269 270 271 271 271 271 271 271 270 270 270 270 271 271 272 271 271 270 271 271 272 271 271 272 271 271 271 270 270 270 270 270 270 270 270 270 270 270 270 271 271 270 270 270 271 272 272 272 272 272 272 272 272 272 272 272 272 273 273 273 273 273 274 273 273 273 273 274 274 274 275 275 274 274 274 274 274 274 274 275 275 275 275 275 275 275 275 275 275 275 276 276 276 276 276 276 276 277 277 277 277 277 277 277 277 277 277 277 277 277 278 278 278 278 278 278 278 278 278 278 278 278 279 279 279 279 279 279 279 280 280 280 280 280 281 281 281 281 281 281 281 280 281 281 281 281 281 281 281 281 281 281 282 281 282 283 284 285 285 285 285 285 285 284 284 283 283 283 283 283 284 284 284 284 284 284 284 284 285 285 285 285 285 285 285 285 285 285 285 286 285 285 286 286 286 286 286 286 286 286 287 287 287 287 287 287 287 287 287 287 287 287 288 288 288 288 289 289 288 288 289 288 288 288 289 289 289 289 290 290 290 290 290 290 290 290 291 290 290 290 290 290 291 291 291 259 259 260 261 261 261 260 261 261 261 262 262 262 263 263 263 263 263 263 263 263 263 263 263 263 264 264 264 264 264 264 264 264 264 264 264 264 264 264 264 265 264 264 264 264 264 264 264 264 265 265 265 265 265 265 265 265 265 265 265 265 264 264 264 265 264 263 263 264 263 263 263 263 263 263 263 263 263 264 264 264 264 264 264 264 264 264 265 265 265 265 265 266 266 266 266 266 266 266 265 266 266 266 266 267 267 266 266 266 265 265 265 266 266 267 267 266 267 267 267 267 268 268 269 269 269 269 269 269 269 270 271 271 271 271 272 271 271 270 270 270 271 271 271 271 271 270 270 271 272 271 271 272 272 271 271 271 270 270 270 271 271 271 271 270 270 270 270 271 271 271 271 270 271 272 272 272 272 272 272 272 272 272 272 272 272 273 273 273 273 274 274 274 273 274 274 274 274 274 274 274 274 274 274 275 275 275 275 275 275 275 275 275 276 276 276 275 275 276 276 276 276 276 276 276 277 277 277 277 277 277 277 277 277 277 277 277 277 277 278 278 278 278 278 278 278 278 278 278 279 279 279 279 279 279 279 279 279 280 280 280 280 280 280 280 281 281 281 281 281 281 281 281 281 281 281 281 281 281 281 281 282 282 282 282 282 283 284 285 285 285 285 284 284 283 283 283 283 283 284 284 284 284 284 284 284 284 284 285 285 285 286 286 285 286 286 286 285 285 285 285 286 286 286 287 286 286 286 286 287 287 287 287 287 287 287 287 287 287 287 287 288 288 288 288 289 289 289 289 289 289 289 288 288 288 289 289 289 290 290 291 291 291 290 290 290 290 290 290 291 291 291 259 260 261 261 261 262 262 263 263 263 263 263 263 263 263 263 264 264 264 264 264 264 264 264 264 264 264 264 264 265 265 264 264 265 265 264 264 264 264 264 264 264 264 264 264 265 265 265 265 265 265 265 265 265 264 264 264 265 265 263 263 263 263 263 263 263 263 264 264 264 264 264 264 264 264 264 264 265 264 264 265 265 265 266 265 266 266 267 266 266 266 266 266 266 266 265 265 266 267 267 266 266 266 266 266 266 266 267 267 267 267 267 267 267 268 269 269 268 269 268 269 269 269 270 271 270 271 271 271 271 271 270 270 270 271 271 271 271 271 271 271 271 271 271 271 272 272 271 271 270 270 270 271 271 271 271 271 270 270 270 270 271 272 271 271 271 271 272 272 272 272 272 272 272 272 272 272 272 272 273 273 273 273 273 274 274 274 274 274 274 274 274 274 274 274 274 274 275 275 275 275 275 275 275 275 275 276 276 276 276 276 276 276 276 276 276 276 276 276 277 277 277 277 277 277 277 277 277 277 277 277 278 278 278 278 278 278 278 278 278 278 278 279 279 279 279 279 279 279 279 279 279 280 280 280 280 280 280 281 281 281 281 281 281 281 281 281 281 282 282 282 282 282 282 282 282 282 282 282 283 283 283 284 285 285 284 284 284 283 284 283 283 284 284 284 284 284 285 285 285 285 285 285 285 286 286 285 286 286 286 286 286 286 286 286 286 287 287 287 286 286 286 286 287 287 287 287 287 287 287 287 287 287 287 288 288 288 289 289 289 289 289 289 289 289 289 289 289 289 289 289 289 289 290 291 291 291 291 290 290 290 291 291 291 263 263 263 263 263 263 263 263 263 263 264 264 264 264 264 264 264 264 264 264 264 264 264 265 265 265 265 265 265 265 265 265 265 265 264 264 264 265 265 265 265 265 265 265 265 265 265 265 264 264 264 265 264 263 263 263 263 263 263 263 263 264 264 264 264 264 264 265 265 265 265 265 265 265 265 265 265 266 266 266 266 266 266 266 266 267 267 267 266 266 266 266 266 267 266 267 267 266 266 266 266 267 267 267 267 267 267 268 268 268 268 268 268 269 269 270 270 270 270 271 271 271 271 272 271 270 270 270 271 271 271 271 272 272 272 271 271 271 271 272 272 272 271 271 271 270 271 271 271 271 271 271 271 271 271 271 272 272 271 271 271 271 272 272 272 272 272 273 273 273 273 272 272 273 273 273 273 273 274 273 274 274 274 274 274 274 274 274 274 274 275 275 275 275 275 275 275 275 275 275 276 276 276 276 276 276 276 276 276 276 276 276 276 277 277 277 277 277 277 277 277 277 277 278 278 278 278 278 278 278 278 278 278 279 279 278 279 279 279 279 279 279 279 279 279 279 280 280 280 280 280 280 280 281 281 281 282 282 282 282 282 282 282 282 282 282 282 282 282 282 282 282 283 283 282 283 283 283 284 284 284 284 284 284 284 283 283 284 284 284 284 284 285 285 285 285 285 285 286 286 286 286 286 286 285 286 285 286 286 286 286 287 287 287 286 286 286 287 287 287 287 287 287 287 287 288 288 288 288 288 288 289 289 289 289 289 289 289 289 289 289 289 289 289 289 289 289 289 290 290 291 291 291 290 290 263 263 263 263 263 263 263 263 263 264 264 264 264 264 264 264 264 264 264 264 265 265 265 265 265 265 265 265 265 265 265 265 264 265 265 265 265 265 265 265 265 265 265 265 265 265 265 265 265 265 264 264 263 264 264 264 264 264 263 263 264 264 264 264 264 264 264 264 264 265 265 265 265 265 266 266 266 267 267 267 267 267 266 267 267 267 267 267 266 267 266 266 266 266 266 266 266 266 266 266 267 267 267 267 267 267 267 267 268 268 269 269 270 270 270 270 271 270 270 270 271 271 272 271 270 270 270 270 270 270 271 271 272 272 272 272 271 271 272 272 271 271 271 271 270 271 271 271 271 272 271 271 271 271 272 272 272 271 271 271 272 272 272 272 272 273 273 273 274 273 273 273 273 273 273 273 273 273 273 274 274 274 274 274 274 274 274 275 275 275 275 275 275 275 275 275 275 275 275 276 276 276 276 276 276 276 276 276 276 276 276 277 277 277 277 277 277 277 277 277 278 278 278 278 278 278 278 278 278 278 278 279 279 279 279 279 279 279 279 279 279 279 279 280 280 280 280 280 280 280 280 280 281 281 281 281 282 282 282 282 282 282 282 282 282 282 282 282 282 282 282 283 282 282 282 283 283 283 284 284 284 284 284 284 284 283 284 284 284 284 284 285 285 285 285 285 285 286 286 286 286 286 286 286 286 286 286 286 286 286 287 287 287 287 287 286 287 287 287 287 287 287 287 287 287 288 288 288 288 289 289 289 289 289 289 289 289 289 289 289 289 289 289 289 289 289 289 289 290 290 290 291 263 263 263 263 263 263 263 264 264 264 264 264 264 264 264 264 264 264 265 265 265 265 265 265 265 265 265 265 265 265 265 265 265 265 266 266 266 266 266 265 266 266 265 265 265 265 265 265 265 265 264 265 264 264 265 264 264 264 264 263 264 264 265 265 265 265 265 265 265 265 265 266 266 266 266 266 267 267 267 267 268 268 267 267 267 267 266 266 266 266 267 267 266 266 266 267 267 267 266 267 267 267 267 267 267 268 268 268 269 269 269 270 270 270 270 270 271 270 270 271 271 272 272 271 271 271 270 271 271 271 271 271 271 272 272 272 271 271 272 272 272 271 271 271 271 271 271 271 271 271 271 271 271 271 272 272 272 271 272 271 272 272 272 273 273 273 273 274 274 274 274 274 273 273 273 273 273 274 274 273 274 274 274 274 274 274 274 275 275 275 275 275 275 275 275 275 275 276 276 276 276 276 276 276 276 276 276 276 277 277 277 277 277 277 277 277 277 277 277 277 278 278 278 278 278 278 278 278 278 278 278 279 279 279 279 279 279 279 279 279 279 280 280 280 280 280 280 280 280 280 280 280 281 281 281 282 282 282 282 282 282 282 282 282 282 282 282 282 282 282 283 282 283 283 283 283 283 283 283 284 284 284 285 285 284 284 284 284 284 284 284 284 285 285 285 285 285 286 286 286 286 286 286 286 286 286 286 286 286 286 287 287 287 287 287 286 287 287 287 287 287 287 288 288 288 288 288 288 288 288 288 289 289 289 289 289 289 289 289 289 289 289 289 290 290 290 290 290 290 290 290 290 263 264 263 264 264 264 263 264 264 264 264 264 264 264 264 264 265 265 265 265 265 265 265 265 265 265 265 265 265 265 266 266 265 265 266 265 266 266 266 266 266 266 265 265 265 265 265 265 265 265 265 264 264 265 264 263 264 264 264 264 264 264 265 265 265 266 266 266 266 266 266 266 267 266 267 267 267 267 267 267 267 267 267 267 267 267 268 267 267 266 266 266 267 267 267 267 267 266 267 267 267 267 267 267 268 269 269 269 269 269 270 270 270 270 271 270 270 271 271 271 271 271 272 271 271 271 271 271 271 271 271 271 271 271 272 271 272 272 272 272 272 271 271 271 272 271 271 271 271 271 271 271 271 272 272 272 272 272 272 271 272 273 273 273 273 274 274 274 274 274 274 274 274 274 274 274 274 274 274 274 274 274 274 274 274 274 274 275 275 275 275 276 275 275 275 276 276 276 276 276 276 276 276 276 276 277 277 277 277 277 277 277 277 277 277 277 277 277 277 278 278 278 278 278 278 278 278 279 279 279 279 279 279 279 279 279 279 279 279 280 280 280 280 280 280 280 280 280 280 280 280 281 281 281 282 282 282 282 282 282 282 282 282 282 282 282 282 282 282 282 283 283 284 284 283 283 283 283 283 284 284 284 285 285 284 284 285 284 284 284 284 285 285 285 285 285 286 286 286 287 287 287 287 287 287 287 286 286 286 286 287 287 287 287 286 287 287 287 287 287 287 288 288 287 287 288 288 288 288 288 289 289 289 289 289 289 290 290 290 290 289 289 290 290 290 290 290 290 290 290 264 264 264 264 264 264 264 264 264 264 264 264 264 265 264 264 265 265 265 265 265 265 265 265 265 265 265 265 265 265 265 265 265 265 265 266 265 266 266 266 266 266 266 266 265 265 265 265 265 265 265 265 265 264 264 264 264 264 264 264 265 265 265 265 265 265 266 266 266 266 267 267 267 267 267 267 267 267 268 268 268 267 267 268 267 267 267 267 267 267 266 266 266 266 266 267 267 266 267 267 267 267 267 267 268 269 269 268 269 270 270 270 270 270 271 271 270 271 271 271 271 271 272 272 272 272 271 270 271 271 271 271 271 271 271 272 272 272 272 272 272 272 271 271 272 272 272 271 271 271 271 271 272 272 272 272 272 273 272 272 272 272 273 273 273 273 273 273 273 274 274 274 274 274 275 275 275 274 275 274 274 274 275 275 275 275 275 275 275 275 275 275 275 275 275 276 276 276 276 276 276 276 276 276 276 276 277 277 277 277 277 277 277 277 277 277 277 277 277 278 278 278 278 278 278 279 279 279 279 279 279 279 279 279 279 279 280 280 280 280 280 280 280 280 280 280 280 280 280 280 280 281 281 281 282 282 282 282 283 282 282 282 282 282 282 282 282 282 282 282 283 283 283 283 283 283 283 283 284 283 284 284 284 284 285 284 284 284 284 284 285 285 285 285 285 285 285 286 286 286 287 287 287 287 287 287 287 286 286 286 286 287 288 287 287 287 287 287 287 287 287 287 288 288 287 288 288 288 288 288 288 289 289 289 289 289 289 290 290 289 289 290 290 290 290 290 290 290 290 290 264 264 264 264 264 264 264 264 264 264 264 264 264 264 265 265 265 265 265 265 265 266 266 265 265 265 265 265 265 265 265 265 265 265 265 266 266 266 266 266 266 266 265 265 265 265 265 265 266 265 264 264 264 264 264 264 264 264 265 266 266 265 265 266 266 266 266 266 267 267 266 267 267 267 267 267 267 268 267 268 268 268 268 268 267 267 267 267 267 267 267 267 267 266 266 266 266 267 267 267 268 268 268 268 268 268 269 269 270 270 270 270 271 270 271 271 271 271 272 272 272 272 272 272 271 271 271 271 271 272 272 272 272 271 272 272 272 272 272 272 272 272 272 272 273 272 272 272 271 272 272 273 272 272 273 273 272 272 272 272 273 273 273 273 273 273 273 273 273 274 274 274 275 275 275 275 275 274 274 275 275 275 275 275 275 275 275 275 275 275 275 275 275 276 276 276 276 276 276 276 276 276 276 276 277 277 277 277 277 277 277 277 277 277 277 277 277 278 278 278 278 279 279 279 279 279 279 279 279 279 279 279 279 280 280 280 280 280 280 280 280 280 280 280 280 280 281 281 280 281 281 281 282 282 282 283 282 282 283 283 283 282 282 282 282 282 283 283 283 283 283 283 283 283 283 284 284 283 284 283 283 284 284 284 284 284 284 284 285 285 285 285 285 285 285 285 286 286 286 287 287 287 287 287 287 287 287 287 287 287 288 288 287 287 287 287 287 287 287 288 288 288 288 288 288 288 288 288 288 289 289 289 289 289 289 289 289 289 289 290 290 290 290 290 290 290 290 264 264 264 264 264 265 265 265 265 265 264 264 264 265 265 265 265 265 265 265 266 266 265 265 265 265 265 265 265 265 265 266 266 266 265 266 266 266 266 266 266 266 266 265 265 265 265 266 265 264 264 264 264 264 264 264 264 265 265 265 265 265 265 265 265 266 266 266 266 266 267 267 268 268 268 267 267 267 267 267 268 268 268 268 268 267 267 267 267 267 267 267 267 267 267 266 267 267 267 267 267 267 268 268 269 269 269 269 270 270 270 270 270 271 271 271 271 272 272 272 272 272 271 271 271 271 272 271 271 272 272 272 272 272 272 272 272 272 272 272 272 272 272 273 273 273 272 272 272 272 273 272 272 272 273 272 272 273 272 272 273 273 273 273 273 273 274 274 274 274 274 274 275 275 275 276 275 275 274 274 275 275 275 275 275 275 275 275 275 275 275 275 276 276 276 276 276 276 276 276 276 276 276 276 277 277 277 277 277 277 277 277 277 277 277 278 278 278 278 278 278 279 279 279 279 279 279 279 279 279 279 280 280 280 280 280 280 280 280 280 280 280 280 281 281 281 281 281 281 282 282 282 282 282 282 283 283 283 283 283 283 282 282 282 282 282 283 283 283 283 283 283 283 283 283 284 283 284 284 284 284 284 284 284 284 284 284 285 285 285 285 285 285 285 285 286 286 286 287 287 287 287 287 287 287 287 287 287 287 287 288 288 288 287 287 287 287 287 288 288 288 288 288 288 288 288 289 289 289 289 289 289 289 289 289 289 289 289 290 290 290 290 290 290 291 291 264 264 265 265 265 265 265 265 265 265 265 265 265 265 265 265 265 266 266 266 265 265 265 265 266 266 266 266 266 266 266 266 265 266 266 266 266 266 266 266 266 266 266 266 266 265 265 265 265 264 264 264 265 265 264 265 265 265 265 266 266 266 266 266 267 267 267 267 267 267 268 268 268 267 267 267 267 267 267 267 268 268 268 268 267 268 268 267 267 267 267 267 267 267 267 267 267 268 268 269 269 268 268 268 269 270 270 270 271 271 271 271 271 271 271 272 272 273 272 272 272 272 272 272 272 271 271 272 272 272 272 272 272 272 272 272 272 273 273 273 273 273 273 273 273 273 272 272 272 272 272 272 272 272 273 273 273 273 274 274 273 273 274 274 274 274 274 274 275 275 275 275 276 275 275 275 275 275 275 275 275 275 275 275 275 275 275 276 276 276 276 276 276 276 276 276 276 276 276 276 276 277 277 277 277 277 277 277 277 277 278 278 278 278 278 278 278 278 279 279 279 279 279 279 279 279 279 280 280 280 280 280 280 280 280 280 280 280 280 280 280 281 281 281 281 282 282 282 282 282 282 282 282 283 283 283 283 283 282 282 282 282 282 282 282 283 283 283 283 283 283 283 283 283 283 284 284 284 284 284 284 284 285 285 285 285 285 285 285 285 285 286 286 286 287 287 287 287 287 287 287 287 288 288 287 287 287 287 288 288 288 287 287 287 287 288 288 288 288 288 288 288 288 289 289 289 289 288 288 288 288 289 289 289 289 289 290 290 290 290 290 265 265 265 265 265 265 265 265 265 265 265 265 265 265 265 265 266 266 266 266 265 265 265 266 266 266 266 266 266 266 266 266 266 266 266 266 266 266 266 266 266 266 266 267 265 265 265 265 265 264 264 265 266 265 266 266 267 266 266 266 266 267 267 267 267 267 268 268 268 268 268 268 267 267 267 267 267 267 267 267 268 268 268 268 268 268 268 267 267 267 267 267 267 267 267 268 268 269 268 268 268 269 269 269 270 270 270 271 270 271 272 272 272 272 272 273 273 272 272 272 273 272 272 271 271 271 272 272 272 272 272 272 272 273 273 272 273 273 273 273 274 273 273 273 273 273 272 272 272 272 272 272 272 273 273 273 273 274 274 274 274 274 274 274 275 275 274 275 275 275 275 276 275 275 275 276 276 275 275 275 275 275 275 275 275 276 276 276 276 276 276 276 276 276 276 276 276 276 276 277 277 277 277 277 277 277 277 277 277 278 278 278 278 278 278 278 279 279 279 279 279 279 279 279 279 279 280 280 280 280 280 280 280 280 280 280 280 280 280 280 281 281 281 281 282 282 282 282 282 282 282 282 282 282 283 283 283 282 282 282 282 283 283 283 283 282 282 283 283 283 283 283 283 283 283 283 283 283 283 284 284 285 285 285 285 285 285 285 285 285 286 286 286 286 287 287 288 288 288 288 287 288 288 288 287 287 287 287 288 288 287 287 287 287 288 288 288 288 288 288 288 288 288 288 288 289 288 288 288 288 288 288 289 289 289 289 290 265 265 265 265 266 265 265 265 265 265 265 265 265 265 266 266 266 266 266 266 266 266 266 266 266 266 266 266 266 266 266 266 265 266 266 266 266 267 267 267 267 266 266 266 265 266 265 265 265 265 265 265 266 266 266 267 267 267 266 267 267 267 268 268 267 267 267 268 268 268 268 267 268 268 267 268 268 267 267 267 267 267 268 268 268 268 268 268 267 267 267 267 267 268 268 268 269 268 268 268 269 270 270 269 269 270 270 270 270 270 271 271 271 272 272 273 273 272 272 272 273 273 272 272 272 271 271 272 272 272 272 272 272 273 273 273 273 273 273 273 273 274 274 274 273 273 273 273 273 273 272 272 272 273 273 273 274 274 274 274 275 275 275 275 275 275 275 275 275 275 276 276 276 276 276 276 276 276 275 275 275 276 276 276 276 276 276 276 276 276 276 276 276 276 276 276 276 276 277 277 277 277 277 277 277 277 277 277 277 278 278 278 278 278 278 279 279 279 279 279 279 279 279 279 280 280 280 280 280 280 280 280 280 280 280 280 280 280 281 281 281 281 281 281 282 282 282 282 282 282 282 282 282 282 283 283 283 283 283 283 282 283 283 283 283 282 282 283 283 283 283 283 283 283 283 283 284 284 284 284 284 284 284 285 285 285 285 286 286 286 286 286 286 286 287 287 288 288 288 288 288 288 288 288 288 287 287 287 287 288 287 287 287 288 288 288 288 288 288 288 288 288 288 288 288 288 288 288 288 288 288 288 288 289 289 289 289 265 265 266 266 266 266 266 266 265 265 265 265 266 266 266 265 265 266 266 266 266 265 265 266 266 266 266 266 266 266 266 266 266 266 266 266 266 267 267 267 267 266 266 265 265 265 265 266 266 266 266 266 266 266 267 267 266 266 266 267 267 267 268 267 266 267 268 268 267 267 267 267 267 268 268 268 268 268 268 267 267 267 268 268 268 268 268 268 267 267 268 268 268 268 268 268 268 268 269 269 269 270 270 270 270 270 270 270 270 271 271 272 272 272 272 273 273 273 272 272 273 272 272 272 271 271 272 272 272 272 272 272 273 273 273 273 273 273 273 273 274 274 273 273 273 273 273 273 273 273 272 272 273 273 273 274 274 274 274 274 274 274 275 275 275 275 275 275 275 276 276 277 277 277 277 276 276 275 275 275 276 276 276 276 276 276 276 277 277 277 277 277 277 276 276 276 277 277 277 277 277 277 277 277 277 277 277 278 278 278 278 278 279 279 279 279 279 279 279 279 279 279 280 280 280 280 280 280 280 280 280 280 280 281 281 281 280 281 281 281 281 281 281 282 281 281 282 282 282 282 282 282 282 282 283 283 283 283 283 282 282 283 284 283 283 283 283 283 283 283 283 283 284 284 284 284 285 284 285 285 285 285 285 285 286 286 286 286 286 286 286 286 286 287 288 288 288 288 288 288 288 288 288 288 287 287 286 286 287 287 287 287 288 288 288 288 288 288 288 288 288 288 288 288 288 288 289 289 288 288 288 288 288 289 289 266 266 266 266 266 266 266 266 265 265 266 266 266 266 266 266 265 265 266 266 266 266 266 266 266 266 266 266 266 266 266 266 266 266 266 266 266 266 267 267 267 267 267 266 265 264 265 266 266 266 266 266 265 266 267 266 266 266 266 267 267 267 267 267 266 267 267 267 267 267 267 267 267 268 268 268 268 269 269 268 267 267 267 268 268 268 268 268 268 268 268 268 268 268 268 268 269 268 268 269 269 270 270 271 271 270 270 270 270 271 271 271 272 272 273 273 273 273 273 272 273 273 272 272 271 271 272 272 272 272 272 272 273 273 273 273 273 273 273 274 274 274 274 274 273 273 273 273 273 273 272 273 273 273 273 273 273 274 274 274 274 274 275 274 275 275 276 276 276 276 276 277 277 277 277 277 276 276 276 276 276 276 276 276 276 276 277 277 277 277 277 277 277 276 277 277 277 277 277 277 277 277 277 277 277 278 278 278 278 278 279 279 279 279 279 279 279 279 279 279 279 280 280 280 280 280 280 280 280 280 280 280 281 281 281 281 281 281 281 281 281 281 281 282 281 282 282 282 282 282 282 282 282 282 282 282 282 283 283 283 283 283 283 284 283 283 283 283 283 283 283 284 284 284 285 285 285 285 284 285 286 285 285 285 285 285 286 286 286 286 286 286 286 287 288 288 288 287 287 288 288 288 288 289 288 287 287 286 286 287 287 288 288 288 289 289 288 288 288 288 288 288 288 288 288 288 288 289 289 289 288 289 289 266 266 266 266 266 265 266 266 265 265 265 265 265 265 266 266 266 266 266 266 266 266 266 266 266 266 266 266 266 266 266 266 266 267 267 267 267 268 268 266 265 264 265 265 266 266 265 266 266 266 266 266 266 267 267 267 268 267 267 266 267 268 268 267 267 268 267 267 267 268 268 268 269 269 269 269 268 268 267 267 268 268 268 268 268 269 268 268 268 268 268 269 269 269 269 269 269 270 270 270 271 271 270 271 271 272 272 272 272 273 273 272 273 273 272 272 272 273 273 272 272 272 272 272 272 272 273 273 273 273 273 273 273 273 273 273 274 274 274 274 273 273 273 273 273 273 273 273 273 273 273 273 273 274 274 274 274 274 275 275 275 276 277 277 276 276 276 276 276 277 277 277 277 276 276 276 276 276 276 276 276 276 277 277 277 277 277 277 277 276 277 277 277 277 277 277 277 277 278 278 278 278 278 278 278 279 279 279 279 279 279 279 279 279 279 279 280 280 280 280 280 280 280 280 280 280 280 281 281 281 281 281 281 281 281 281 281 281 281 282 282 282 282 282 282 282 282 282 282 282 282 282 282 283 283 283 283 283 283 284 283 283 284 284 284 284 284 284 284 284 285 285 285 285 285 285 286 285 285 285 285 285 285 285 286 286 286 286 286 286 287 288 288 288 287 287 287 288 288 289 289 288 287 287 287 287 288 288 289 288 288 289 289 289 288 288 288 289 289 289 288 288 288 288 289 266 266 266 266 266 266 266 265 265 265 265 265 266 266 266 266 266 266 266 266 266 267 266 266 266 267 267 267 267 266 267 267 267 268 268 268 267 266 265 265 265 266 266 265 265 265 265 266 266 266 266 267 267 267 267 267 266 267 267 267 267 267 268 268 267 267 267 268 268 268 269 269 268 269 269 268 267 267 268 268 268 268 268 268 268 268 268 269 269 269 269 270 270 270 270 270 270 271 271 271 272 271 272 272 272 272 273 273 273 273 273 273 273 272 273 273 272 272 272 272 272 273 273 273 273 273 273 273 273 273 273 273 273 274 274 274 274 273 273 273 273 273 273 274 273 273 273 273 274 274 273 274 274 274 275 275 275 276 276 276 276 276 276 275 275 275 276 276 276 277 277 276 276 276 276 276 276 276 277 277 277 277 277 277 277 277 277 277 277 277 277 277 277 277 278 278 278 278 278 278 278 278 279 279 279 279 279 279 279 279 279 279 280 280 280 280 280 280 280 280 280 280 280 280 281 281 281 281 281 281 281 281 281 281 281 281 282 282 282 282 282 282 282 282 283 282 282 283 282 282 283 282 283 283 283 283 283 283 283 284 284 284 284 284 284 284 285 285 285 286 285 286 286 286 285 286 286 285 285 286 285 286 286 287 286 287 287 287 287 288 288 288 287 287 288 288 289 289 289 288 287 287 287 287 287 288 288 289 289 289 289 289 289 289 289 289 289 289 289 288 267 267 267 266 266 265 265 265 265 265 266 266 266 266 266 266 266 266 267 267 267 267 267 267 267 267 267 267 267 268 268 268 267 266 265 265 265 265 265 265 265 266 266 266 266 266 266 267 267 267 267 267 266 267 267 267 268 267 268 268 267 267 268 268 268 268 268 269 269 268 268 268 268 268 268 268 268 268 268 268 268 269 268 269 269 269 269 270 270 270 270 270 270 270 271 271 272 271 272 272 272 272 272 273 273 273 273 273 273 273 272 273 273 272 272 272 272 273 273 273 273 273 273 274 273 273 273 273 274 274 274 274 274 274 274 274 273 273 274 274 274 273 273 274 274 274 274 274 274 274 275 275 275 275 275 276 276 277 276 276 275 275 275 276 276 276 277 277 276 276 276 276 276 277 277 277 277 277 277 277 277 277 277 277 277 277 277 277 277 278 278 278 278 278 278 278 278 278 278 279 279 279 279 279 279 279 279 279 280 280 280 280 280 280 280 280 280 280 280 280 280 281 281 281 281 281 281 281 281 281 281 282 282 282 282 282 282 282 282 282 283 282 282 282 283 283 283 283 283 283 283 283 283 283 283 283 283 283 284 284 284 284 285 285 285 285 286 286 285 286 286 287 286 286 286 286 285 286 286 286 286 286 286 286 287 287 288 288 288 288 287 288 288 289 289 288 287 288 287 287 288 287 288 288 288 289 289 290 290 290 289 289 289 290 289 289 266 266 266 266 266 266 266 266 266 266 266 266 266 266 266 267 267 267 267 267 267 267 267 267 268 268 268 268 266 265 265 265 265 265 265 266 266 266 267 266 266 266 267 266 267 266 266 266 267 267 267 267 267 267 267 268 268 267 268 268 268 268 269 269 269 269 268 268 269 269 269 268 268 268 268 268 268 268 268 269 269 269 269 269 270 270 270 270 270 271 271 272 272 272 271 272 272 272 272 273 272 272 272 273 273 273 273 273 273 272 272 272 272 273 273 273 273 273 274 274 273 273 274 274 274 274 274 274 274 274 274 274 273 274 274 274 274 274 274 274 275 275 274 274 275 275 275 275 275 276 276 276 276 277 276 276 276 276 276 276 276 276 276 277 277 277 276 276 276 277 277 277 277 277 277 277 277 277 277 277 278 277 277 277 278 278 278 278 278 278 278 278 278 279 279 279 279 279 279 279 279 279 279 279 279 280 280 280 280 280 280 280 280 280 280 280 280 281 281 281 281 281 281 281 281 281 282 282 282 282 282 282 282 282 282 282 282 282 282 283 282 283 283 283 283 283 283 284 284 284 283 283 284 283 284 284 285 285 285 285 285 285 285 285 285 286 286 287 287 287 286 286 286 286 286 286 286 286 286 286 287 287 288 288 288 288 288 287 287 288 287 287 287 289 288 288 288 288 288 288 289 289 289 290 290 290 290 289 289 289 290 289 267 267 267 266 266 266 266 266 266 266 266 267 267 267 267 267 267 267 267 268 268 268 268 268 265 266 267 267 267 265 266 266 266 267 267 266 267 266 267 267 267 267 267 266 266 266 267 268 267 268 268 268 267 267 268 268 268 268 269 268 269 269 269 268 268 269 269 269 269 268 268 269 269 269 268 268 268 268 269 270 270 271 271 270 271 271 271 271 271 272 272 272 272 272 272 273 273 273 273 272 272 273 273 273 273 273 273 272 272 273 273 273 273 273 274 274 274 274 274 274 274 274 274 274 274 274 274 274 274 274 274 274 274 274 274 274 275 275 275 274 275 275 275 276 276 276 277 276 276 276 276 277 276 276 276 276 276 276 276 276 277 277 277 276 277 277 277 277 277 277 277 277 277 277 277 277 278 278 278 278 278 278 278 278 278 278 278 278 279 279 279 279 279 279 279 279 279 279 279 279 280 280 280 280 280 280 280 280 280 280 281 281 280 281 281 281 281 281 281 281 281 281 282 282 282 282 282 282 282 282 283 283 282 283 283 283 283 283 283 283 283 283 283 283 284 284 284 284 284 283 284 284 284 284 285 285 285 284 285 285 285 285 286 287 287 287 287 287 287 286 286 286 287 287 287 287 287 287 288 288 288 288 289 288 287 287 287 287 287 289 289 288 288 288 288 288 288 289 289 289 290 290 289 290 289 289 289 289 267 267 267 267 267 267 267 267 267 267 267 267 267 267 267 267 267 268 268 268 268 268 268 265 266 267 267 267 267 266 267 267 267 267 266 267 267 267 267 268 268 268 267 267 267 266 267 267 267 268 268 267 267 268 268 269 269 269 268 268 268 269 269 268 268 269 269 269 269 269 269 269 269 268 268 268 269 269 270 270 270 271 270 270 271 271 271 271 272 272 272 272 272 272 272 273 273 273 273 272 272 273 274 273 273 272 273 273 273 273 273 273 273 274 274 274 274 274 274 274 274 274 274 274 274 274 274 274 274 274 275 274 275 275 275 275 275 275 275 274 275 275 275 276 276 276 276 276 276 277 277 276 276 276 276 276 276 276 276 277 277 277 277 277 277 277 277 277 277 277 277 277 278 277 278 278 278 278 278 278 278 278 278 278 278 278 279 279 279 279 279 279 279 279 279 279 279 280 280 280 280 280 280 280 280 280 280 280 280 281 281 281 281 281 281 281 281 281 281 281 281 281 282 282 282 282 283 283 283 283 283 283 283 283 283 284 283 283 284 284 284 284 284 284 284 284 284 283 283 283 284 284 285 285 285 285 285 285 285 285 286 286 286 287 287 287 287 287 287 286 286 287 288 287 287 288 288 287 288 288 288 288 289 289 288 287 287 288 288 289 289 288 288 288 288 289 289 289 289 290 290 289 289 289 289 267 267 267 267 267 267 267 267 267 267 267 267 267 268 268 268 267 267 268 266 266 267 268 268 268 268 267 267 268 267 267 267 267 267 267 267 267 268 268 268 267 267 267 267 267 267 267 268 267 267 267 268 269 268 268 268 268 268 268 269 269 268 269 268 269 269 269 269 269 268 269 269 269 269 270 270 270 270 270 270 271 271 271 271 272 272 273 272 272 273 272 272 273 273 273 273 272 273 273 273 273 273 272 273 273 273 273 273 274 274 274 274 274 274 274 274 274 274 274 274 274 275 274 274 274 275 275 275 275 276 275 275 275 275 275 275 275 276 276 276 276 276 276 276 276 277 276 276 276 276 276 276 276 277 277 277 277 277 277 277 277 277 277 277 277 277 278 278 278 277 277 278 278 278 278 278 278 278 278 278 278 278 279 279 279 279 279 279 279 279 279 279 280 280 280 280 280 280 280 280 280 280 280 280 280 281 281 281 281 281 281 281 281 281 281 281 281 282 282 282 282 282 282 283 283 283 283 283 283 283 284 284 283 283 284 284 284 284 284 285 284 284 284 284 284 283 284 285 285 284 284 285 284 285 285 285 286 286 286 287 287 287 287 288 288 287 287 288 288 288 288 288 288 288 288 288 288 288 288 289 289 288 287 287 287 288 289 289 289 289 288 289 289 290 290 290 290 290 290 290 290 289 268 267 267 267 267 267 267 267 267 267 267 267 267 267 267 268 268 266 266 267 268 268 268 268 268 268 268 268 268 268 267 267 267 267 267 268 268 268 268 268 268 268 268 267 268 268 268 267 267 268 268 268 269 269 268 268 268 269 269 269 269 269 269 268 268 269 269 268 269 270 270 269 269 269 270 270 270 271 271 271 271 271 272 272 272 272 272 272 272 272 273 273 273 273 272 273 272 273 273 273 273 273 273 273 274 274 274 274 274 274 274 274 274 274 274 275 275 275 275 275 274 274 274 274 275 275 276 276 275 275 276 276 275 275 275 275 276 276 276 276 276 277 277 276 276 276 276 276 276 277 276 277 277 277 277 277 277 277 277 277 277 277 278 278 278 278 278 277 278 278 278 278 278 278 278 278 278 278 278 278 279 279 279 279 279 279 279 279 279 280 280 280 280 280 280 280 280 280 280 280 280 280 281 281 281 281 281 281 281 281 281 281 281 282 282 282 282 283 282 282 283 283 283 283 283 283 284 284 284 283 283 284 284 285 285 284 284 285 285 285 285 285 284 284 284 284 285 285 285 286 285 285 285 285 286 286 286 286 287 286 287 288 288 288 288 288 288 288 289 288 288 288 288 288 288 288 288 288 288 288 288 288 287 287 288 289 289 289 289 289 289 290 290 290 289 290 290 289 289 289 268 268 267 267 267 267 267 267 268 268 268 268 269 269 267 267 267 267 268 268 268 268 269 268 268 268 268 268 268 268 268 268 268 268 268 268 268 268 268 268 267 268 269 269 268 267 267 268 268 268 269 269 269 268 268 268 269 269 270 269 269 269 269 269 269 269 270 270 269 269 270 270 270 270 271 271 271 271 271 271 271 272 272 272 272 272 272 273 273 273 273 273 272 272 273 273 273 273 273 273 273 274 274 274 274 274 274 274 274 274 274 274 275 275 275 275 275 274 275 274 274 275 275 276 276 276 276 276 276 275 275 275 275 275 275 276 276 277 277 276 276 276 276 276 276 276 276 276 277 277 277 277 277 277 277 277 277 278 278 278 278 278 278 278 278 278 278 278 278 278 278 278 278 278 278 279 279 279 279 279 279 279 279 279 280 280 280 280 280 280 280 280 280 280 280 280 280 280 280 281 281 281 281 281 281 281 281 281 281 282 282 282 282 282 282 283 283 283 283 283 283 283 283 283 284 284 284 284 284 285 286 285 285 285 286 286 286 286 285 285 285 285 284 285 286 286 286 286 285 285 286 286 285 286 286 286 286 287 287 288 288 288 288 289 289 289 288 288 288 289 289 289 288 289 288 288 289 289 288 288 287 287 289 289 289 290 289 289 290 290 290 290 290 289 290 290 290 267 266 267 267 268 268 268 268 268 269 267 266 267 267 268 268 268 268 268 268 269 269 268 268 269 269 268 268 268 268 268 267 267 267 267 267 268 267 268 268 268 267 267 267 267 267 268 268 268 268 268 268 268 268 269 269 269 269 269 269 269 269 269 269 269 270 270 270 270 270 271 271 271 271 271 272 271 271 272 272 272 272 272 273 273 272 273 273 273 272 273 274 273 273 273 273 273 274 274 274 274 274 274 274 275 275 275 275 275 275 275 275 275 275 275 275 275 275 276 276 276 276 276 276 276 275 275 275 275 275 276 276 276 277 277 276 276 276 276 276 276 276 276 276 277 277 277 277 277 277 277 278 278 278 278 278 278 278 278 278 278 278 278 278 278 278 278 278 278 278 279 279 279 279 279 279 279 279 279 280 280 280 280 280 280 280 280 280 280 280 280 280 281 281 281 281 281 281 281 281 281 281 282 282 281 281 281 282 282 282 282 282 282 282 283 283 283 283 282 282 283 283 284 284 284 285 285 285 285 285 286 286 286 285 285 285 285 285 284 284 284 284 285 285 286 286 286 286 286 285 285 286 286 285 286 287 287 287 288 288 288 288 288 287 288 287 287 288 288 289 288 288 288 289 289 288 287 287 287 288 289 289 289 289 290 289 289 289 289 289 289 267 268 268 268 268 268 268 269 267 267 267 267 268 268 268 268 268 268 269 269 269 268 269 270 269 269 269 269 268 267 267 268 268 268 269 268 268 269 268 268 267 268 267 267 267 267 268 268 268 268 268 268 269 269 269 269 269 269 269 270 270 269 270 270 270 270 270 270 271 271 271 271 271 272 271 271 271 272 272 272 272 272 272 272 273 273 272 273 274 273 273 273 273 273 273 274 274 274 274 274 274 275 275 275 275 275 275 275 275 275 275 275 276 276 276 276 276 276 276 276 276 276 276 275 275 275 275 276 276 276 276 277 277 277 276 276 276 276 277 277 277 277 276 277 277 277 277 277 277 278 278 278 277 278 278 278 278 278 277 277 278 278 278 278 278 278 278 278 278 279 279 279 279 279 279 280 280 280 280 280 280 280 280 280 280 280 280 280 281 281 281 281 281 281 281 281 281 282 282 281 282 282 282 281 282 282 282 282 282 282 282 282 283 283 283 284 283 282 283 283 284 284 284 285 285 285 285 285 286 286 286 286 286 286 286 286 285 285 285 284 285 286 286 286 287 287 287 286 286 286 286 286 286 286 286 287 288 288 288 288 288 288 289 288 288 288 289 289 288 288 288 289 289 288 288 288 287 288 289 289 289 290 289 289 289 289 289 289 289 267 268 268 268 268 268 268 269 267 267 268 268 268 268 269 269 269 269 269 270 270 269 269 270 270 270 270 270 269 269 268 268 268 268 268 269 269 268 268 268 268 268 268 268 268 268 269 269 268 268 268 268 269 269 270 269 270 270 270 270 270 270 270 270 270 270 270 271 271 271 271 271 271 272 272 272 271 271 271 272 272 272 272 273 273 273 273 273 273 274 274 273 273 273 274 274 274 274 274 274 274 275 275 275 275 275 275 275 275 275 276 276 276 276 276 276 276 276 276 276 276 276 276 275 276 276 276 276 276 276 277 277 276 276 276 276 277 276 277 277 277 277 277 276 277 277 277 277 277 277 277 277 277 277 277 277 277 278 278 278 278 278 278 278 278 278 279 278 278 279 279 279 279 279 279 280 280 280 280 280 280 280 280 280 280 280 281 281 281 281 281 281 281 281 281 281 281 282 282 282 282 282 282 282 282 282 282 282 282 282 282 283 283 283 283 284 283 283 283 283 284 284 284 285 285 285 285 285 286 286 286 286 286 286 285 285 285 284 284 285 284 285 285 285 286 286 287 287 287 287 287 287 287 287 286 286 287 287 288 288 288 289 289 289 289 288 289 289 289 289 289 289 289 289 289 288 288 288 289 289 290 290 290 290 289 290 290 289 268 268 268 269 269 269 269 269 268 268 268 268 268 268 269 269 269 269 269 270 270 270 270 270 270 270 270 271 270 270 269 269 269 269 269 268 269 269 269 269 269 269 269 269 269 269 269 269 269 268 268 268 268 269 269 270 269 270 270 270 270 270 270 270 270 270 271 271 271 271 271 271 271 271 272 272 272 271 271 272 272 272 272 272 272 273 273 273 273 274 274 274 273 273 274 274 274 274 274 274 275 275 275 275 275 275 275 275 275 275 276 276 276 276 276 276 276 276 276 276 276 276 276 276 276 276 276 276 276 276 276 276 276 276 276 276 277 277 277 277 277 277 277 277 277 277 277 277 277 277 277 277 277 277 277 277 278 278 278 278 278 278 278 278 278 279 279 278 278 279 279 279 279 279 280 280 280 280 280 280 280 280 280 280 280 281 281 281 281 281 281 281 281 281 281 281 281 282 282 282 282 282 282 282 282 282 281 282 282 282 283 283 283 283 283 283 283 283 283 283 283 283 284 284 285 286 286 286 286 286 285 285 285 285 284 284 285 285 285 285 286 285 286 286 285 286 287 287 288 288 288 287 288 288 287 287 287 287 288 289 289 289 289 289 288 289 289 289 289 289 288 288 288 288 289 290 290 290 290 290 290 290 268 268 268 269 269 269 269 269 269 269 269 269 269 269 269 269 269 270 270 270 271 271 271 271 270 270 270 270 270 270 270 270 270 269 268 268 269 269 269 269 270 269 269 269 269 269 269 269 269 269 269 269 269 269 269 270 270 269 270 270 270 270 270 270 270 270 271 271 271 271 271 271 271 271 271 272 272 272 271 272 272 273 272 272 272 273 273 274 273 273 274 274 274 274 274 274 274 274 274 274 275 275 275 275 275 275 275 275 275 275 276 276 276 276 276 276 276 276 276 276 276 276 276 276 276 277 277 277 277 277 277 277 276 276 276 276 277 277 277 277 277 277 277 277 277 277 277 277 277 277 277 277 278 278 278 278 278 278 278 279 278 278 279 279 279 279 279 278 278 279 279 279 279 280 280 280 280 280 280 280 280 280 280 280 280 280 280 280 280 280 281 281 281 281 281 281 281 281 282 281 281 282 282 282 282 281 281 281 281 282 282 282 283 283 282 283 283 284 283 283 284 284 284 285 285 286 286 286 286 286 285 285 285 284 285 285 286 286 285 286 286 286 286 287 286 286 286 287 288 287 287 288 288 288 288 288 288 288 288 289 289 289 289 289 289 290 288 289 289 268 269 268 268 269 269 270 269 269 269 269 270 269 269 269 269 269 269 270 270 271 271 271 271 271 270 269 269 269 270 270 269 270 270 269 269 268 269 269 269 269 269 269 269 269 269 269 270 270 269 269 269 269 269 269 269 269 269 270 270 270 270 270 271 271 270 271 271 271 271 271 271 271 271 271 271 272 272 272 272 272 273 273 273 272 272 273 273 274 273 274 274 274 274 274 274 274 274 274 274 275 275 275 275 275 275 275 275 275 275 276 276 276 276 276 276 276 276 276 276 276 276 277 277 277 277 277 277 277 277 277 277 277 276 276 276 276 277 277 276 277 277 276 277 277 277 277 277 277 277 277 277 278 278 278 278 278 278 278 278 279 279 278 279 279 279 279 279 279 278 279 280 280 280 280 280 280 280 280 280 280 280 280 280 280 280 280 280 280 280 280 280 281 280 281 281 281 281 281 282 282 282 282 282 282 282 282 282 282 281 282 282 282 282 282 282 283 283 283 284 283 283 284 285 285 286 285 285 286 286 286 286 285 285 285 286 286 287 286 285 286 287 287 287 287 287 286 286 287 287 287 287 287 287 287 287 288 288 288 288 289 290 290 289 269 269 269 270 270 270 269 270 270 269 269 270 270 270 270 270 270 270 270 270 270 271 271 271 271 270 269 269 270 270 269 269 269 270 270 269 269 269 269 269 270 270 270 270 270 270 269 269 270 270 269 269 269 269 270 270 270 270 270 270 270 270 271 271 271 271 271 271 271 271 271 271 271 272 272 272 272 272 272 272 272 273 273 272 273 272 273 273 274 274 273 274 274 274 274 274 274 274 274 274 275 275 275 275 275 275 275 275 275 275 276 276 276 276 276 276 276 276 276 276 276 276 277 277 277 277 277 277 277 277 277 277 277 277 277 276 277 277 277 277 277 277 277 277 277 277 277 277 277 277 277 278 278 278 278 278 278 278 278 279 279 279 279 279 279 279 280 279 279 279 279 279 280 280 280 280 280 280 280 280 280 280 280 280 280 280 280 280 280 280 281 281 281 281 281 281 282 282 282 282 282 281 282 282 282 282 282 282 282 282 282 282 282 281 282 282 282 283 283 283 284 284 284 285 285 285 285 285 286 286 286 286 285 285 286 286 287 287 286 286 286 287 288 287 286 286 286 286 286 286 287 287 287 287 288 288 287 288 288 288 289 270 269 270 270 270 271 271 271 270 270 269 270 270 271 271 270 270 270 270 271 271 271 270 270 269 269 270 270 270 269 269 269 269 270 270 269 269 269 270 270 270 270 270 270 270 270 270 270 270 270 270 270 270 270 270 270 270 270 270 270 270 271 271 271 271 271 271 271 271 271 271 272 272 272 272 272 272 272 272 272 273 273 272 273 273 273 273 274 274 273 274 274 274 274 275 274 274 274 275 275 275 275 275 275 275 275 275 275 275 276 276 276 276 276 276 276 276 276 276 276 276 276 277 277 277 277 277 277 277 278 278 277 277 277 277 277 278 277 277 277 277 277 277 277 277 277 277 278 277 277 278 278 278 278 278 278 278 279 278 279 279 279 279 280 280 279 279 279 279 279 279 280 280 280 280 280 280 280 280 280 280 280 280 280 280 280 280 280 280 281 282 281 281 281 281 282 282 282 282 282 281 282 283 282 282 282 282 282 282 282 282 282 282 282 282 282 283 283 283 284 285 285 284 285 285 285 285 285 286 286 286 285 285 286 287 287 287 287 287 286 287 287 286 287 287 287 286 287 288 288 287 287 287 288 288 287 288 288 289 271 270 271 271 271 272 272 272 270 270 270 270 270 271 271 271 271 271 270 270 270 270 269 269 269 269 269 269 269 268 269 269 269 269 269 269 269 269 270 270 270 270 270 270 270 270 270 270 270 270 270 270 270 270 270 270 270 270 270 270 271 271 271 271 271 271 271 271 271 272 272 272 272 272 272 272 272 272 273 273 273 272 273 273 273 273 273 274 274 274 274 274 274 274 275 275 274 274 275 275 275 275 275 275 275 276 276 276 276 276 276 276 277 276 276 276 276 276 276 276 276 277 277 277 277 277 277 277 278 278 278 277 277 277 277 277 278 278 278 278 277 277 277 277 277 277 277 277 277 277 278 278 278 278 278 279 278 279 279 279 279 279 280 279 280 279 279 279 279 279 279 280 280 280 280 280 280 280 280 280 280 280 280 280 280 281 281 280 281 282 282 282 281 281 282 282 282 282 283 282 281 282 283 283 282 283 283 282 282 282 282 283 282 282 282 282 283 283 284 284 285 285 285 285 285 285 285 286 286 287 286 286 285 286 286 286 287 288 288 287 287 288 287 287 288 287 287 288 288 288 288 288 287 288 288 288 288 272 272 272 271 272 271 272 270 270 270 270 270 271 271 271 270 270 271 270 270 269 268 269 269 268 268 269 268 268 268 268 269 269 269 269 269 270 270 270 270 270 270 270 270 271 271 271 270 270 270 270 270 270 270 270 271 271 271 270 271 271 271 271 271 271 271 272 272 272 272 272 272 272 272 272 272 272 272 273 273 273 273 273 273 273 274 274 274 274 274 274 274 274 275 275 275 275 275 275 275 275 275 275 275 276 276 276 276 276 276 276 276 276 276 277 277 276 276 276 277 277 277 277 277 277 277 277 278 278 278 277 277 277 277 277 278 278 277 278 278 277 277 277 278 277 277 277 277 277 278 278 278 278 278 279 279 279 279 279 279 279 279 279 279 280 279 279 279 279 279 280 280 280 280 280 280 280 280 280 280 280 280 281 281 281 281 281 281 281 282 282 282 281 282 283 283 283 282 282 282 283 283 283 283 283 283 282 282 283 283 283 282 282 282 282 283 283 283 284 284 284 285 285 285 285 286 286 286 287 287 286 286 286 286 287 287 288 288 289 289 288 287 288 288 287 288 288 288 288 288 288 288 288 289 288 270 270 270 271 272 271 272 272 272 272 272 271 271 272 272 270 270 270 270 270 270 270 270 270 270 270 270 269 269 268 268 269 269 268 268 268 269 268 269 269 269 269 269 269 270 270 270 270 270 270 270 271 271 271 271 271 270 271 271 271 271 271 270 270 271 271 271 271 271 271 271 271 271 272 272 272 272 272 272 272 272 272 272 272 272 273 272 273 273 273 273 273 273 274 274 274 274 275 274 274 274 275 275 275 275 275 275 275 275 275 275 275 276 276 276 276 276 276 276 276 276 276 276 277 277 276 276 277 277 277 277 277 277 277 277 278 277 278 277 277 277 277 277 277 278 278 278 278 278 278 278 278 278 278 277 277 278 278 278 278 278 278 279 279 279 279 279 279 279 279 279 279 279 280 279 279 279 279 280 280 280 280 280 280 280 281 280 281 280 280 281 281 282 282 282 281 281 282 282 282 282 282 283 282 282 282 282 282 283 283 283 283 283 283 282 283 283 282 282 282 281 282 282 282 283 283 283 284 284 285 285 285 285 285 286 286 287 287 287 286 287 287 287 288 288 289 289 289 289 288 289 288 288 288 288 288 289 289 289 289 271 271 271 271 272 272 272 272 271 272 272 272 271 271 271 272 272 270 270 270 270 270 270 270 270 270 269 270 270 269 268 268 268 269 269 268 268 268 268 269 269 269 269 269 269 269 270 270 270 270 270 270 270 271 271 271 271 271 270 271 271 271 271 271 271 271 271 271 271 271 271 271 271 271 271 272 272 272 272 272 272 272 272 272 273 273 273 273 273 273 273 273 273 273 274 274 274 274 274 274 275 274 274 275 275 275 275 275 275 275 275 275 275 276 276 276 276 276 276 276 276 276 276 276 276 276 276 277 277 277 277 277 277 277 277 277 277 277 277 277 277 277 277 277 277 277 277 277 278 278 278 278 278 278 278 278 277 277 278 278 278 278 278 279 279 279 279 279 279 279 279 280 279 279 279 280 280 280 279 279 280 280 280 280 280 280 280 281 280 280 281 280 280 281 282 282 282 281 282 282 283 282 282 283 283 282 282 282 282 282 283 283 283 283 283 282 282 283 283 282 282 281 282 282 283 283 283 283 283 283 284 285 286 286 285 285 286 286 287 287 287 286 287 288 288 288 288 289 289 289 289 289 289 288 288 287 288 288 289 289 271 271 271 271 271 271 272 272 272 272 271 271 271 271 271 271 271 272 272 271 269 269 269 269 269 269 269 269 269 269 269 269 268 268 268 268 268 268 268 268 269 269 269 269 269 269 269 269 269 269 269 270 270 270 271 271 271 271 271 271 271 271 270 271 271 271 271 271 271 271 271 272 271 271 271 271 271 271 272 272 272 272 272 272 272 272 273 273 273 273 273 273 273 273 273 273 273 274 274 274 274 274 274 275 275 274 274 275 275 275 275 275 275 275 276 276 276 276 276 276 276 276 276 277 277 277 277 276 276 277 277 277 277 277 277 277 277 277 277 278 278 277 277 277 277 277 278 278 278 278 278 277 278 278 278 278 278 278 278 277 278 278 278 278 279 279 279 279 279 280 279 279 279 279 280 280 279 279 280 280 280 279 279 280 280 280 280 280 280 280 281 281 280 281 281 281 281 282 282 282 282 283 282 283 282 282 283 283 282 283 283 282 282 283 284 283 283 282 282 282 282 282 282 281 281 282 282 283 284 284 284 284 284 285 285 286 286 286 286 286 286 287 288 287 287 287 287 287 288 288 288 288 289 289 289 289 289 288 288 287 288 288 288 270 270 271 271 271 271 271 271 270 270 270 270 271 271 271 271 271 271 271 269 268 268 269 269 269 269 269 269 269 268 268 268 268 268 268 268 268 268 269 269 269 269 269 269 269 269 269 269 269 269 270 270 270 270 271 271 271 271 271 271 271 271 271 271 271 271 271 271 271 272 272 272 272 271 272 272 272 272 272 272 272 272 272 272 272 273 273 273 273 273 273 273 273 273 273 273 274 274 274 274 274 274 275 275 275 274 274 275 275 275 275 275 276 276 276 276 276 276 276 276 276 276 277 277 277 277 277 276 277 277 277 277 277 277 277 277 278 278 278 278 277 277 277 277 277 278 278 278 278 278 278 278 278 278 278 278 278 278 278 278 279 278 279 279 279 279 280 280 280 279 279 279 279 280 280 279 279 280 280 280 279 279 280 280 280 280 280 280 280 280 281 281 281 282 282 282 282 282 282 282 283 284 283 282 282 283 283 283 283 283 282 282 283 284 283 283 283 282 282 281 281 281 281 282 283 283 283 284 284 284 285 285 285 286 286 286 287 287 286 287 287 288 288 287 287 287 287 287 288 288 288 288 289 289 289 289 288 288 288 287 288 288 270 271 271 271 271 271 270 270 270 270 271 271 271 271 270 270 270 270 268 268 267 268 268 268 268 268 268 268 268 267 268 268 268 268 268 269 269 269 269 269 269 269 270 269 270 269 269 270 270 270 270 270 271 271 271 271 271 271 271 271 271 271 271 271 271 271 271 272 272 272 272 272 272 272 272 272 272 272 272 272 272 272 272 272 273 273 273 273 273 273 273 273 273 274 274 274 274 274 274 274 274 274 275 275 275 275 275 275 275 276 276 276 276 276 276 276 276 276 276 276 277 277 277 277 277 277 277 277 277 277 277 278 277 277 277 278 278 278 278 277 277 277 277 277 277 277 277 278 278 278 278 278 278 278 278 278 278 278 278 279 279 279 279 279 279 280 280 280 280 279 279 279 280 280 280 279 280 280 280 279 280 280 280 280 280 280 280 281 281 281 282 282 282 282 283 283 282 282 282 283 284 284 283 283 283 283 283 282 283 283 283 284 284 284 283 283 282 281 281 281 282 282 283 283 284 284 284 284 285 285 285 285 285 286 286 287 287 287 287 288 288 288 287 287 288 288 288 288 288 288 289 289 290 289 288 288 287 288 288 288 288 288 270 269 270 270 270 269 269 269 269 269 269 270 269 270 269 269 269 269 267 267 267 267 267 267 267 267 267 267 267 268 268 268 268 268 269 269 269 269 269 270 269 269 270 270 270 270 270 270 270 270 270 270 271 271 271 271 271 271 271 271 271 271 271 271 271 271 272 272 272 272 272 272 272 272 272 272 272 272 272 272 272 272 272 273 273 273 273 273 273 273 273 273 274 274 274 274 274 274 274 274 274 275 275 275 275 275 275 275 275 276 276 276 276 276 276 276 276 276 276 277 277 277 277 277 277 277 277 277 277 277 277 278 278 277 277 277 278 278 278 277 277 277 277 277 277 278 278 278 278 278 278 278 278 278 278 278 278 278 278 279 279 279 279 279 279 280 280 280 280 280 280 280 279 279 279 280 279 280 279 280 280 281 281 281 280 280 280 280 280 280 281 282 282 283 283 283 283 282 282 283 283 284 284 284 283 283 283 282 282 283 283 283 283 283 283 282 282 282 281 282 283 283 284 284 284 284 284 285 285 285 285 286 286 286 286 287 287 287 287 288 288 288 287 287 289 289 288 288 289 289 289 289 289 289 288 288 288 288 288 288 288 288 289 270 270 268 269 268 268 268 268 268 268 268 268 268 268 268 268 268 268 267 267 267 267 267 267 267 267 267 268 268 268 268 268 269 269 269 269 269 269 269 270 270 270 270 270 270 270 270 270 270 270 270 271 271 271 271 271 271 271 271 271 272 271 271 271 271 272 272 272 272 272 272 272 272 272 272 272 272 272 272 272 272 272 272 273 273 273 273 273 273 273 273 274 274 274 274 274 274 274 274 274 274 275 275 275 275 275 275 275 276 276 276 276 276 276 276 276 276 277 277 277 277 277 277 277 277 277 277 277 277 278 278 278 278 278 278 278 278 278 278 277 277 277 277 277 278 278 278 278 278 278 278 278 278 278 278 279 279 278 278 278 278 278 279 279 279 279 279 280 280 280 281 280 280 279 279 280 280 280 280 280 280 281 281 281 281 280 280 281 281 281 282 282 283 282 283 283 283 283 283 283 283 284 284 284 283 283 283 283 282 282 282 283 283 283 282 282 283 282 281 282 283 284 284 283 283 283 284 285 285 286 285 286 286 286 286 287 287 287 287 288 288 288 288 288 289 288 289 289 289 289 289 289 289 288 288 288 288 288 288 288 288 288 289 269 269 269 269 269 270 270 270 271 270 269 268 268 267 268 268 268 268 268 268 268 268 268 268 268 268 268 267 267 267 267 268 268 268 268 268 268 268 269 269 269 269 269 269 269 269 270 270 270 270 270 270 270 270 270 270 270 270 271 271 271 271 271 271 271 271 271 271 271 272 271 271 271 272 272 272 272 272 272 272 272 272 272 272 272 272 272 272 272 272 272 272 273 273 273 273 273 273 273 274 274 274 274 274 274 274 274 274 274 275 275 275 275 275 275 275 275 276 276 276 276 276 276 276 276 276 277 277 277 277 277 277 277 277 277 277 277 277 278 278 278 278 278 278 278 278 278 278 277 277 277 278 278 278 278 278 278 278 278 278 278 278 278 279 279 279 278 279 279 278 278 278 279 279 279 280 280 280 280 280 280 279 279 280 281 280 280 280 280 280 281 281 281 280 280 280 281 281 282 282 282 283 282 283 283 283 283 283 283 283 284 284 284 284 283 283 283 283 282 282 283 283 283 282 282 283 283 282 282 283 283 283 283 284 285 285 285 285 286 286 286 286 286 286 287 287 287 288 288 288 288 288 288 289 288 288 289 289 289 289 289 288 288 288 288 288 288 288 288 288 288 289 289 269 270 269 269 269 269 269 270 270 270 271 271 270 270 273 272 270 269 268 268 267 267 267 268 268 268 268 268 268 268 268 268 268 269 268 268 268 268 268 268 268 268 269 269 269 269 269 269 269 269 269 269 270 270 270 270 270 270 270 270 270 270 270 270 271 271 271 271 271 271 271 272 271 271 271 271 272 271 271 271 272 272 272 272 272 272 272 272 272 272 272 272 273 273 273 272 272 272 272 273 273 273 273 273 273 273 274 274 274 274 274 274 274 274 274 275 275 275 275 275 275 275 275 276 276 276 276 276 276 276 276 276 276 277 277 277 277 277 278 278 277 277 277 277 278 278 278 278 278 278 279 278 278 278 278 278 277 278 278 278 277 278 278 277 277 278 278 278 279 279 279 279 279 279 279 279 279 278 278 279 279 279 279 280 280 280 280 280 280 280 281 281 281 280 280 281 281 281 281 281 281 281 280 281 281 282 282 282 283 282 282 283 283 283 284 284 284 284 284 284 284 283 283 283 283 283 282 282 283 283 283 282 283 283 282 282 282 283 283 283 284 284 284 285 285 285 286 286 286 286 287 287 287 287 288 288 289 288 288 289 288 288 288 288 289 289 289 289 289 288 288 288 288 288 288 288 288 288 289 289 289 269 270 270 269 269 270 269 269 269 270 270 270 271 272 272 271 271 271 272 273 273 273 272 271 270 269 268 267 267 267 268 268 268 268 268 268 269 269 269 269 269 268 268 268 268 268 268 269 269 269 269 269 269 269 269 269 269 269 270 270 270 270 270 270 270 270 270 270 270 270 271 271 271 271 271 271 271 271 272 272 272 271 271 271 272 272 272 272 272 272 272 272 272 273 273 273 272 272 272 273 273 273 273 273 272 272 273 273 273 273 273 273 273 274 274 274 274 274 274 274 274 275 275 274 275 275 275 275 275 275 275 276 276 276 276 276 277 277 277 277 277 277 277 277 278 278 278 278 277 277 277 278 278 278 278 278 278 279 279 278 278 278 278 278 278 278 278 278 278 278 278 278 278 278 278 278 278 279 279 279 279 279 279 278 279 279 279 279 279 280 280 280 280 280 281 280 281 281 281 281 280 281 281 281 281 281 281 281 281 281 281 282 282 282 282 282 282 282 282 283 283 284 284 284 284 284 284 284 283 283 283 283 283 283 283 282 282 283 282 283 282 283 283 284 284 284 284 284 284 285 284 285 285 285 286 286 286 287 287 287 288 288 288 289 288 288 288 288 288 288 288 289 289 289 289 289 288 288 288 288 288 289 289 289 289 289 289 289 290 270 269 269 269 269 269 270 269 269 270 269 269 270 270 271 271 270 270 270 271 272 272 271 271 271 272 273 273 273 272 271 270 269 268 267 267 268 268 268 269 269 269 269 269 269 269 269 269 268 268 268 268 269 269 269 269 269 269 269 269 269 269 269 269 270 270 270 270 270 270 270 270 270 270 270 271 271 271 271 271 271 271 271 271 271 272 272 272 271 272 272 272 272 272 272 272 272 272 272 273 273 273 273 273 273 273 273 273 273 273 273 273 273 273 273 273 273 273 273 274 274 274 274 274 274 274 274 274 274 274 275 275 275 275 275 275 275 275 276 276 276 276 276 277 277 277 277 277 277 277 278 278 278 278 278 278 278 278 277 278 278 278 278 278 279 279 279 279 279 279 278 279 279 278 279 279 279 279 278 278 278 279 278 279 279 279 279 279 279 279 279 279 279 280 279 279 279 280 280 280 280 281 281 281 281 281 280 281 281 281 281 281 281 281 281 281 281 281 282 282 282 282 282 282 282 283 283 284 284 284 284 283 283 284 284 284 283 283 284 283 283 283 282 282 283 283 283 283 283 284 284 284 284 285 285 285 285 285 286 286 285 285 286 286 286 286 286 287 287 288 289 289 289 289 289 288 288 288 288 289 289 289 289 289 288 288 288 288 289 289 289 288 289 289 289 289 290 290 269 269 269 269 269 270 270 269 269 269 269 270 270 271 270 270 269 269 269 270 271 272 271 271 271 272 273 273 272 272 271 270 269 268 267 267 268 268 268 269 269 269 269 269 269 269 269 270 268 268 268 269 269 269 269 269 269 269 269 269 269 269 270 270 270 270 270 270 269 270 270 270 270 270 271 270 271 271 271 271 271 271 271 272 272 272 272 272 272 272 272 272 272 272 272 272 272 272 273 273 273 273 273 273 273 273 273 273 273 274 274 273 273 273 273 273 273 273 274 274 274 274 274 274 274 274 274 274 275 275 275 275 275 275 275 275 275 275 276 276 276 277 277 276 277 277 277 277 277 278 278 278 278 278 278 278 277 277 277 277 278 278 278 278 278 279 279 279 278 278 278 278 279 279 279 279 279 279 279 279 278 279 279 279 280 280 280 280 280 279 279 280 280 280 279 280 279 279 279 280 280 281 281 281 281 281 281 281 282 282 281 281 281 281 281 281 281 281 281 282 282 282 282 283 282 283 283 283 283 284 284 283 283 284 284 284 284 284 283 284 283 283 283 283 283 283 284 284 283 283 284 284 284 284 284 284 285 285 285 285 286 286 286 286 286 286 286 286 287 288 288 289 289 289 289 289 288 288 288 289 289 289 289 289 288 289 288 288 289 289 289 289 289 289 289 289 289 290 269 269 269 269 269 270 270 270 269 270 269 269 270 270 269 269 269 269 269 270 271 272 272 271 272 272 272 272 272 271 270 269 269 268 267 267 268 268 269 269 269 269 269 269 270 270 270 270 268 268 269 269 269 269 269 269 269 269 269 269 269 270 269 270 270 270 270 270 270 270 270 270 270 271 271 271 271 271 271 271 271 271 271 272 272 272 272 272 272 272 272 272 272 272 272 272 272 272 272 273 273 273 273 273 273 273 273 273 273 274 274 274 273 273 273 273 273 273 274 274 274 274 274 274 274 275 275 275 275 275 275 275 275 275 275 275 276 276 276 276 276 276 276 277 277 277 278 277 277 278 278 278 278 278 278 277 278 278 278 278 278 278 278 278 278 279 279 278 278 278 278 278 278 279 279 279 279 279 279 280 279 279 280 280 280 280 281 280 280 280 280 280 280 280 280 280 280 280 280 280 280 281 281 281 281 281 281 282 282 281 281 281 281 282 282 282 282 281 281 282 282 282 282 283 282 282 283 283 283 283 283 283 283 284 284 284 283 283 283 283 283 284 283 283 283 283 283 284 284 284 284 283 284 284 284 284 284 284 285 285 285 286 286 286 286 286 286 287 287 287 288 289 289 289 289 289 289 288 288 289 289 289 289 289 289 289 289 288 289 289 289 289 288 289 289 290 290 290 270 269 269 269 270 270 270 269 269 269 270 270 270 269 269 269 269 270 270 271 272 271 270 271 271 271 272 271 271 270 270 269 269 268 268 268 269 269 269 269 269 269 269 270 270 270 270 269 269 269 269 269 269 269 269 269 269 269 269 269 270 269 269 269 270 270 270 270 270 270 271 271 271 271 271 271 271 271 271 271 271 271 272 272 272 272 272 272 272 272 272 272 272 272 272 272 272 273 273 273 273 273 273 273 273 273 273 273 273 274 274 274 273 273 273 273 273 274 274 274 274 274 275 275 275 275 275 275 275 275 275 275 275 275 275 276 276 276 276 276 277 277 277 277 277 277 278 278 278 278 278 278 278 277 278 278 278 278 278 278 278 278 279 279 279 279 279 279 279 279 279 279 279 279 279 279 279 279 279 280 280 280 280 280 280 281 280 280 281 280 280 280 280 280 280 280 280 280 280 280 281 281 281 281 281 281 282 282 282 282 282 281 282 282 282 282 282 282 282 282 282 282 282 283 283 283 283 283 283 283 283 283 283 283 284 284 284 283 283 283 283 283 283 283 283 283 284 284 284 284 284 284 284 284 284 284 285 285 285 285 286 286 287 287 287 287 287 288 288 288 289 289 289 289 289 289 288 288 289 289 289 290 289 289 289 289 289 289 289 289 289 289 289 289 290 269 269 269 269 269 270 270 270 270 270 270 269 269 270 269 269 269 270 270 270 270 271 271 270 270 270 270 272 271 270 269 269 269 268 268 268 268 269 269 269 269 269 269 269 270 270 270 270 269 269 269 269 269 269 269 269 269 269 270 270 270 269 269 270 270 270 270 270 270 271 271 271 271 271 271 271 271 271 271 271 271 271 272 272 272 272 272 272 272 272 272 272 272 272 272 272 272 273 273 273 273 273 273 273 273 273 273 273 273 273 273 274 274 274 274 273 273 274 274 274 274 274 274 275 275 275 275 275 275 275 275 275 275 275 275 275 275 275 276 276 277 276 276 276 276 277 277 277 277 277 277 278 278 278 278 278 278 278 278 278 278 279 279 279 279 279 279 279 279 279 279 279 279 279 279 279 279 279 279 280 280 280 280 280 281 280 280 280 281 281 280 280 280 280 280 280 280 280 280 280 280 281 281 281 281 281 281 282 282 282 282 282 282 282 282 282 282 282 282 282 282 282 282 283 283 283 283 283 284 284 284 283 283 283 283 283 283 283 283 284 283 283 283 283 283 283 284 284 284 284 284 284 284 284 284 284 284 285 285 285 285 285 286 286 286 286 287 287 287 287 288 288 288 288 289 289 289 288 289 289 289 289 290 290 289 289 289 289 289 289 290 290 289 289 290 269 269 269 269 269 270 270 270 270 269 268 269 269 268 269 269 269 270 270 270 271 271 270 269 269 271 271 270 269 268 268 268 268 268 269 269 269 269 270 270 270 270 270 270 270 270 269 269 269 269 269 269 269 269 269 269 270 269 269 270 270 270 270 270 270 270 270 270 271 271 271 271 271 271 271 271 271 271 271 272 272 272 272 272 272 272 272 272 272 272 273 273 272 272 273 273 273 273 273 273 273 273 273 273 273 273 273 273 274 274 274 274 274 274 273 273 274 274 274 274 274 275 275 275 275 275 275 275 275 275 275 275 275 276 276 276 276 276 276 276 277 276 276 276 277 277 277 277 277 278 278 278 278 278 278 278 278 278 278 279 279 279 278 279 279 279 279 278 279 279 278 278 279 279 279 280 279 279 280 280 280 280 281 280 280 280 281 281 281 281 280 280 280 281 280 280 280 280 281 281 281 281 281 281 281 282 282 282 282 282 283 283 283 282 282 282 282 282 282 282 282 282 282 283 283 283 284 284 283 284 283 283 283 283 283 284 283 283 284 284 283 283 283 283 284 284 284 284 284 284 284 284 284 284 284 284 285 285 285 285 286 286 285 286 287 286 286 287 288 288 288 288 289 289 289 289 289 289 289 290 290 290 290 290 290 290 290 290 290 291 290 290 290 270 270 270 268 268 269 269 268 268 268 269 268 268 268 268 268 269 269 270 271 271 271 272 270 269 269 269 268 268 268 268 268 269 269 269 269 270 270 270 270 270 270 270 270 270 269 269 269 269 269 269 269 269 269 270 270 270 270 270 270 270 270 270 270 270 270 271 271 271 271 271 271 271 271 271 271 271 272 272 272 272 272 272 272 272 272 273 272 272 273 272 272 273 273 273 273 273 273 273 273 273 273 273 273 274 274 274 274 274 274 274 274 274 274 274 274 274 274 274 274 275 275 275 275 275 275 275 275 275 275 276 276 276 276 276 276 276 276 277 277 277 277 277 276 277 277 277 277 277 278 278 278 278 278 278 278 279 278 278 278 278 278 278 279 279 279 278 279 279 278 278 279 279 279 279 280 279 280 280 280 280 281 280 280 280 281 280 281 281 281 281 281 281 280 281 280 281 282 282 281 281 282 282 282 282 282 282 282 283 282 282 282 282 282 282 282 282 282 282 282 283 283 283 283 284 284 284 284 284 283 283 283 284 283 284 284 284 284 284 284 284 284 283 284 284 284 284 284 284 284 284 284 284 284 284 284 285 285 285 285 285 285 286 286 286 287 287 288 288 287 288 288 289 289 289 289 289 289 290 290 290 290 290 291 291 290 290 290 291 291 291 291 269 269 268 268 268 268 269 269 270 270 269 270 269 268 268 268 269 269 270 271 272 272 270 270 270 270 269 269 269 269 269 269 269 269 270 270 270 270 270 270 270 270 270 270 269 269 269 269 269 269 270 270 270 270 270 270 270 270 270 270 270 270 270 270 271 271 271 271 271 271 271 271 271 271 272 272 272 272 272 272 272 272 272 272 272 272 273 273 273 273 273 273 273 273 273 273 273 273 273 274 274 273 274 274 274 274 274 274 274 274 274 274 274 274 274 274 274 275 274 274 275 275 275 275 275 275 275 275 276 276 276 276 276 276 276 276 276 276 276 277 277 277 277 277 277 277 277 277 277 278 278 278 278 279 279 279 279 278 278 278 278 278 278 278 278 278 278 278 278 279 279 279 279 279 280 280 280 280 280 280 281 281 281 281 280 280 281 281 281 281 281 281 281 281 281 281 282 282 282 282 282 282 282 282 282 282 282 282 282 282 282 282 282 282 282 282 282 282 282 282 283 283 283 283 284 283 283 283 283 284 283 283 283 283 284 284 284 284 284 284 284 284 284 284 284 284 284 284 284 284 284 285 285 285 284 284 284 285 285 285 286 286 286 286 286 286 287 288 288 288 289 289 289 289 289 289 289 290 290 290 290 291 291 291 290 291 291 291 291 270 269 269 270 271 271 272 272 270 270 270 268 268 270 269 270 271 270 270 270 269 269 269 269 269 269 269 269 269 269 270 270 270 270 270 270 270 270 270 270 269 269 269 269 269 269 270 270 270 270 270 270 270 270 270 270 270 270 271 271 271 271 271 271 271 271 271 271 271 271 271 272 272 272 272 272 272 272 272 272 272 272 273 273 273 273 273 273 273 273 273 273 273 274 273 274 274 274 274 274 274 274 274 274 274 274 274 274 274 274 274 274 275 275 275 275 275 275 275 275 275 275 275 276 276 276 276 276 276 276 276 276 276 276 276 277 277 277 278 278 278 278 277 277 278 278 278 278 278 278 279 279 278 278 278 278 278 278 278 278 279 279 279 279 278 278 279 279 279 279 280 280 280 280 280 280 280 280 281 281 280 280 280 281 281 281 281 281 281 281 282 282 281 281 282 282 282 282 282 282 282 282 282 282 282 282 282 282 282 282 282 282 282 282 283 283 283 283 283 283 284 284 283 284 284 284 284 284 283 283 283 283 284 284 284 284 284 284 284 284 284 284 285 285 284 284 285 285 285 285 285 285 285 285 285 286 286 286 287 287 287 287 286 287 288 288 289 289 289 289 289 289 289 290 290 291 290 291 291 291 291 291 291 291 291 292 292 271 271 271 272 272 272 273 273 271 272 272 272 267 268 268 269 270 269 269 269 268 268 268 268 269 269 269 269 269 270 270 270 270 270 270 270 270 270 270 271 269 269 269 269 269 270 270 270 270 270 270 270 270 270 270 270 270 270 271 271 271 271 271 271 271 271 271 271 271 271 272 272 272 272 272 272 272 272 272 273 273 273 273 273 273 273 273 273 273 273 273 273 273 273 273 274 274 274 274 274 274 274 274 274 274 274 274 274 274 274 275 275 275 275 275 275 275 275 275 275 275 276 276 276 276 276 276 276 276 276 276 276 276 276 276 277 277 277 278 278 278 278 277 277 278 277 278 278 278 279 279 279 279 278 278 278 279 279 279 278 279 279 279 279 279 279 279 279 279 279 280 280 280 280 280 280 280 280 281 281 281 281 281 281 281 281 281 281 282 282 282 282 282 281 282 281 282 282 282 282 282 282 282 282 282 282 283 282 282 282 282 282 282 283 283 283 283 283 283 283 283 284 283 284 284 284 284 284 284 284 284 283 283 284 284 284 284 284 284 285 284 284 285 285 285 285 284 284 284 284 285 285 285 285 286 286 287 287 287 288 288 287 287 288 287 288 289 289 289 289 289 289 290 290 290 290 291 291 290 290 291 291 292 292 292 291 292 272 273 274 274 274 273 272 273 273 272 271 270 268 268 268 267 267 268 267 268 268 268 269 269 269 269 270 270 270 270 270 270 270 270 270 271 271 271 269 269 270 270 270 270 270 270 270 270 270 270 270 270 270 270 270 271 271 271 271 271 271 271 271 272 271 271 271 272 272 272 272 272 272 272 272 272 272 273 273 273 273 273 273 273 273 273 273 273 273 273 273 273 274 274 274 274 274 274 274 274 274 274 274 275 275 274 274 274 274 275 275 275 275 275 275 275 275 275 275 276 276 276 276 276 276 276 276 276 276 276 276 277 277 277 277 277 278 278 277 277 277 277 277 278 278 278 278 279 279 279 279 279 279 279 279 279 279 279 279 279 279 279 279 279 279 279 279 279 280 280 280 280 280 280 279 280 281 281 281 281 281 281 281 281 281 281 282 282 282 282 282 281 281 281 281 281 281 282 282 282 282 282 283 283 283 283 282 282 283 283 283 283 283 283 283 283 283 283 284 283 283 283 283 283 284 284 284 284 284 284 284 284 284 284 284 284 284 284 284 285 285 285 285 284 285 285 284 284 285 286 286 287 286 286 287 287 288 288 288 288 288 288 288 288 288 289 289 289 289 290 290 290 291 290 291 291 290 291 291 292 292 291 291 292 274 273 273 273 273 273 273 273 272 271 271 270 269 269 269 270 269 268 269 269 269 269 269 269 270 270 270 270 270 270 270 270 271 271 271 271 271 270 270 270 270 270 270 270 270 270 270 270 270 270 270 270 270 271 271 271 271 271 271 271 271 271 272 271 271 272 272 272 272 272 272 272 272 272 272 272 273 273 273 273 273 273 273 273 273 273 273 273 273 274 274 274 274 274 274 274 274 274 274 274 274 274 275 275 274 274 274 274 274 274 275 275 275 275 275 275 276 276 276 276 276 276 276 276 276 276 276 277 277 277 277 277 277 277 277 278 278 278 277 277 278 278 278 278 278 278 279 279 279 278 279 279 279 279 279 280 279 279 279 279 279 278 279 279 279 279 279 279 280 280 280 280 279 279 280 281 281 281 281 281 281 281 281 281 281 281 282 282 281 281 281 281 282 282 282 282 282 282 282 283 283 283 284 284 283 283 283 283 283 283 283 283 283 283 284 284 284 284 283 283 283 283 283 283 283 283 284 284 284 284 284 284 284 284 284 284 285 284 284 284 285 285 285 285 285 285 285 285 285 286 287 287 288 288 287 287 288 289 289 289 288 288 288 289 289 289 290 290 290 290 291 290 290 290 290 290 291 291 291 291 291 292 273 273 272 272 272 272 273 273 272 272 271 270 270 271 271 272 271 270 269 269 269 269 269 269 269 270 270 270 270 270 270 271 271 271 271 271 271 271 270 270 270 270 270 270 270 270 270 270 270 270 270 270 270 270 271 271 271 271 271 271 271 272 272 271 271 272 272 272 272 272 272 272 272 272 272 273 272 273 273 273 273 273 273 273 274 274 273 273 273 273 274 274 274 274 274 274 274 274 274 274 274 274 275 275 275 275 274 274 274 274 274 275 275 275 275 275 276 276 276 276 276 276 276 276 276 276 276 276 276 277 277 277 277 277 277 277 277 277 277 277 277 278 278 278 278 278 278 279 279 279 279 278 278 279 279 279 279 279 279 279 278 278 279 280 280 279 279 279 279 280 279 280 280 279 280 280 280 281 281 281 281 281 281 281 281 280 281 282 281 281 281 282 282 282 282 282 282 282 282 282 283 283 283 284 284 284 284 284 283 283 283 283 283 283 283 283 284 284 284 283 283 283 283 283 283 283 283 283 284 284 284 284 284 284 284 284 284 284 284 284 284 285 285 285 285 286 286 287 287 285 286 286 287 288 288 288 288 288 289 290 289 289 289 288 289 289 290 290 290 290 290 290 290 290 290 290 290 291 291 291 291 291 292 273 272 271 271 272 272 272 272 272 272 272 272 272 272 273 273 272 271 270 270 269 269 269 269 269 270 270 270 270 270 270 271 271 271 271 271 271 271 271 270 270 270 270 270 270 270 270 270 271 271 271 271 270 270 270 271 271 271 271 271 271 271 271 271 271 271 271 272 272 272 272 272 272 272 272 272 272 273 273 273 273 273 273 274 273 274 274 274 273 273 273 274 274 274 274 274 274 274 274 274 274 275 275 275 275 275 275 275 275 274 275 275 275 275 275 275 275 276 276 276 276 276 276 276 276 276 276 277 277 277 277 277 277 277 277 277 277 277 277 277 277 277 278 278 278 278 278 279 279 279 279 279 279 278 278 278 279 279 279 279 278 278 279 279 280 280 279 279 279 279 279 279 280 279 279 280 280 280 280 281 281 281 281 281 281 281 280 281 282 281 281 281 282 282 282 282 282 282 282 282 283 283 284 284 284 284 284 284 284 284 283 283 283 283 283 283 284 284 284 285 284 284 284 284 284 284 284 284 284 284 284 284 284 284 284 284 285 285 285 284 284 284 284 285 286 286 287 287 287 288 287 286 287 287 288 289 289 289 289 289 290 290 289 289 288 288 289 289 290 291 291 291 290 290 290 290 290 290 291 291 291 291 291 292 292 272 272 272 272 271 271 271 273 273 273 274 274 274 273 275 274 272 271 270 270 269 269 269 269 269 270 270 270 270 270 270 271 271 271 271 271 271 271 271 270 270 270 270 270 270 270 270 270 271 271 271 271 271 271 271 271 271 271 271 271 271 271 271 271 271 271 271 271 272 272 272 272 272 272 272 272 272 273 273 273 273 273 274 274 273 273 273 273 273 273 273 274 274 274 274 274 274 274 274 274 275 275 275 275 275 275 275 275 275 275 275 275 275 275 276 276 276 276 276 276 276 276 276 276 276 277 277 277 277 277 277 277 277 277 277 277 277 277 277 277 277 277 278 278 279 279 278 278 278 279 279 279 279 279 279 279 279 279 279 279 279 279 279 280 280 280 280 280 279 280 280 280 280 280 279 280 280 280 280 280 281 281 281 281 281 281 280 281 281 281 281 282 281 282 282 282 282 282 282 282 283 283 284 284 284 284 284 284 284 284 283 283 283 283 283 283 284 284 285 285 284 284 284 284 284 284 284 284 284 284 284 284 284 284 284 284 284 285 285 284 285 285 285 285 285 285 286 287 287 288 288 287 286 288 288 288 289 289 289 289 290 290 289 289 288 288 289 290 291 290 290 291 290 290 290 290 290 290 291 291 291 291 291 292 273 272 273 273 273 273 272 272 271 272 273 273 273 273 274 274 274 273 272 272 272 271 270 269 269 269 269 270 270 270 270 270 271 271 271 271 271 271 271 271 271 270 270 270 270 270 270 270 270 270 270 271 271 271 271 271 271 271 271 271 271 271 271 271 271 271 272 272 272 272 272 272 272 272 272 272 272 272 273 272 273 273 273 273 273 273 273 273 274 274 274 273 273 274 274 274 274 274 274 275 275 275 275 275 275 275 275 275 276 275 275 275 275 275 275 275 276 276 276 276 276 276 276 276 276 277 277 277 277 277 277 277 277 277 277 278 278 277 277 277 277 278 277 278 278 278 278 279 278 278 278 279 279 279 279 279 279 279 280 279 279 280 279 280 281 281 280 280 280 280 280 280 280 280 280 280 279 280 280 280 280 280 280 281 281 281 281 281 281 281 281 281 281 281 282 282 282 282 282 282 282 283 283 283 283 283 283 283 284 284 284 284 284 284 283 283 283 283 284 284 284 284 284 284 284 284 284 284 284 284 284 283 283 283 284 284 284 284 284 284 285 284 284 285 286 286 286 285 285 286 286 287 288 288 287 287 287 288 288 288 289 289 290 290 290 289 289 289 290 290 290 290 290 291 291 291 291 291 290 290 291 291 291 291 291 292 273 273 274 274 273 273 273 272 271 271 272 273 272 272 272 273 274 273 273 273 273 272 271 269 269 269 269 270 270 270 271 271 271 271 271 271 271 271 271 271 271 270 270 270 270 270 270 270 270 270 270 271 271 271 271 271 271 271 271 271 271 271 271 271 272 272 272 272 272 272 272 272 272 272 272 272 272 273 273 273 273 273 273 273 273 273 273 274 274 274 274 274 273 274 274 274 274 274 275 275 275 275 275 275 275 275 275 276 276 275 275 275 275 275 275 276 276 276 276 276 276 276 276 276 277 277 277 277 277 277 277 277 277 277 277 277 278 277 278 278 278 278 278 278 278 278 278 278 278 278 278 279 279 279 279 279 279 279 280 280 280 280 280 280 280 280 280 280 280 280 280 280 280 281 281 280 279 279 280 280 280 280 280 280 281 281 280 281 281 281 281 281 281 282 282 282 282 282 283 283 283 283 283 283 283 283 283 283 283 284 284 284 284 284 283 283 284 284 284 284 284 283 283 283 283 283 283 284 284 284 284 283 283 283 284 284 284 284 285 284 285 285 285 285 286 287 287 287 286 286 287 288 288 288 288 288 288 288 288 288 288 289 289 290 290 290 290 290 290 291 290 290 290 290 290 291 291 291 290 291 291 291 291 291 292 274 274 274 273 272 272 272 272 271 271 271 271 272 272 271 273 274 274 274 274 273 272 271 270 269 269 269 270 270 271 271 271 271 271 271 271 271 271 271 271 271 270 270 270 270 270 270 270 270 271 271 271 271 271 271 271 271 271 271 271 271 271 271 272 272 272 272 272 272 272 272 273 273 272 272 272 272 273 273 273 273 273 273 273 273 274 273 274 274 274 274 275 274 274 274 274 274 275 275 275 275 275 275 275 275 275 275 275 276 275 275 275 275 275 275 276 276 276 276 276 276 276 276 277 277 277 277 277 277 277 277 277 277 277 277 277 277 277 277 278 278 279 278 278 279 279 279 279 279 278 278 279 279 280 279 279 279 279 279 280 280 280 280 280 280 280 280 280 280 280 280 280 281 280 280 280 280 279 280 280 280 280 280 281 281 281 281 281 281 281 281 281 281 282 282 282 283 283 283 283 283 283 283 283 283 283 283 283 283 284 284 284 285 284 284 284 284 284 284 285 284 283 283 283 283 283 283 284 284 284 284 283 283 283 284 284 284 285 285 285 285 285 285 286 286 286 287 287 286 286 287 287 288 288 289 289 289 289 288 288 288 289 289 290 290 290 291 291 291 291 291 291 290 290 290 291 291 291 291 291 291 291 291 291 292 274 272 272 273 272 271 271 271 272 271 271 271 271 272 272 273 274 275 274 273 272 271 271 270 269 269 270 270 271 271 271 271 271 271 271 271 271 271 271 271 270 270 270 270 270 271 271 271 271 271 271 271 271 271 271 271 271 271 271 271 271 271 272 272 272 272 273 273 273 273 273 273 273 273 273 273 273 273 273 273 274 274 274 274 274 274 274 274 274 274 275 274 274 274 274 274 275 275 275 275 275 275 275 275 275 275 275 275 275 275 275 275 275 276 276 276 276 276 276 276 277 277 277 277 277 277 277 277 277 277 277 277 277 277 277 277 277 277 278 278 279 278 278 278 279 279 279 279 279 278 279 279 280 279 279 279 279 279 280 280 280 280 280 280 280 280 280 280 280 281 281 280 280 280 280 280 280 280 280 280 280 280 281 281 281 281 281 281 281 281 281 281 282 282 282 282 283 283 283 283 283 283 283 283 283 283 283 284 284 284 284 285 284 284 284 284 284 284 285 285 284 283 283 283 283 283 283 284 283 284 283 284 284 284 284 284 284 285 285 285 286 285 286 286 287 287 288 287 287 287 287 288 288 288 289 289 289 289 288 289 289 290 290 290 290 290 291 291 291 291 290 290 291 291 291 291 291 291 291 290 291 291 291 292 274 273 273 274 273 273 272 272 273 272 271 270 271 271 272 271 273 273 273 272 271 271 270 270 270 270 270 270 271 271 271 271 271 271 271 271 271 271 272 272 270 271 271 271 271 271 271 271 271 271 271 271 271 271 271 271 271 272 271 271 271 272 272 272 272 272 273 273 273 273 273 273 273 273 273 273 273 273 273 273 274 274 274 274 274 274 274 274 274 274 274 274 274 274 274 274 275 275 275 275 275 275 275 275 275 275 275 275 275 275 275 275 276 276 276 276 276 276 277 277 277 277 277 277 277 277 277 277 277 277 277 277 278 278 278 278 278 278 278 278 279 279 279 279 279 279 279 279 279 279 279 279 279 279 279 279 279 279 280 280 280 280 280 280 280 280 280 280 280 281 281 281 280 280 280 280 280 280 280 280 281 281 281 281 281 281 281 281 281 281 281 281 282 282 282 282 282 282 282 282 282 282 283 283 283 284 284 284 284 284 285 285 284 284 284 284 283 285 285 284 284 283 283 283 283 283 283 283 283 283 283 284 284 284 284 284 284 285 285 285 285 286 286 287 287 287 288 288 288 287 287 288 288 288 288 288 289 289 289 289 290 291 290 290 290 290 290 290 290 290 290 290 290 290 291 291 291 291 291 290 291 291 292 274 274 275 274 273 272 271 271 271 272 272 271 270 271 271 271 273 273 272 270 270 270 270 270 270 270 271 271 271 271 271 271 271 271 272 272 272 272 272 271 271 271 271 271 271 271 271 271 271 271 271 271 271 271 271 271 272 271 271 272 272 272 272 272 272 273 273 273 273 273 273 273 273 273 273 274 274 273 274 274 274 274 274 274 274 274 274 274 274 274 274 274 274 274 274 275 275 275 275 275 275 275 275 275 275 276 276 276 275 275 275 275 276 276 276 276 277 277 277 277 277 277 277 277 277 277 277 277 277 277 278 278 278 278 278 278 278 278 278 278 279 279 279 279 279 279 279 279 279 279 279 279 279 280 280 280 280 280 280 280 280 280 280 280 280 280 280 280 281 281 281 280 280 280 280 280 280 280 280 280 281 281 281 281 281 281 281 281 281 281 282 282 281 281 282 282 282 282 282 282 282 283 283 283 284 284 284 284 284 284 284 284 284 283 284 283 284 284 284 283 283 283 283 283 283 283 283 283 284 284 284 284 284 284 284 284 284 284 285 285 285 285 286 287 287 288 288 288 288 288 288 288 288 288 289 289 289 289 290 290 290 290 290 290 290 290 290 289 290 289 289 289 290 291 291 291 290 290 290 291 291 292 274 274 274 275 273 272 272 273 273 273 273 272 272 271 270 271 271 273 274 272 271 271 270 270 270 270 270 271 271 271 271 271 271 271 272 272 272 272 272 272 271 271 271 271 271 271 271 271 271 271 271 272 272 272 272 272 272 272 272 272 272 272 273 273 273 273 273 273 273 273 273 273 273 274 273 273 274 274 274 274 274 274 274 274 274 274 274 274 274 274 274 274 274 274 274 274 275 275 275 275 275 275 275 275 276 276 276 276 276 276 275 275 276 276 276 276 277 277 277 277 277 277 277 277 277 277 277 277 277 277 278 278 278 278 278 278 278 278 278 278 279 279 279 279 279 279 279 279 280 279 279 279 279 280 280 280 280 280 280 280 280 280 280 280 280 280 281 280 280 281 281 281 281 280 280 280 280 280 280 280 280 281 281 281 281 281 281 281 281 282 281 281 281 281 281 282 282 282 282 282 282 283 283 283 284 284 284 284 284 283 283 283 283 283 283 283 283 283 283 283 283 283 283 283 283 283 283 284 284 284 284 284 284 284 285 285 285 286 285 285 284 285 285 286 286 287 287 287 288 288 288 288 288 288 289 289 289 289 289 290 290 290 290 290 290 290 290 291 290 290 290 290 289 289 290 291 290 290 290 291 291 291 292 274 274 273 273 272 273 274 275 275 275 274 273 272 271 271 270 270 271 271 271 271 271 270 270 270 270 271 271 271 271 271 271 272 272 272 272 272 272 272 272 271 271 271 271 271 271 271 271 271 271 271 271 272 272 272 272 272 272 272 272 272 272 272 272 273 273 273 273 273 273 273 273 273 273 273 274 274 274 274 274 274 274 274 274 274 274 274 274 274 274 274 274 274 274 275 274 275 275 275 275 275 275 275 275 275 276 276 276 276 276 275 275 276 276 276 277 277 277 277 277 277 277 277 277 277 277 277 277 278 278 278 278 278 278 278 278 278 278 278 278 279 279 279 279 279 279 279 279 279 280 280 280 279 279 280 280 280 280 280 280 281 280 280 280 280 280 280 280 280 280 281 281 281 281 281 281 280 280 280 281 280 281 281 281 281 281 281 281 281 282 281 281 281 282 282 282 282 282 282 282 282 283 283 283 283 284 284 284 284 283 283 283 283 283 283 283 283 283 283 283 283 283 283 283 283 283 284 284 284 284 284 284 284 284 285 285 285 286 286 286 285 285 285 285 286 286 286 287 287 288 288 289 288 288 288 289 289 290 290 290 291 291 290 290 290 290 290 291 290 291 290 289 289 289 290 290 289 290 291 291 292 292 292 292 292 291 275 274 274 273 273 274 274 274 273 273 273 273 272 272 271 271 271 271 270 270 270 270 270 270 270 271 271 271 271 271 272 272 272 272 272 272 272 272 272 272 271 271 271 271 271 271 271 271 271 271 271 271 272 272 272 272 272 272 272 272 272 272 272 272 272 273 273 273 273 273 273 273 273 273 274 274 274 274 274 274 274 274 274 274 274 274 274 274 274 274 274 275 275 275 275 274 274 275 275 275 275 275 275 275 275 275 276 276 276 276 275 275 276 276 276 277 277 277 277 277 277 277 277 277 277 277 277 278 278 278 278 278 278 278 278 278 278 278 278 278 279 279 279 279 279 279 279 279 280 280 280 280 280 279 280 280 280 280 280 280 281 281 280 280 281 281 281 281 280 280 280 281 281 281 281 281 281 280 281 281 281 281 281 281 281 281 282 282 282 282 281 282 282 282 282 282 282 282 282 282 282 283 283 283 283 284 284 283 283 283 283 283 283 283 283 283 283 283 283 283 283 283 283 283 283 284 284 284 284 284 284 285 285 285 285 286 286 286 286 286 286 285 286 286 287 286 287 288 288 288 289 289 289 288 289 289 289 290 290 290 290 290 291 290 291 291 291 291 291 291 290 290 289 289 289 289 289 290 291 291 291 291 291 291 291 291 291 275 274 273 274 274 275 274 274 273 272 272 272 272 271 271 271 271 271 271 270 270 270 270 271 271 271 271 271 272 272 272 272 272 272 272 272 272 272 272 271 271 271 271 271 271 271 271 271 271 271 271 272 272 272 272 272 272 272 272 272 272 272 272 272 273 273 273 273 273 273 273 273 273 274 274 274 274 274 274 274 274 274 274 274 274 274 274 274 274 275 275 275 275 275 275 275 275 275 275 275 275 275 276 276 276 276 276 276 276 276 276 276 276 277 277 277 277 277 277 277 277 277 277 277 278 278 278 278 278 278 278 278 278 278 278 278 278 278 278 279 279 279 279 279 279 280 279 280 280 279 280 280 279 280 280 280 281 281 281 281 281 281 280 281 281 281 281 281 281 281 281 281 281 281 281 281 281 281 281 281 281 281 281 281 282 282 282 282 282 282 282 282 282 282 282 282 282 282 283 283 283 283 283 283 283 283 283 283 282 282 283 283 283 283 283 283 283 283 283 284 284 284 284 284 284 284 284 284 284 284 284 284 285 285 285 286 286 286 287 286 286 286 287 287 287 286 287 288 288 288 289 289 289 289 289 289 290 290 290 290 289 290 290 290 291 292 292 292 291 290 290 290 290 290 290 290 289 289 290 290 291 291 291 291 291 291 291 291 275 275 275 275 276 276 275 274 273 272 272 272 272 273 272 271 271 270 270 270 271 271 271 271 271 272 272 272 272 272 272 272 272 272 272 272 272 272 271 271 271 271 271 271 271 271 271 271 271 272 272 272 272 272 272 272 272 272 272 272 272 273 273 273 273 273 273 273 273 273 273 274 274 274 274 274 274 274 274 274 274 274 274 274 275 275 275 274 275 275 275 275 275 275 275 275 275 275 275 275 276 276 276 276 276 276 276 276 276 276 276 276 277 277 277 277 277 277 277 277 277 277 277 278 278 278 278 278 278 278 278 278 278 279 279 279 278 279 279 279 279 279 279 279 279 279 279 279 280 280 280 279 280 280 280 281 281 281 281 281 280 280 281 281 281 281 282 281 281 281 281 281 281 281 281 281 281 281 281 281 281 281 281 282 282 282 282 282 282 282 282 282 282 282 282 283 283 283 283 283 283 282 283 283 283 282 282 282 283 283 283 283 283 283 283 283 284 284 284 284 284 284 284 284 284 284 284 285 285 285 285 284 285 285 286 286 286 287 286 286 286 287 288 287 287 287 287 288 288 288 289 289 289 289 290 291 291 290 290 289 289 290 290 291 291 291 291 291 290 290 290 290 291 290 290 290 289 289 289 290 290 291 291 291 291 291 291 291 276 276 276 276 276 275 274 274 273 273 273 273 273 273 272 271 271 270 270 271 271 271 271 271 272 272 272 272 272 272 272 272 272 272 272 272 272 271 271 271 271 271 271 271 271 272 272 272 272 272 272 272 272 272 272 272 272 272 272 272 273 273 273 273 273 273 273 273 273 273 273 274 274 274 274 274 274 274 274 274 274 275 275 275 275 275 275 275 275 276 276 275 275 275 275 275 275 275 275 276 276 276 276 276 276 276 276 276 276 276 276 277 277 277 277 277 277 277 277 277 278 278 278 278 278 278 278 278 278 278 278 278 278 279 279 279 279 279 279 279 279 279 279 279 279 280 280 280 280 280 280 279 280 280 280 281 281 281 280 280 281 281 281 281 281 281 281 281 281 281 281 281 281 281 281 281 281 281 281 281 281 281 281 282 282 282 282 281 282 282 282 282 282 282 283 283 283 283 283 283 282 283 283 283 282 282 283 283 283 283 283 283 283 283 284 284 284 284 284 284 284 284 284 284 284 285 285 285 286 286 285 285 285 285 286 286 287 286 286 286 287 288 288 288 288 288 288 289 289 289 290 290 290 291 291 291 290 290 290 289 290 290 291 291 290 290 290 291 291 290 290 292 292 292 291 290 290 290 289 289 290 291 291 290 290 291 291 292 276 275 275 274 274 273 273 273 273 272 272 272 272 272 271 270 270 271 271 271 271 272 272 272 272 272 272 272 272 272 272 272 272 272 273 271 271 271 271 272 272 272 272 272 272 272 272 272 272 272 272 272 272 272 272 272 272 272 273 273 273 273 273 273 273 273 273 273 274 274 274 274 274 274 274 274 274 274 274 275 275 275 275 275 275 275 275 276 275 276 276 275 275 275 275 275 275 275 276 276 276 276 276 276 276 276 276 276 277 276 277 277 277 277 277 277 277 277 278 278 278 278 278 278 278 278 278 278 278 279 279 279 279 279 279 279 279 279 279 279 279 279 279 279 280 280 280 280 280 279 280 280 281 281 281 281 281 281 281 281 281 281 281 281 281 281 281 281 281 281 281 281 281 281 281 281 281 281 281 281 282 281 282 282 282 282 282 282 283 283 282 283 283 283 283 283 283 283 283 283 282 282 282 283 283 283 283 283 283 283 284 284 284 284 284 284 284 284 284 284 284 284 285 284 285 285 285 285 286 285 285 285 285 286 286 286 286 287 287 287 288 288 288 288 288 289 289 289 289 290 290 290 290 290 289 290 290 290 290 290 291 291 290 290 290 290 291 290 290 291 292 291 291 291 291 291 291 290 289 290 291 290 290 291 291 291 291 292 275 275 275 274 274 273 273 272 271 271 272 271 271 270 271 271 271 271 272 272 272 272 272 272 272 272 272 272 272 272 272 273 271 272 272 272 272 272 272 272 272 272 272 272 272 272 272 272 272 272 272 272 272 273 272 273 273 273 273 273 273 273 273 273 273 274 274 274 274 274 274 274 274 274 274 274 275 275 275 275 275 275 275 275 276 276 276 276 276 276 275 275 275 275 276 276 276 276 276 276 276 276 276 277 277 277 277 277 277 277 277 277 277 277 278 278 278 278 278 278 278 278 278 278 278 278 279 279 279 279 279 279 279 279 279 279 280 280 280 279 279 280 280 280 280 280 280 280 280 280 280 280 281 281 281 281 281 281 281 281 281 281 281 281 281 281 281 281 281 281 281 281 281 281 281 281 281 281 281 282 282 282 282 282 282 282 283 283 283 283 283 283 283 283 283 283 283 282 282 283 283 283 283 283 283 284 284 284 284 284 284 284 284 284 284 284 284 284 284 284 285 285 285 285 286 286 286 286 285 285 285 286 286 286 287 287 287 287 287 287 288 289 289 289 288 289 289 290 290 290 290 290 289 290 290 290 290 290 290 290 290 290 290 290 290 290 291 291 290 290 290 291 290 291 291 290 290 291 290 290 291 291 291 291 292 292 292 275 276 275 274 273 272 271 271 271 271 271 270 271 271 271 272 272 272 272 272 272 272 272 272 272 272 272 272 272 272 271 272 272 272 272 272 272 272 272 272 272 272 271 272 272 272 272 272 272 272 272 273 272 272 272 273 273 273 273 273 273 273 273 274 274 274 274 274 274 274 274 274 274 275 275 275 275 275 275 275 275 275 276 276 276 276 276 276 276 275 275 275 275 276 276 276 276 276 277 277 277 277 276 276 277 277 277 277 277 278 278 278 278 278 278 278 278 278 278 278 278 278 278 279 279 279 279 279 279 279 279 279 279 280 280 280 280 280 280 280 280 280 280 280 280 280 280 280 280 281 281 281 281 281 281 281 281 281 281 281 281 281 281 281 282 282 281 281 281 281 281 281 281 281 281 281 281 281 282 282 282 282 282 283 283 283 282 282 283 283 282 282 282 282 282 283 283 283 283 283 283 283 283 284 284 284 284 284 284 284 284 284 284 284 284 284 285 285 285 286 286 285 285 286 286 286 286 286 286 286 285 286 286 286 286 287 287 287 288 288 288 288 288 289 290 290 291 291 291 291 290 290 290 290 290 290 290 290 290 289 289 290 290 291 292 291 290 290 290 290 290 290 290 290 290 290 290 290 291 291 291 291 292 292 292 292 274 274 274 273 272 272 271 270 270 269 269 269 270 270 270 270 270 271 271 271 271 271 271 271 271 271 271 271 271 271 271 272 272 272 272 272 272 272 272 272 271 271 271 272 272 272 272 272 272 272 272 273 273 272 272 272 273 273 273 273 273 273 274 274 274 274 274 274 274 274 274 275 275 275 275 275 275 275 275 275 275 275 275 276 275 275 275 275 275 275 275 275 275 275 276 276 276 276 277 277 276 276 276 276 277 277 277 277 277 277 277 277 277 278 278 278 278 278 278 278 278 278 278 278 278 278 279 279 279 279 279 279 279 279 279 279 280 280 280 280 280 280 279 279 279 279 279 280 280 280 280 280 280 280 280 280 280 280 280 280 280 281 281 281 281 281 281 280 280 280 280 280 280 281 281 281 281 281 281 281 281 281 281 281 282 282 282 282 282 281 281 281 282 282 282 282 282 282 283 283 283 283 283 283 283 283 283 283 283 283 283 284 284 284 283 284 284 284 284 285 285 285 285 285 285 286 285 286 286 286 286 286 286 286 286 286 286 287 288 287 287 288 288 288 288 289 290 289 289 289 289 289 289 289 289 290 290 290 290 290 289 289 289 290 291 291 290 289 289 289 289 289 289 289 289 289 289 289 290 290 290 290 290 290 291 291 273 273 273 272 271 271 270 270 270 269 269 269 270 270 270 270 271 271 271 271 271 271 271 271 271 271 271 271 271 271 272 272 272 272 272 272 271 272 272 271 271 272 272 272 272 272 273 272 273 273 274 273 273 273 273 273 273 273 274 273 273 273 274 274 274 274 274 274 274 274 275 275 275 275 275 275 275 275 275 275 275 276 275 275 275 275 276 276 276 276 275 275 275 275 276 276 277 277 277 277 277 276 277 277 277 277 277 277 277 277 278 278 278 278 278 278 278 278 278 278 278 278 278 278 278 278 279 278 279 279 279 279 279 279 279 280 280 280 280 280 280 280 280 280 280 280 280 280 280 280 280 280 280 280 280 280 280 281 281 281 281 281 281 281 281 281 281 281 280 280 280 281 281 281 282 282 282 281 281 281 281 281 281 282 282 282 281 281 281 281 282 282 282 282 282 282 283 283 283 283 283 283 283 283 283 283 283 283 283 283 283 284 284 284 284 284 284 284 284 284 285 285 286 286 286 286 286 286 286 286 286 287 286 287 287 286 287 287 287 287 288 288 288 289 290 289 289 289 289 289 290 290 290 290 290 290 291 291 290 290 290 290 290 289 290 290 289 290 289 289 290 290 290 290 290 289 289 290 290 290 290 290 290 290 291 291 273 273 273 272 271 271 270 270 270 269 269 270 270 270 270 271 271 271 271 271 271 271 271 271 271 271 272 272 271 272 272 272 272 272 272 271 271 272 271 271 272 272 272 272 272 273 273 273 273 274 273 274 273 273 273 273 273 274 274 273 273 274 274 274 274 274 274 274 274 275 275 275 275 275 275 275 275 275 275 275 276 276 276 276 276 276 276 275 276 276 275 275 275 276 276 277 277 277 277 277 277 277 277 277 277 277 277 277 278 278 278 278 278 278 278 278 278 278 278 278 278 278 278 279 279 279 279 279 279 279 279 279 279 279 279 280 280 280 280 280 279 280 280 280 280 280 280 280 280 280 280 280 280 280 280 281 281 281 281 281 281 281 281 281 281 281 281 280 280 281 281 281 282 282 282 281 281 281 281 281 281 281 282 282 282 282 281 281 282 282 282 282 282 282 283 283 283 283 283 283 283 283 283 283 283 283 283 283 283 284 284 284 284 284 284 284 285 285 285 285 285 286 286 287 287 287 287 287 287 287 287 287 287 287 287 287 287 287 287 288 288 288 289 290 290 290 289 290 289 290 291 290 290 290 291 291 291 290 290 290 290 290 290 290 290 290 291 290 290 290 290 290 290 290 289 289 290 290 290 290 290 290 291 291 291 273 272 272 272 271 270 270 270 270 269 270 270 270 270 271 271 271 271 271 271 271 271 271 271 271 271 272 272 272 272 271 271 272 272 272 272 271 272 271 272 272 272 272 272 272 272 272 272 272 272 273 273 274 274 273 273 274 274 274 274 273 274 274 274 274 275 274 275 274 274 275 275 275 275 275 275 275 275 275 275 275 276 276 276 276 276 276 276 276 276 276 276 276 276 276 277 277 277 277 277 277 277 277 277 277 277 277 278 278 278 278 278 278 278 278 278 278 278 278 278 278 278 278 279 279 279 279 279 279 279 279 279 279 279 279 280 280 280 280 280 280 280 280 280 280 280 280 280 280 280 280 280 281 281 281 281 281 281 281 281 281 281 281 281 281 281 280 280 280 281 281 282 282 282 282 282 281 281 281 281 281 281 281 282 282 282 282 282 282 282 282 282 282 283 283 283 283 283 283 283 283 283 283 283 283 283 283 284 284 284 284 284 284 284 284 284 284 284 285 285 286 286 287 287 287 287 287 287 288 288 287 288 287 287 288 287 287 288 288 288 288 289 289 290 290 290 290 290 290 290 290 290 290 290 291 290 290 290 290 290 290 290 290 290 290 291 292 291 291 290 290 290 290 290 289 289 289 290 290 290 290 291 291 291 271 271 271 270 270 269 269 270 270 270 270 271 271 271 271 271 271 271 271 271 271 271 271 271 271 272 271 271 271 272 272 272 272 272 272 272 272 272 272 272 272 272 272 272 272 272 272 272 273 274 274 274 274 274 274 274 275 274 274 274 274 274 275 275 275 275 275 275 275 275 275 275 275 275 275 275 275 275 275 275 275 276 276 276 276 277 276 276 276 276 276 276 276 276 277 277 277 277 277 277 277 277 277 277 278 278 278 278 278 278 278 278 278 278 278 278 278 278 279 279 279 279 279 279 279 279 279 279 280 280 280 280 279 280 280 280 280 280 280 280 280 280 280 281 280 280 280 280 280 281 281 281 281 281 281 281 281 281 281 281 281 281 281 281 281 280 280 281 281 282 282 282 282 282 282 282 281 281 281 281 281 282 282 282 282 282 282 282 283 283 283 283 283 283 283 283 283 283 283 283 283 283 283 283 284 284 284 284 284 284 284 284 284 284 285 285 285 285 286 286 287 286 287 287 287 287 287 288 288 288 288 288 288 287 288 288 288 289 289 289 290 290 290 290 291 291 291 291 290 291 290 291 291 291 291 290 290 290 291 291 290 290 291 291 291 292 291 291 291 290 290 290 290 290 290 290 290 290 290 291 291 271 270 270 270 270 270 269 269 269 270 270 270 271 271 271 271 271 271 271 271 271 271 271 271 272 272 272 272 271 271 271 272 272 272 272 272 272 272 272 272 272 272 272 272 272 272 272 272 273 273 273 274 274 274 274 274 274 274 274 274 274 274 274 274 275 275 275 275 275 275 275 275 275 275 275 275 275 275 275 275 275 275 276 276 276 276 277 277 277 277 276 276 276 276 276 277 276 277 277 277 277 277 277 277 277 278 278 278 278 278 278 278 278 278 278 278 279 279 279 279 279 279 279 279 279 279 279 279 280 280 280 280 280 280 280 280 281 281 280 280 280 280 280 280 280 281 281 280 280 280 281 281 281 281 281 281 281 281 281 281 281 282 282 282 282 281 281 281 281 281 282 282 282 282 282 282 282 282 281 282 281 281 282 282 282 282 282 282 282 283 283 283 283 283 283 283 283 283 283 283 283 283 283 283 283 283 284 284 284 284 284 284 285 284 284 284 285 285 285 286 287 287 286 287 288 288 288 288 288 288 289 289 289 288 288 289 289 289 289 290 290 290 290 289 290 290 290 291 291 291 291 291 291 291 291 291 290 290 291 291 291 290 290 291 291 292 291 291 290 290 290 290 290 290 290 290 290 290 290 291 291 291 270 270 270 270 271 270 270 270 270 271 271 271 271 271 271 271 271 271 271 271 271 272 272 272 272 272 272 272 272 272 272 272 272 272 272 272 272 272 272 272 272 272 273 273 273 273 272 273 273 274 274 274 274 273 274 274 274 274 274 274 274 274 274 274 275 275 275 275 275 275 275 275 275 275 276 275 275 275 275 276 276 276 276 276 276 276 276 276 276 276 276 276 277 277 277 276 277 277 277 277 277 277 278 278 278 278 278 278 278 278 278 278 279 279 279 279 279 279 279 279 279 279 279 279 279 279 279 280 280 280 280 280 280 280 281 281 280 280 280 280 280 280 280 281 281 281 280 280 281 281 281 281 281 281 281 281 281 281 282 282 282 282 282 281 281 281 281 282 282 282 282 282 282 282 282 282 282 282 282 281 281 282 282 282 282 282 282 282 282 283 283 283 283 283 283 283 283 283 283 283 283 283 283 284 284 284 284 284 284 284 285 285 285 285 285 286 286 287 287 287 286 287 287 287 288 288 289 289 289 289 289 289 289 289 290 290 290 289 290 290 290 289 290 290 290 290 290 290 291 291 291 291 291 290 290 290 291 291 291 291 291 291 291 291 291 290 290 290 290 290 290 290 291 291 290 290 290 290 291 291 271 271 270 270 270 270 270 270 270 271 271 271 271 271 271 271 271 271 271 271 271 272 272 272 272 272 272 272 272 272 272 272 272 272 272 272 272 272 272 272 272 273 273 273 273 273 273 273 273 273 274 273 273 273 274 274 274 275 275 275 274 274 274 274 274 275 275 275 275 275 275 275 275 275 275 275 275 276 275 276 276 276 276 276 276 276 276 276 277 277 277 277 277 277 277 277 277 277 277 277 277 277 278 278 278 278 278 278 278 278 279 279 279 279 279 279 279 279 279 279 279 279 279 279 279 279 279 280 280 280 280 280 280 280 281 281 281 280 280 280 280 280 280 280 281 281 281 281 281 281 281 281 281 281 282 281 281 281 282 281 282 281 281 281 281 281 282 282 282 282 282 282 282 282 282 282 282 282 282 282 282 282 282 282 282 282 282 282 283 283 283 283 283 283 283 283 283 283 283 283 284 284 284 284 284 284 284 285 285 284 285 285 285 285 285 285 286 287 287 287 286 286 286 286 287 288 288 289 289 289 288 289 289 290 289 290 290 290 289 290 290 289 290 290 290 290 290 291 291 291 291 291 291 290 290 291 291 291 291 291 291 292 291 291 291 291 290 290 290 290 290 290 291 291 290 290 290 290 291 291 270 270 269 270 270 270 271 271 271 271 271 271 271 271 271 271 271 271 271 272 272 272 272 272 272 272 272 272 272 272 272 272 272 272 272 272 272 272 273 273 273 273 273 273 273 273 273 273 273 273 273 273 274 274 275 275 275 275 274 274 274 274 274 274 275 275 275 275 275 276 276 276 275 275 275 275 275 276 276 276 276 276 276 277 277 277 277 277 277 277 277 277 277 277 277 277 277 277 278 278 278 278 278 278 278 278 278 278 279 279 279 279 279 279 279 279 279 279 279 279 279 279 279 279 280 280 280 280 280 280 280 281 281 281 281 280 280 281 280 280 281 281 280 281 281 281 281 281 281 281 281 282 281 281 281 281 281 281 281 281 281 281 281 281 282 282 282 282 282 282 282 282 282 282 282 282 282 282 282 282 282 282 282 283 283 283 283 283 283 283 283 283 283 283 283 283 283 283 284 284 284 284 284 284 284 285 285 285 285 285 285 285 285 286 286 286 287 286 286 286 287 287 287 287 288 289 289 289 288 288 289 290 290 289 289 290 290 289 290 289 290 290 289 290 290 290 290 291 291 291 291 291 291 291 291 292 292 292 292 293 292 292 291 290 290 290 290 290 290 291 291 291 291 291 290 290 291 270 270 270 270 270 271 271 271 271 271 271 271 271 271 271 271 271 272 272 272 272 272 272 272 272 272 272 272 272 272 272 272 272 272 272 272 272 272 273 273 273 273 273 273 273 273 273 273 273 273 273 273 274 274 275 275 275 275 274 274 274 274 274 274 274 275 275 275 275 275 275 276 276 275 275 275 276 276 276 276 276 276 276 276 276 276 277 277 277 277 277 277 277 277 277 277 277 277 278 278 278 278 278 278 278 278 278 279 279 279 279 279 279 279 279 279 279 279 279 279 279 280 280 280 279 280 280 280 280 280 280 280 280 280 280 280 280 280 281 281 281 281 281 281 281 281 281 281 281 281 281 281 281 281 281 281 281 282 282 281 282 281 281 281 282 282 282 282 282 283 283 282 283 282 282 282 282 282 282 282 282 282 283 283 283 283 283 283 283 283 283 283 283 283 284 284 283 283 284 284 284 284 284 284 284 285 285 285 285 285 285 285 285 286 286 286 286 286 286 287 287 288 288 288 289 289 289 289 289 288 289 289 290 289 290 290 289 289 290 289 290 289 290 290 290 290 290 291 291 291 292 291 291 292 292 292 292 292 293 293 293 292 291 290 290 291 290 290 290 291 291 291 291 290 290 290 290 270 270 270 270 270 271 271 271 271 271 271 271 271 271 271 271 271 271 272 272 272 272 272 272 272 272 272 272 272 272 272 273 272 272 272 272 273 273 273 273 273 273 273 273 273 273 273 273 273 273 273 273 274 274 274 275 275 275 275 275 275 275 274 275 275 274 274 274 275 275 275 276 276 275 275 276 276 276 276 276 276 276 276 276 276 277 277 278 278 278 278 277 277 277 277 277 277 277 278 278 278 278 278 278 278 278 278 278 279 279 279 279 279 279 279 279 279 279 279 280 280 280 280 279 280 280 280 280 280 280 280 280 280 280 280 280 280 280 281 281 281 281 281 281 281 281 281 281 281 281 281 281 281 282 282 282 282 282 283 282 282 282 282 281 282 282 282 282 282 283 283 283 283 282 282 282 282 282 282 282 282 283 283 283 283 283 283 283 283 283 283 283 283 284 284 283 283 283 284 284 284 284 285 285 285 285 285 285 285 285 285 285 286 286 286 286 286 286 286 287 287 287 287 288 289 289 288 289 289 289 288 289 289 289 290 290 290 289 289 289 289 290 290 291 291 290 290 290 291 291 292 292 292 291 292 292 291 292 292 292 292 292 291 291 291 291 290 290 290 290 290 290 291 290 290 290 270 270 270 270 270 270 270 270 270 271 271 271 271 271 271 272 272 271 271 271 272 272 272 272 272 272 272 272 272 272 272 272 272 272 272 273 272 273 273 273 273 273 273 273 273 273 273 273 274 274 274 273 274 273 273 274 274 274 275 275 275 275 275 275 275 275 275 275 275 274 275 275 276 276 276 275 276 276 276 276 276 276 276 276 276 276 276 277 277 277 278 277 277 277 277 277 277 277 277 277 277 278 278 278 278 278 278 278 278 278 279 279 279 279 279 279 279 279 280 280 280 280 280 280 280 280 280 280 280 280 280 280 280 280 280 280 280 280 280 280 281 281 281 281 281 281 281 281 281 281 281 282 282 282 281 282 282 282 282 282 282 282 282 282 281 281 282 282 282 282 282 283 283 283 283 282 282 282 282 282 282 283 283 283 283 283 283 283 283 283 283 283 283 283 283 284 284 284 284 284 284 284 284 284 285 284 285 285 285 285 285 286 286 286 286 285 286 286 286 286 286 286 286 286 287 288 288 288 287 288 288 289 289 288 288 289 289 289 289 289 290 290 290 290 290 290 291 291 290 290 291 291 292 292 291 291 291 292 291 292 292 291 292 291 292 292 291 291 290 290 290 290 291 291 291 291 291 291 271 270 270 270 270 270 270 270 270 271 271 271 271 271 271 272 272 272 272 272 272 272 272 272 272 272 272 272 272 273 273 273 272 273 273 273 273 273 273 273 273 273 273 273 273 274 273 274 274 274 274 274 273 274 274 274 274 275 275 275 275 275 275 275 275 275 275 275 275 274 275 275 275 276 275 275 276 276 276 276 276 276 276 276 276 276 277 277 277 277 277 277 277 278 278 278 278 277 277 277 278 278 278 278 278 278 278 279 279 279 279 279 279 279 279 280 280 280 280 280 280 280 280 280 280 280 280 280 280 280 280 280 280 280 280 280 281 281 281 281 281 281 281 281 281 281 281 281 282 282 282 282 282 282 282 282 282 282 282 282 282 282 282 282 281 282 282 282 283 283 283 282 282 282 282 282 282 282 282 283 283 283 283 283 283 283 283 283 283 283 284 283 284 284 284 284 284 284 284 284 284 284 284 284 284 285 285 285 285 285 285 285 285 285 285 286 286 286 286 286 286 286 287 287 288 288 287 287 287 287 288 288 288 289 289 290 290 290 290 290 290 290 290 290 290 290 291 291 290 291 291 292 292 292 291 291 291 291 291 291 291 291 291 291 291 292 291 290 290 290 291 291 291 291 271 271 271 270 270 271 270 270 270 271 271 271 271 271 272 272 272 272 272 272 272 272 272 272 272 272 272 272 273 273 273 273 273 273 273 273 273 273 273 273 273 273 273 273 274 273 274 274 274 274 274 274 274 274 274 274 274 275 275 275 275 275 275 275 275 275 275 275 275 275 275 275 276 275 275 276 276 276 276 276 276 276 276 276 276 277 277 277 277 277 278 278 278 278 278 277 277 277 278 278 278 278 278 278 278 279 279 279 279 279 279 279 279 280 280 280 280 280 280 280 280 280 280 280 280 280 280 280 280 280 280 280 280 280 280 281 281 281 281 281 281 281 281 281 281 281 281 281 281 282 282 282 282 282 282 282 282 282 282 283 282 282 282 282 282 282 282 283 283 283 282 282 282 282 282 282 283 283 283 283 283 283 283 283 284 284 283 283 284 284 284 284 284 284 284 284 284 284 284 284 284 284 284 285 285 285 285 285 285 285 285 285 285 285 285 285 286 286 286 286 286 286 287 288 287 287 287 287 288 288 289 289 289 289 290 290 290 290 290 290 290 290 291 290 290 291 291 291 291 292 292 292 291 291 292 292 292 291 292 291 291 291 290 291 291 291 290 290 291 291 291 271 271 271 271 270 270 271 271 271 271 271 271 272 272 272 272 272 272 272 272 272 272 272 272 272 273 273 273 273 273 273 273 273 273 273 273 273 273 273 273 273 273 273 274 274 274 274 274 274 274 274 274 274 274 274 274 274 275 275 275 275 275 275 275 275 275 275 275 275 275 276 275 275 276 276 276 276 276 276 276 276 276 277 277 277 277 277 278 278 279 278 278 278 278 278 278 278 278 278 278 278 278 278 279 279 279 279 279 279 279 280 280 280 280 280 280 280 280 280 280 280 280 280 280 280 280 280 280 280 280 280 281 281 281 281 281 281 281 281 281 281 281 281 281 281 282 281 281 281 282 282 282 282 282 282 282 282 283 282 282 282 282 282 282 282 283 283 283 282 282 282 282 282 282 283 283 283 283 283 283 283 283 283 284 284 284 284 284 284 285 284 284 284 284 284 284 284 284 284 284 284 285 285 285 285 285 285 285 285 285 285 285 285 286 286 286 286 286 286 286 286 287 287 287 287 288 288 289 289 290 289 289 290 291 291 290 291 290 290 291 291 291 290 290 291 291 292 292 292 292 292 292 293 292 292 292 292 292 292 292 291 291 291 291 291 291 292 292 272 272 271 271 270 271 271 271 271 271 271 271 272 272 272 272 272 272 272 272 272 272 272 272 273 273 273 273 273 273 273 273 273 273 273 273 273 273 273 273 274 273 273 274 274 274 274 274 274 274 274 274 274 275 275 274 274 275 275 275 275 275 275 275 275 275 275 275 276 276 276 275 276 276 276 276 276 276 276 276 276 276 277 277 277 278 277 278 278 279 278 278 278 278 278 278 279 279 278 278 278 278 278 279 279 279 279 279 279 280 280 280 280 280 280 280 280 280 280 280 280 280 280 280 280 280 280 280 280 281 281 281 281 281 281 281 281 281 281 281 281 281 281 281 281 282 282 281 281 282 282 282 282 282 282 283 283 283 283 283 282 282 282 282 283 283 283 283 283 283 283 283 283 283 283 283 283 283 283 283 283 283 284 284 284 284 284 285 285 285 284 284 284 284 284 284 284 284 285 284 285 285 285 285 285 285 285 285 285 285 286 285 286 286 286 286 286 287 286 286 286 287 287 287 288 289 288 288 289 290 290 290 290 291 290 290 291 290 291 291 292 291 290 290 291 292 292 292 292 292 292 292 292 291 291 291 291 291 292 291 291 291 291 292 293 272 272 271 272 272 271 271 271 271 271 271 271 271 272 272 272 272 272 272 272 272 272 272 272 273 273 273 273 273 273 273 273 273 273 273 273 273 273 273 273 273 274 274 274 274 274 274 274 274 274 274 274 275 275 275 275 275 275 275 275 275 275 275 275 275 275 275 276 276 276 276 276 276 276 276 276 276 276 276 276 277 277 277 277 278 278 278 278 279 278 278 278 278 278 278 278 278 278 279 279 279 278 278 278 279 279 279 279 279 279 280 280 280 280 280 280 280 280 280 280 280 280 280 280 280 280 280 281 281 281 281 281 281 281 281 281 281 281 281 281 281 281 281 281 282 282 282 282 282 281 282 282 282 282 283 283 283 283 283 283 283 283 283 283 283 283 283 283 283 283 283 283 283 283 283 283 283 283 283 283 283 283 284 284 284 284 285 284 285 285 284 284 284 284 284 284 284 285 285 285 285 285 286 285 285 285 285 285 285 286 286 286 286 286 286 286 287 287 287 286 286 286 287 288 288 289 288 288 289 289 290 290 290 291 290 290 291 291 291 291 292 291 290 292 291 292 292 292 291 291 291 291 291 291 290 291 291 291 291 291 291 292 272 271 271 271 271 271 271 271 271 271 271 271 271 272 272 272 272 272 272 272 272 273 273 273 273 273 273 273 273 273 273 273 273 273 273 273 273 273 273 274 274 274 274 274 274 274 274 274 274 274 274 275 275 275 275 275 275 275 275 275 275 275 275 275 275 276 276 276 276 276 276 276 276 276 276 276 276 276 276 276 277 277 277 277 278 278 278 279 279 278 278 278 278 278 279 279 279 278 279 279 279 279 278 278 279 279 279 279 279 279 280 280 280 280 280 280 280 280 280 280 280 280 280 280 280 280 281 281 281 281 281 281 281 281 281 281 281 282 282 282 282 281 282 282 281 282 282 282 282 282 282 282 282 282 283 283 283 283 283 283 283 283 283 283 283 283 283 283 283 284 284 283 283 283 283 283 283 283 284 283 283 283 283 284 284 284 285 284 284 284 284 284 284 284 284 284 284 285 285 285 285 285 285 285 285 285 286 286 286 286 287 287 286 287 286 287 287 287 287 287 287 287 287 287 288 288 288 289 289 289 290 290 291 291 291 291 291 291 291 292 292 291 291 291 291 292 292 291 291 291 292 291 291 291 291 291 291 291 291 292 292 271 271 271 271 271 271 271 271 271 271 271 271 271 272 272 272 272 272 272 272 273 273 273 273 273 273 273 273 273 273 273 273 273 273 273 273 273 274 274 274 274 274 274 274 274 274 274 274 274 274 275 275 275 275 275 275 275 275 275 275 275 275 275 276 276 276 276 276 276 276 276 276 276 276 276 276 276 276 276 276 277 277 277 277 277 277 277 279 279 278 278 278 278 278 279 280 279 279 279 279 278 278 278 278 278 279 279 279 279 279 280 280 280 280 280 280 280 280 280 280 281 280 280 280 280 281 281 281 281 281 281 281 281 281 281 282 282 282 282 282 282 282 282 282 282 282 282 282 282 282 281 282 282 283 283 283 283 283 283 283 283 283 283 283 283 283 283 283 283 284 283 283 283 283 283 283 283 284 284 284 284 284 284 284 284 284 284 284 284 284 284 284 284 284 285 285 285 285 285 285 285 284 285 285 285 286 286 286 287 287 287 287 287 287 287 287 287 287 287 287 287 287 287 288 288 288 288 288 289 290 290 290 291 291 291 290 290 290 291 291 291 291 291 291 291 291 291 291 291 291 291 291 291 292 291 291 291 292 292 271 271 271 272 271 271 271 271 271 272 272 272 271 271 272 272 272 272 272 273 273 273 273 273 273 273 273 273 273 273 273 273 273 274 273 274 274 274 274 274 274 274 274 274 274 274 274 274 274 274 275 275 275 275 275 275 275 275 275 275 275 275 276 276 276 276 276 276 276 276 276 276 276 276 276 277 277 277 277 277 277 277 277 277 278 278 278 279 279 279 278 278 278 278 279 279 278 279 279 279 279 279 278 278 278 279 279 279 279 279 279 280 280 280 280 280 280 280 280 280 280 280 280 280 281 281 281 281 281 281 281 281 281 281 282 282 282 282 282 282 282 282 282 282 282 282 282 282 282 282 282 282 282 282 282 283 283 283 283 283 283 283 283 283 283 283 283 283 283 283 283 283 283 283 283 283 284 284 284 284 284 284 284 284 284 284 285 285 284 284 284 284 284 285 285 285 285 285 285 284 284 285 285 285 286 287 287 288 288 288 288 288 288 288 288 288 288 287 287 287 287 288 289 288 288 289 289 290 290 291 291 290 290 291 291 291 291 291 291 291 291 291 291 291 292 292 291 292 292 292 293 272 272 272 272 271 272 272 271 272 272 273 272 272 272 272 272 272 272 272 273 273 273 273 273 273 273 273 273 273 273 273 274 274 274 274 274 274 274 274 274 274 274 274 274 274 274 274 274 274 275 275 275 275 275 275 275 275 275 275 275 275 276 276 276 276 276 276 276 276 276 276 276 276 276 276 277 277 277 277 277 277 277 277 277 278 278 279 280 280 279 278 278 278 278 279 279 278 279 280 280 279 279 279 279 279 279 279 279 279 279 279 280 280 280 280 280 280 280 280 280 280 280 280 280 281 281 281 281 281 281 281 281 281 281 282 282 282 282 282 282 281 282 282 282 282 282 282 283 283 282 282 282 282 282 282 283 283 283 283 283 283 283 284 284 284 283 283 283 283 283 283 283 283 283 283 284 284 284 284 284 284 284 284 284 284 284 285 284 284 284 284 284 284 285 285 285 285 285 284 284 285 285 286 286 286 287 287 287 288 288 288 288 287 287 287 287 287 288 287 288 288 289 288 288 289 289 290 291 291 292 292 292 292 292 292 292 292 292 292 272 272 273 272 273 273 272 272 272 272 272 273 273 273 273 273 273 273 273 273 273 273 273 274 274 274 274 274 274 274 274 274 274 274 274 274 274 274 274 274 275 275 275 275 275 275 275 275 275 275 275 275 276 276 276 276 276 276 276 276 276 277 277 276 276 277 277 277 277 277 277 277 277 277 277 277 277 278 279 279 280 280 279 279 280 279 280 279 279 280 280 280 280 279 279 279 279 279 279 279 279 279 279 280 280 280 280 280 280 280 280 281 281 280 280 281 281 281 281 281 281 281 281 281 281 281 282 282 282 282 282 282 281 282 282 282 282 282 282 283 283 283 282 282 282 282 282 283 283 283 283 283 283 283 284 284 284 283 283 283 283 283 283 283 283 283 284 284 284 284 284 284 284 284 284 284 284 285 285 284 284 284 284 285 285 285 284 284 285 285 285 286 287 287 288 288 289 288 288 288 288 288 288 288 288 287 288 289 289 289 289 290 291 292 292 292 273 272 273 272 272 273 273 273 273 273 273 273 273 273 273 273 273 273 274 274 274 274 274 274 274 274 274 274 274 274 274 274 274 274 274 275 275 275 275 275 275 275 275 275 275 276 276 276 276 276 276 276 276 277 277 277 277 276 276 277 277 277 277 277 277 277 277 277 278 278 278 278 279 280 280 281 280 281 281 280 280 279 279 280 281 281 281 280 280 279 280 279 279 279 279 279 279 280 280 280 280 280 280 281 281 281 281 281 281 281 281 281 281 281 281 281 281 281 281 281 281 281 281 282 282 282 282 282 282 282 282 282 282 282 283 283 283 283 282 282 282 283 283 283 284 283 283 284 284 284 284 283 283 283 283 283 283 283 283 284 284 284 284 284 284 284 284 284 284 284 284 285 285 285 285 284 284 284 284 284 284 285 286 286 287 287 287 288 288 288 288 288 288 288 288 288 288 288 288 289 273 273 273 273 273 273 273 273 274 274 274 273 273 273 273 273 274 274 274 274 274 274 274 274 274 274 274 274 274 274 274 274 274 274 275 275 275 275 275 275 275 275 276 276 276 276 276 276 276 276 276 276 277 277 277 276 276 276 276 276 277 277 277 277 277 277 277 278 278 279 279 279 280 281 280 280 280 281 281 281 281 281 280 280 280 280 280 279 279 279 279 279 279 279 280 280 280 280 280 280 280 280 281 281 281 281 281 281 281 281 281 281 281 281 281 281 281 281 281 281 282 282 282 282 282 282 282 282 282 282 282 282 283 283 283 283 283 282 282 282 283 283 284 284 284 284 284 283 284 283 283 283 283 283 283 283 284 284 284 284 284 284 284 284 284 284 284 284 284 285 285 285 285 284 285 286 287 287 288 288 288 288 289 273 273 273 273 273 273 274 274 274 273 273 273 273 273 273 274 274 274 274 274 274 274 274 274 274 274 274 274 274 274 274 275 275 275 275 275 275 275 276 276 276 276 276 276 276 276 276 276 276 276 276 276 276 276 276 276 276 276 276 277 277 277 278 278 278 278 278 279 280 281 280 279 279 279 280 281 281 281 280 279 279 280 280 279 279 279 279 279 279 279 280 280 280 280 280 280 280 280 281 280 281 281 281 281 281 281 281 281 281 281 281 281 281 281 281 281 282 282 282 282 282 282 282 282 282 282 282 282 282 283 283 283 283 283 282 282 282 282 283 284 284 284 284 283 283 284 284 283 283 283 283 283 283 284 284 284 284 284 284 284 284 284 284 284 285 285 284 284 284 274 274 273 273 273 273 273 274 274 273 273 273 272 273 273 273 273 274 274 274 274 274 274 274 274 274 275 274 274 274 274 275 275 275 275 275 275 275 276 276 276 276 276 276 276 276 276 276 276 276 276 276 276 276 276 276 276 276 277 277 277 277 277 278 279 279 278 279 279 281 280 280 279 279 279 280 280 281 281 280 279 280 280 280 280 280 280 280 280 280 280 280 280 280 280 280 280 281 281 281 281 281 281 281 281 281 281 281 281 281 281 281 281 281 281 281 282 282 282 282 282 282 282 282 282 282 282 282 283 283 283 283 283 283 283 282 282 283 283 283 284 284 284 284 284 284 284 284 283 283 283 284 284 284 284 284 284 284 284 284 284 284 285 285 285 285 284 273 274 274 274 274 274 274 274 273 273 273 273 273 273 274 274 274 274 274 274 274 275 275 275 275 275 275 275 275 275 275 275 276 276 276 276 276 276 276 276 276 276 276 276 276 276 276 276 276 276 276 277 276 277 277 278 278 277 278 277 278 279 280 280 280 280 281 281 280 280 280 279 279 280 281 281 280 279 280 280 280 280 280 280 280 280 280 280 280 280 280 280 280 280 281 281 281 281 281 281 281 281 281 281 281 281 281 281 282 282 282 281 282 282 282 282 282 282 282 283 283 282 282 282 283 283 283 283 284 283 283 283 283 283 283 283 284 284 284 283 283 283 283 283 283 283 284 284 284 284 284 284 284 284 284 284 284 285 285 285 285 275 275 275 274 274 274 274 274 273 273 273 273 274 274 274 274 275 275 275 275 275 275 275 274 275 275 275 275 276 276 276 276 276 276 276 276 276 276 276 276 276 276 277 277 277 277 277 278 278 278 279 279 278 278 279 279 279 279 281 281 281 281 281 280 280 280 280 280 279 280 280 281 280 280 279 280 280 280 280 280 279 279 280 280 280 280 280 280 280 280 281 281 281 281 281 281 281 281 281 281 281 281 282 282 282 282 282 282 282 282 282 282 282 282 283 283 283 283 284 284 284 283 283 283 283 284 283 284 284 284 283 283 283 284 284 284 283 284 283 284 284 284 284 284 284 284 284 284 285 285 285 276 275 275 275 274 274 274 273 273 273 274 274 273 274 274 275 275 275 275 274 274 274 275 275 275 275 276 276 276 276 276 276 276 276 276 276 276 276 276 276 276 277 278 278 278 279 279 279 279 280 279 278 279 279 280 280 280 281 280 280 281 281 280 279 279 279 280 280 280 280 280 280 280 279 279 279 279 279 279 279 280 280 280 280 280 280 280 280 280 280 280 281 281 281 280 281 281 281 282 282 282 282 282 282 282 281 282 282 282 282 283 283 282 282 283 284 284 284 283 283 283 283 284 284 284 284 284 284 284 284 284 284 284 284 283 283 284 284 284 284 284 284 285 285 285 285 276 276 275 275 274 274 273 273 274 275 274 273 274 275 275 275 275 274 274 275 275 275 275 276 276 276 276 276 276 276 276 276 276 276 276 276 276 276 276 276 277 278 278 278 279 279 280 281 281 280 279 280 281 280 280 280 280 280 280 280 281 281 281 280 280 280 280 280 280 280 280 280 280 279 280 280 280 280 280 280 280 280 280 280 280 280 280 280 280 280 280 281 281 280 281 281 281 281 282 282 282 282 282 282 282 282 282 283 283 282 283 283 283 283 283 284 283 283 283 284 284 284 284 284 284 284 284 283 284 284 284 284 284 284 276 275 275 275 275 275 275 275 274 274 275 275 275 275 275 275 275 275 275 275 276 276 276 276 276 276 276 276 276 276 276 276 276 276 276 277 277 277 277 277 278 277 278 279 279 280 281 281 281 281 282 281 280 280 279 279 280 280 280 280 280 281 280 280 280 280 280 280 280 280 280 280 280 280 280 281 281 281 281 281 280 280 280 280 280 280 280 280 280 280 281 280 281 281 281 281 282 282 282 282 282 282 282 282 282 282 283 283 284 284 284 284 284 283 284 284 284 284 284 276 276 276 276 275 275 275 275 275 275 275 275 274 275 275 275 275 275 275 276 276 276 276 276 276 276 276 277 277 276 276 276 276 276 276 277 277 278 278 279 278 278 279 280 281 282 282 282 282 282 281 281 281 280 280 280 280 280 280 280 281 280 280 280 280 280 280 281 281 281 282 281 280 281 282 282 282 282 281 280 280 280 280 280 280 280 280 280 280 280 280 281 281 281 281 282 282 282 282 282 282 282 282 282 282 282 285 285 284 284 276 278 278 277 277 276 275 275 275 275 275 275 275 275 275 275 275 275 276 276 276 276 276 276 276 276 277 277 277 277 276 276 276 277 277 277 277 278 279 279 279 279 279 280 281 281 281 281 281 281 281 280 281 281 281 281 280 280 280 280 280 280 280 280 281 281 281 281 282 281 282 282 282 281 282 283 282 282 282 281 281 281 281 281 281 281 281 281 280 280 280 280 281 281 282 282 282 282 282 282 282 282 282 283 283 278 278 278 277 276 275 275 275 275 275 275 275 275 275 275 276 276 276 276 276 276 276 276 277 277 277 276 276 276 276 277 277 278 278 277 278 278 279 280 280 280 280 282 282 281 280 280 280 280 280 280 280 281 281 281 280 280 280 280 280 281 281 281 281 281 281 281 282 283 283 283 282 283 284 283 283 283 282 282 281 281 281 281 281 281 281 281 281 280 281 281 281 282 282 282 282 282 282 282 282 283 279 278 277 276 275 275 275 275 275 275 275 275 275 275 276 276 276 276 276 276 276 276 276 276 276 276 276 276 277 277 278 278 278 278 279 279 280 280 281 281 282 282 281 281 280 280 280 280 280 280 280 280 280 280 280 280 280 281 280 281 281 281 281 282 282 282 282 283 284 284 284 285 285 283 282 282 282 282 281 281 282 282 281 281 281 281 280 280 281 281 281 281 281 282 282 282 283 282 283 278 277 276 275 275 275 275 275 275 275 275 275 275 275 276 276 276 276 276 276 276 276 276 276 276 276 277 276 276 277 278 278 278 279 279 280 280 280 280 280 281 282 282 282 281 281 281 281 281 280 280 280 280 281 281 280 281 281 281 281 282 281 282 283 283 283 283 284 285 284 283 282 281 281 281 281 282 282 282 282 281 281 281 280 281 281 281 281 282 281 282 283 283 276 276 275 274 274 274 275 275 275 275 275 275 275 276 276 276 276 276 276 276 276 276 276 276 276 277 277 276 276 276 277 277 279 280 280 280 280 279 279 280 281 282 282 283 283 283 283 282 282 282 282 281 281 281 281 281 281 281 281 281 282 283 282 283 284 285 284 285 281 281 281 281 282 282 282 282 281 281 280 280 281 281 281 282 282 282 282 283 274 274 275 275 275 274 274 275 275 275 276 276 275 275 275 275 276 276 276 276 276 276 276 277 277 277 277 277 277 277 277 277 278 279 279 279 278 279 279 279 280 280 281 281 281 281 281 282 282 282 283 283 282 281 282 282 281 282 282 283 283 284 285 285 281 281 281 281 282 282 282 282 281 281 280 280 280 281 281 282 282 282 282 282 274 274 275 275 274 274 274 275 275 276 275 275 275 275 275 275 275 276 276 276 276 277 277 277 278 278 278 278 278 278 278 277 277 277 278 278 278 278 278 279 279 279 279 279 279 279 280 280 280 281 281 282 282 281 282 283 282 283 283 283 284 284 286 281 281 281 281 281 281 282 282 281 281 280 280 280 280 281 281 281 281 281 274 274 274 274 274 274 275 275 275 275 276 276 276 275 276 276 276 276 276 276 276 277 277 279 279 279 278 278 278 278 278 278 278 278 278 278 278 278 278 279 278 279 279 279 280 280 280 280 281 281 282 282 282 282 283 283 283 284 284 285 286 281 281 281 282 282 281 281 281 280 280 280 280 280 280 281 281 281 274 274 274 274 275 275 274 274 275 275 275 276 276 276 276 276 277 276 276 276 276 276 277 278 278 278 279 279 279 279 279 279 278 278 279 279 279 279 279 279 279 280 279 280 281 281 281 281 282 282 283 282 283 284 283 284 284 285 285 281 282 282 282 282 281 282 282 281 281 281 280 280 280 281 281 274 275 275 276 275 276 276 276 276 276 276 277 277 277 277 278 277 277 277 277 277 277 277 278 278 279 280 280 279 279 278 279 279 278 279 279 280 280 279 280 280 280 280 281 282 282 282 283 283 284 284 284 285 285 286 286 286 281 282 282 282 282 282 282 282 282 282 281 280 280 280 281 276 276 276 276 277 277 277 277 277 277 278 278 278 278 279 279 279 279 279 278 278 278 278 279 280 281 280 279 279 279 280 280 279 279 279 279 280 280 280 281 282 281 282 283 284 284 285 285 285 285 285 286 286 281 281 281 281 282 282 281 281 281 281 280 280 280 276 277 277 277 277 277 278 278 278 278 278 279 279 279 279 279 280 280 280 280 280 280 280 280 280 280 280 280 280 279 280 281 280 280 280 279 279 280 281 282 283 283 284 285 285 285 286 281 281 281 282 282 281 281 281 281 281 280 278 278 278 278 278 279 279 278 278 278 279 279 279 280 280 280 280 280 280 280 280 280 280 280 280 281 281 281 280 280 281 281 281 280 279 279 280 280 281 282 283 284 286 286 281 282 282 282 282 282 282 281 281 281 281 279 279 279 280 279 279 279 278 278 279 279 279 280 280 280 280 280 280 280 280 280 280 280 280 280 281 281 281 280 280 281 282 281 280 280 280 280 281 282 282 282 284 281 282 282 282 282 282 282 282 281 281 281 280 279 280 280 280 280 279 279 278 278 279 279 280 280 280 280 280 280 280 280 280 280 280 281 281 281 281 282 282 281 281 280 281 282 282 282 282 282 282 283 283 284 281 282 281 281 282 282 282 282 282 282 282 281 281 281 280 279 279 279 279 279 279 279 279 279 280 280 280 280 280 280 280 280 280 280 281 281 282 282 282 282 282 282 281 282 283 284 284 284 284 284 284 284 281 281 281 281 282 282 282 282 281 281 280 279 278 278 279 279 279 279 279 279 280 280 280 280 280 280 280 281 281 281 282 282 283 283 283 283 283 282 282 283 285 281 282 281 282 282 282 282 280 279 278 278 278 279 279 279 279 279 280 280 280 280 280 281 281 281 281 282 282 283 284 284 284 284 284 283 284 284 282 282 281 280 279 278 278 278 279 279 279 279 279 279 280 280 280 280 281 281 282 282 283 283 283 284 285 281 280 280 279 278 278 278 278 279 279 280 279 279 279 280 280 281 281 281 281 282 283 283 284 283 284 285 279 279 278 278 278 278 279 279 279 279 279 279 280 280 281 281 281 281 282 282 283 284 284 284 285 278 277 278 279 279 280 279 279 279 280 280 280 280 280 281 281 282 283 284 284 285 277 279 279 279 279 279 279 280 280 280 280 280 281 281 281 282 282 283 284 285 278 279 279 280 279 279 279 279 280 280 281 281 281 282 282 282 283 283 284 285 280 279 279 279 279 279 279 280 281 281 281 282 282 283 283 284 285 285 285 281 280 280 280 280 279 279 280 280 281 282 282 283 284 284 284 284 285 284 281 281 281 280 280 280 280 279 280 280 281 282 283 284 284 284 284 285 280 280 281 281 281 281 281 281 280 281 282 283 283 283 283 284 285 281 280 281 282 281 282 282 282 282 282 281 282 282 282 283 284 285 282 281 281 281 282 282 282 282 283 283 283 282 282 283 283 284 285 282 281 281 281 281 282 282 283 284 283 282 282 284 284 284 285 285 282 281 281 282 282 282 283 284 283 283 283 283 283 283 284 285 282 282 281 282 283 283 283 284 284 284 283 284 284 284 284 285 286 282 282 282 282 283 283 283 284 284 284 284 284 285 285 286 286 286 283 282 282 282 282 282 283 283 284 284 284 284 284 285 286 287 284 283 282 282 282 282 283 283 283 283 285 285 285 284 285 286 286 284 284 284 283 283 283 283 283 284 285 284 284 285 286 285 285 286 286 286 283 283 284 284 284 284 284 284 284 284 284 285 285 284 285 286 286 286 286 286 286 287 284 284 283 284 284 284 284 284 284 285 285 285 285 285 285 285 285 286 286 286 286 286 287 283 283 284 284 284 284 284 284 284 285 285 285 286 286 285 285 285 286 286 286 286 284 283 284 283 284 284 284 284 284 285 285 285 285 286 286 286 286 286 286 287 284 284 284 284 285 285 285 284 284 284 284 284 285 285 285 285 286 287 285 285 284 285 285 285 284 284 284 284 284 285 285 286 286 286 287 284 284 284 284 284 285 285 285 285 285 286 286 283 284 284 285 285 285 286 