40 40 40 40 40 40 40 40 39 40 40 40 40 40 40 40 40 40 40 40 40 40 40 40 40 40 40 40 40 40 40 40 40 40 40 40 40 40 39 39 39 39 40 40 40 40 40 40 40 40 40 40 40 40 40 40 40 40 40 40 40 40 40 40 40 40 40 40 40 40 40 40 40 40 40 40 40 40 39 39 39 39 39 40 40 40 40 40 40 40 40 40 40 40 40 40 40 40 40 40 40 40 40 40 40 40 40 40 40 40 40 40 40 40 40 40 40 40 40 40 40 40 40 40 40 40 40 40 39 39 39 39 39 39 39 39 39 40 40 40 40 40 40 40 40 40 40 40 40 40 40 40 40 40 40 40 40 40 40 40 40 40 40 40 40 40 40 40 40 40 40 40 40 40 40 40 40 40 40 40 40 40 40 40 40 40 40 40 40 40 40 40 40 40 40 40 40 40 39 39 39 39 39 39 39 39 39 39 39 39 40 40 39 40 40 40 40 40 40 39 40 40 40 40 40 40 40 40 40 40 40 40 40 40 40 40 40 40 40 40 40 40 40 40 40 40 40 40 40 40 40 40 40 40 40 40 40 40 40 40 40 40 40 40 40 40 40 40 40 40 40 40 40 40 40 40 40 40 39 39 39 39 39 39 39 39 39 39 39 39 39 39 39 40 40 39 39 39 39 39 39 40 40 40 40 40 40 40 40 40 40 40 40 40 40 40 40 40 40 40 40 40 40 40 40 40 40 40 40 40 40 40 40 40 40 40 40 40 40 40 40 40 40 40 40 40 40 40 40 40 40 40 40 40 40 40 40 40 40 40 40 40 40 40 39 39 39 39 39 39 39 39 39 39 39 39 39 39 39 39 39 39 39 39 39 39 40 40 39 39 39 39 39 40 40 40 40 40 40 40 40 40 40 40 40 40 40 40 40 40 40 40 40 40 40 40 40 40 40 40 40 40 40 40 40 40 40 40 40 40 40 40 40 40 40 40 40 40 40 40 40 40 40 40 40 40 40 40 40 40 40 39 39 39 39 39 39 39 39 39 39 39 39 39 39 39 39 39 39 39 39 39 39 39 39 39 39 39 39 39 39 39 39 39 39 39 39 40 40 40 40 40 40 40 40 40 40 40 40 40 40 40 40 40 40 40 40 40 40 40 40 40 40 40 40 40 40 40 40 40 40 40 40 40 40 40 40 40 40 40 40 40 40 40 40 40 40 40 40 39 40 40 40 39 39 39 39 39 39 39 39 39 39 39 39 39 39 39 39 39 39 39 39 39 39 39 39 39 39 39 39 39 39 39 39 39 39 39 39 39 39 39 39 39 40 40 40 39 39 39 39 39 40 40 40 40 40 40 40 40 40 40 40 40 40 40 40 40 40 40 40 40 40 40 40 40 40 40 40 40 40 40 40 40 40 40 40 40 39 39 39 39 39 39 39 39 39 39 39 39 39 39 39 39 39 39 39 39 39 39 39 39 39 39 39 39 39 39 39 39 39 39 39 39 39 39 39 39 39 39 39 39 39 39 39 39 39 39 39 39 39 39 39 39 39 39 39 39 39 39 39 39 39 39 39 39 40 40 40 40 40 40 40 40 40 40 40 40 40 40 40 40 40 40 39 39 39 39 39 39 39 39 39 39 39 39 39 39 39 39 39 39 39 39 39 39 39 39 39 39 39 39 39 39 39 39 39 39 39 39 39 39 39 39 39 39 39 39 39 39 39 39 39 39 39 39 39 39 39 39 39 39 39 39 39 39 39 39 39 39 39 39 39 39 39 39 39 39 39 39 39 39 39 39 39 39 39 39 39 39 39 39 39 39 39 39 39 39 39 39 39 39 39 39 39 39 39 39 39 39 39 39 39 39 39 39 39 39 39 39 39 39 39 39 39 39 39 39 39 39 39 39 39 39 39 39 39 39 39 39 39 39 39 39 39 39 39 39 39 39 39 39 39 39 39 39 39 39 39 39 39 39 39 39 39 39 39 39 39 39 39 39 39 39 39 39 39 39 39 39 39 39 39 39 39 39 39 39 39 39 39 39 39 39 39 39 39 39 39 39 39 39 39 39 39 39 39 39 39 39 39 39 39 39 39 39 39 39 39 39 39 39 39 39 39 39 39 39 39 39 39 39 39 39 39 39 39 39 39 39 39 39 39 39 39 39 39 39 39 39 39 39 39 39 39 39 39 39 39 39 39 39 39 39 39 39 39 39 39 39 39 39 39 39 39 39 39 39 39 39 39 39 39 39 39 39 39 39 39 39 39 39 39 39 39 39 39 39 39 39 39 39 39 39 39 39 39 39 39 39 39 39 39 39 39 39 39 39 39 39 39 39 39 39 39 39 39 39 39 39 39 39 39 39 39 39 39 39 39 39 39 39 39 39 39 39 39 39 39 39 39 39 39 39 39 39 39 39 39 39 39 39 39 39 39 39 39 39 39 39 39 39 39 39 39 39 39 39 39 39 39 39 39 39 39 39 39 39 39 39 39 39 39 39 39 39 39 39 39 39 39 39 39 39 39 39 39 39 39 39 39 39 39 39 39 39 39 39 39 39 39 39 39 39 39 39 39 39 39 39 39 39 39 39 39 39 39 39 39 39 39 39 39 39 39 39 39 39 39 39 39 39 39 39 39 39 39 39 39 39 39 39 39 39 39 39 39 39 39 39 39 39 39 39 39 39 39 39 39 39 39 39 39 39 39 39 39 39 39 39 39 39 39 39 39 39 39 39 39 39 39 39 39 39 39 39 39 39 39 39 39 39 39 39 39 39 39 39 39 39 39 39 39 39 39 39 39 39 39 39 39 39 39 39 39 39 39 39 39 39 39 39 39 39 39 39 39 39 39 39 39 39 39 39 39 39 39 39 39 39 39 39 39 39 39 39 39 39 39 39 39 39 39 39 39 39 39 39 39 39 39 39 39 39 39 39 39 39 39 39 39 39 39 39 39 39 39 39 39 39 39 39 39 39 39 39 39 39 39 39 39 39 39 39 39 39 39 39 39 39 39 39 39 39 39 39 39 39 39 39 39 39 39 39 39 39 39 39 39 39 39 39 39 39 39 39 39 39 39 39 39 39 39 39 39 39 39 39 39 39 39 39 38 39 39 39 39 39 39 39 39 39 39 39 39 39 39 39 39 39 39 39 39 39 39 39 39 39 39 39 39 39 39 39 39 39 39 39 39 39 39 39 39 39 39 39 39 39 39 39 39 39 39 39 39 39 39 39 39 39 39 39 39 39 39 39 39 39 39 39 39 39 39 39 39 39 39 39 39 39 39 39 39 39 39 39 39 39 39 39 39 39 39 39 39 39 39 39 39 39 39 39 39 39 39 39 39 39 39 39 39 39 39 39 39 39 39 39 39 39 39 39 39 38 38 38 38 38 38 38 38 38 38 38 38 38 38 38 39 39 39 39 39 39 39 39 39 39 39 39 39 39 39 39 39 39 39 39 39 39 39 39 39 39 39 39 39 39 39 39 39 39 39 39 39 39 39 39 39 39 39 39 39 39 39 39 39 39 39 39 39 39 39 39 39 39 39 39 39 39 39 39 39 39 39 39 39 39 39 39 39 39 39 39 39 39 39 39 39 39 39 39 39 39 39 39 39 39 39 39 39 39 39 39 39 39 39 39 39 39 39 39 39 39 39 39 39 39 39 39 39 38 38 38 38 38 38 38 38 38 38 38 38 38 38 38 38 38 38 38 38 38 38 38 38 38 38 38 39 39 38 39 39 39 39 39 39 39 39 39 39 39 39 39 39 39 39 39 39 39 39 39 39 39 39 39 39 39 39 39 39 39 39 39 39 39 39 39 39 39 39 39 39 39 39 39 39 39 39 39 39 39 39 39 39 39 39 39 39 39 39 39 39 39 39 39 39 39 39 39 39 39 39 39 39 39 39 39 39 39 39 39 39 39 39 39 39 39 39 39 39 39 39 39 39 39 39 39 39 39 39 39 39 39 39 38 38 38 38 38 38 38 38 38 38 38 38 38 38 38 38 38 38 38 38 38 38 38 38 38 38 38 38 38 38 38 38 38 38 39 39 39 39 39 39 39 39 39 39 39 39 39 39 39 39 39 39 39 39 39 39 39 39 39 39 39 39 39 39 39 39 39 39 39 39 39 39 39 39 39 39 39 39 39 39 39 39 39 39 39 39 39 39 39 39 39 39 39 39 39 39 39 39 39 39 39 39 39 39 39 39 39 39 39 39 39 39 39 39 39 39 39 39 39 39 39 39 39 39 39 39 39 39 39 39 39 39 39 39 39 39 39 38 38 38 38 38 38 38 38 38 38 38 38 38 38 38 38 38 38 38 38 38 38 38 38 38 38 38 38 38 38 38 38 38 38 38 38 38 38 38 38 38 38 38 38 38 39 39 39 39 39 39 39 39 39 39 39 39 39 39 39 39 39 39 39 39 39 39 39 39 39 39 39 39 39 39 39 39 39 39 39 39 39 39 39 39 39 39 39 39 39 39 39 39 39 39 39 39 39 39 39 39 39 39 39 39 39 39 39 39 39 39 39 39 39 39 39 39 39 39 39 39 39 39 39 39 39 39 39 39 39 39 39 39 39 39 39 39 38 38 38 38 38 38 38 38 38 38 38 38 38 38 38 38 38 38 38 38 38 38 38 38 38 38 38 38 38 38 38 38 38 38 38 38 38 38 38 38 38 38 38 38 38 38 38 38 38 38 38 38 38 38 39 39 39 39 39 39 39 39 39 39 39 39 39 39 39 39 39 39 39 39 39 39 39 39 39 39 39 39 39 39 39 39 39 39 39 39 39 39 39 39 39 39 39 39 39 39 39 39 39 39 39 39 39 39 39 39 39 39 39 39 39 39 39 39 39 39 39 39 39 39 39 39 39 39 39 39 39 39 39 39 39 39 39 39 39 39 39 39 39 39 39 39 39 38 38 38 38 38 38 38 38 38 38 38 38 38 38 38 38 38 38 38 38 38 38 38 38 38 38 38 38 38 38 38 38 38 38 38 38 38 38 38 38 38 38 38 38 38 38 38 38 38 38 38 38 38 38 38 38 38 38 38 38 38 39 39 39 39 39 39 39 39 39 39 39 39 39 39 39 39 39 39 39 39 39 39 39 39 39 39 39 39 39 39 39 39 39 39 39 39 39 39 39 39 39 39 39 39 39 39 39 39 39 39 39 39 39 39 39 39 39 39 39 39 39 39 39 39 39 39 39 39 39 39 39 39 39 39 39 39 39 39 39 39 39 39 39 39 39 39 39 39 39 39 39 39 39 39 38 38 38 38 38 38 38 38 38 38 38 38 38 38 38 38 38 38 38 38 38 38 38 38 38 38 38 38 38 38 38 38 38 38 38 38 38 38 38 38 38 38 38 38 38 38 38 38 38 38 38 38 38 38 38 38 38 38 38 38 38 39 39 39 39 39 39 39 39 39 39 39 39 39 39 39 39 39 39 39 39 39 39 39 39 39 39 39 39 39 39 39 39 39 39 39 39 39 39 39 39 39 39 39 39 39 39 39 39 39 39 39 39 39 39 39 39 39 39 39 39 39 39 39 39 39 39 39 39 39 39 39 39 39 39 39 39 39 39 39 39 39 39 39 39 39 39 39 39 39 39 39 39 39 39 39 39 38 38 38 38 38 38 38 38 38 38 38 38 38 38 38 38 38 38 38 38 38 38 38 38 38 38 38 38 38 38 38 38 38 38 38 38 38 38 38 38 38 38 38 38 38 38 38 38 38 38 38 38 38 38 38 38 38 38 38 38 38 39 39 39 39 39 39 39 39 39 39 39 39 39 39 39 39 39 39 39 39 39 39 39 39 39 39 39 39 39 39 39 39 39 39 39 39 39 39 39 39 39 39 39 39 39 39 39 39 39 39 39 39 39 39 39 39 39 39 39 39 39 39 39 39 39 39 39 39 39 39 39 39 39 39 39 39 39 39 39 39 39 39 39 39 39 39 39 39 39 39 39 39 39 39 39 39 39 39 38 38 38 38 38 38 38 38 38 38 38 38 38 38 38 38 38 38 38 38 38 38 38 38 38 38 38 38 38 38 38 38 38 38 38 38 38 38 38 38 38 38 38 38 38 38 38 38 38 38 38 38 38 38 38 38 38 38 38 38 38 38 38 38 38 38 38 38 38 38 38 39 39 39 39 39 39 39 39 39 39 39 39 39 39 39 39 39 39 39 39 39 39 39 39 39 39 39 39 39 39 39 39 39 39 39 39 39 39 39 39 39 39 39 39 39 39 39 39 39 39 39 39 39 39 39 39 39 39 39 39 39 39 39 39 39 39 39 39 39 39 39 39 39 39 39 39 39 39 39 39 39 39 39 39 39 39 39 39 39 39 39 39 39 39 39 39 39 39 39 39 39 39 39 38 38 38 38 38 38 38 38 38 38 38 38 38 38 38 38 38 38 38 38 38 38 38 38 38 38 38 38 38 38 38 38 38 38 38 38 38 38 38 38 38 38 38 38 38 38 38 38 38 38 38 38 38 38 38 38 38 38 38 38 38 38 38 38 38 38 38 38 38 38 38 38 38 38 38 38 38 38 38 38 38 39 39 39 39 39 39 39 39 38 39 39 39 39 39 39 39 39 39 39 39 39 39 39 39 39 39 39 39 39 39 39 39 39 39 39 39 39 39 39 39 38 38 38 39 39 39 39 39 39 39 39 39 39 39 39 39 39 39 39 39 39 39 39 39 39 39 39 39 39 39 39 39 39 39 39 39 39 39 39 39 39 39 39 39 39 39 39 39 39 38 38 38 38 38 38 38 38 38 38 38 38 38 38 38 38 38 38 38 38 38 38 38 38 38 38 38 38 38 38 38 38 38 38 38 38 38 38 38 38 38 38 38 38 38 38 38 38 38 38 38 38 38 38 38 38 38 38 38 38 38 38 38 38 38 38 38 38 38 38 38 38 38 38 38 38 38 38 38 38 38 38 38 38 38 38 38 38 38 38 38 38 38 38 38 38 38 38 38 38 39 39 39 39 39 39 39 39 39 39 39 39 39 39 39 39 39 39 39 39 39 39 39 39 39 39 39 39 39 38 38 38 39 39 39 39 39 39 39 39 39 39 39 39 39 39 39 39 39 39 39 39 39 39 39 39 39 39 39 39 39 39 39 39 39 39 39 39 39 39 39 39 39 39 39 39 39 39 38 38 38 38 38 38 38 38 38 38 38 38 38 38 38 38 38 38 38 38 38 38 38 38 38 38 38 38 38 38 38 38 38 38 38 38 38 38 38 38 38 38 38 38 38 38 38 38 38 38 38 38 38 38 38 38 38 38 38 38 38 38 38 38 38 38 38 38 38 38 38 38 38 38 38 38 38 38 38 38 38 38 38 38 38 38 38 38 38 38 38 38 38 38 38 38 38 38 38 38 38 38 38 39 39 39 39 39 39 39 39 39 39 39 39 39 39 39 39 39 39 39 39 39 39 39 39 39 38 38 38 38 38 38 38 38 39 39 39 39 38 38 38 38 39 39 39 38 39 39 39 39 39 39 39 39 39 39 39 39 39 39 39 39 39 39 39 39 39 39 39 39 39 38 38 38 38 38 38 38 38 38 38 38 38 38 38 38 38 38 38 38 38 38 38 38 38 38 38 38 38 38 38 38 38 38 38 38 38 38 38 38 38 38 38 38 38 38 38 38 38 38 38 38 38 38 38 38 38 38 38 38 38 38 38 38 38 38 38 38 38 38 38 38 38 38 38 38 38 38 38 38 38 38 38 38 38 38 38 38 38 38 38 38 38 38 38 38 38 38 38 38 38 38 38 38 38 38 38 38 38 38 38 38 38 38 38 38 38 38 38 38 38 38 38 38 38 38 38 39 39 38 38 38 38 38 38 38 38 38 38 38 38 38 38 38 38 38 38 38 39 39 39 39 39 38 38 38 38 38 38 38 38 38 38 38 38 39 38 38 39 38 38 38 38 38 39 39 39 38 38 38 38 38 38 38 38 38 38 38 38 38 38 38 38 38 38 38 38 38 38 38 38 38 38 38 38 38 38 38 38 38 38 38 38 38 38 38 38 38 38 38 38 38 38 38 38 38 38 38 38 38 38 38 38 38 38 38 38 38 38 38 38 38 38 38 38 38 38 38 38 38 38 38 38 38 38 38 38 38 38 38 38 38 38 38 38 38 38 38 38 38 38 38 38 38 38 38 38 38 38 38 38 38 38 38 38 38 38 38 38 38 38 38 38 38 38 38 38 38 38 38 38 38 38 38 38 38 38 38 38 38 38 38 38 38 38 38 38 38 38 38 38 38 38 38 38 38 38 38 38 38 38 38 38 38 38 38 38 38 38 38 38 38 38 38 38 38 38 38 38 38 38 38 38 38 38 38 38 38 38 38 38 38 38 38 38 38 38 38 38 38 38 38 38 38 38 38 38 38 38 38 38 38 38 38 38 38 38 38 38 38 38 38 38 38 38 38 38 38 38 38 38 38 38 38 38 38 38 38 38 38 38 38 38 38 38 38 38 38 38 38 38 38 38 38 38 38 38 38 38 38 38 37 37 38 38 38 38 38 38 38 38 38 38 38 38 38 38 38 38 38 38 38 38 38 38 38 38 38 38 38 38 38 38 38 38 38 38 38 38 38 38 38 38 38 38 38 38 38 38 38 38 38 38 38 38 38 38 38 38 38 38 38 38 38 38 38 38 38 38 38 38 38 38 38 38 38 38 38 38 38 38 38 38 38 38 38 38 38 38 38 38 38 38 38 38 38 38 38 38 38 38 38 38 38 38 38 38 38 38 38 38 38 38 38 38 38 38 38 38 38 38 38 38 38 38 38 38 38 38 38 38 38 38 38 38 38 38 38 38 38 38 38 38 38 38 38 38 38 38 38 38 38 38 38 38 38 38 38 38 38 38 38 38 38 38 38 38 38 38 38 38 38 38 38 38 38 38 38 38 38 38 38 38 38 38 38 38 38 38 38 38 38 38 38 38 38 38 38 38 38 38 38 37 37 37 37 37 37 37 38 38 38 38 38 38 38 38 38 38 38 38 38 38 38 38 38 38 38 38 38 38 38 38 38 38 38 38 38 38 38 38 38 38 38 38 38 38 38 38 38 38 38 38 38 38 38 38 38 38 38 38 38 38 38 38 38 38 38 38 38 38 38 38 38 38 38 38 38 38 38 38 38 38 38 38 38 38 38 38 38 38 38 38 38 38 38 38 38 38 38 38 38 38 38 38 38 38 38 38 38 38 38 38 38 38 38 38 38 38 38 38 38 38 38 38 38 38 38 38 38 38 38 38 38 38 38 38 38 38 38 38 38 38 38 38 38 38 38 38 38 38 38 38 38 38 38 38 38 38 38 38 38 38 38 38 38 38 38 38 38 38 38 38 38 38 38 38 38 38 38 38 38 38 38 38 38 38 38 38 38 38 38 38 38 38 38 38 38 38 38 38 38 38 38 38 38 38 37 37 37 37 37 37 37 37 37 37 37 38 38 38 38 38 38 38 38 38 38 38 38 38 38 38 38 38 38 38 38 38 38 38 38 38 38 38 38 38 38 38 38 38 38 38 38 38 38 38 38 38 38 38 38 38 38 38 38 38 38 38 38 38 38 38 38 38 38 38 38 38 38 38 38 38 38 38 38 38 38 38 38 38 38 38 38 38 38 38 38 38 38 38 38 38 38 38 38 38 38 38 38 38 38 38 38 38 38 38 38 38 38 38 38 38 38 38 38 38 38 38 38 38 38 38 38 38 38 38 38 38 38 38 38 38 38 38 38 38 38 38 38 38 38 38 38 38 38 38 38 38 38 38 38 38 38 38 38 38 38 38 38 38 38 38 38 38 38 38 38 38 38 38 38 38 38 38 38 38 38 38 38 38 38 38 38 38 38 38 38 38 38 38 38 38 38 38 38 38 38 38 38 38 37 37 37 37 37 37 37 37 37 37 37 37 37 37 37 37 37 37 37 37 37 37 37 37 37 37 37 37 38 38 38 38 38 38 38 38 38 38 38 38 38 38 38 38 38 38 38 38 38 38 38 38 38 38 38 38 38 38 38 38 38 38 38 38 38 38 38 38 38 38 38 38 38 38 38 38 38 38 38 38 38 38 38 38 38 38 38 38 38 38 38 38 38 38 38 38 38 38 38 38 38 38 38 38 38 38 38 38 38 38 38 38 38 38 38 38 38 38 38 38 38 38 38 38 38 38 38 38 38 38 38 38 38 38 38 38 38 38 38 38 38 38 38 38 38 38 38 38 38 38 38 38 38 38 38 38 38 38 38 38 38 38 38 38 38 38 38 38 38 38 38 38 38 37 37 37 37 37 37 38 38 38 37 38 38 38 37 37 38 38 37 37 37 38 38 38 38 38 38 38 38 38 37 37 37 37 37 37 37 37 37 37 37 37 37 37 37 37 37 37 37 37 37 37 37 37 37 37 37 37 37 37 37 37 37 37 37 37 37 37 37 37 37 37 37 37 37 37 37 37 37 37 38 38 38 38 38 38 38 38 38 38 38 38 38 38 38 38 38 38 38 38 38 38 38 38 38 38 38 38 38 38 38 38 38 38 38 38 38 38 38 38 38 38 38 38 38 38 38 38 38 38 38 38 38 38 38 38 38 38 38 38 38 38 38 38 38 38 38 38 38 38 38 38 38 38 38 38 38 38 38 38 38 38 38 38 38 38 38 38 38 38 38 38 38 38 38 38 38 38 38 38 38 38 38 38 38 38 38 38 38 38 38 38 38 38 38 38 38 38 38 38 38 38 38 38 38 38 38 38 38 38 37 37 37 37 37 37 37 37 37 37 37 37 37 37 37 37 37 37 37 37 37 37 37 37 37 37 37 37 37 37 37 37 37 37 37 37 37 37 37 37 37 37 37 37 37 37 37 37 37 37 37 37 37 37 37 37 37 37 37 37 37 37 37 37 37 37 37 37 37 37 37 37 37 37 37 37 37 37 37 37 37 37 37 37 37 37 37 37 37 37 38 38 38 38 38 38 38 38 38 38 38 38 38 38 38 38 38 38 38 38 38 38 38 38 38 38 38 38 38 38 38 38 38 38 38 38 38 38 38 38 38 38 38 38 38 38 38 38 38 38 38 38 38 38 38 38 38 38 38 38 38 38 38 38 38 38 38 38 38 38 38 38 38 38 38 38 38 38 38 38 38 38 38 38 38 38 38 38 38 38 38 38 38 38 38 38 38 38 38 38 38 38 38 38 38 38 38 38 38 38 38 38 38 38 38 38 38 38 38 38 37 37 37 37 37 37 37 37 37 37 37 37 37 37 37 37 37 37 37 37 37 37 37 37 37 37 37 37 37 37 37 37 37 37 37 37 37 37 37 37 37 37 37 37 37 37 37 37 37 37 37 37 37 37 37 37 37 37 37 37 37 37 37 37 37 37 37 37 37 37 37 37 37 37 37 37 37 37 37 37 37 37 37 37 37 37 37 37 38 38 38 38 38 38 38 38 38 38 38 38 38 38 38 38 38 38 38 38 38 38 38 38 38 38 38 38 38 38 38 38 38 38 38 38 38 38 38 38 38 38 38 38 38 38 38 38 38 38 38 38 38 38 38 38 38 38 38 38 38 38 38 38 38 38 38 38 38 38 38 38 38 38 38 38 38 38 38 38 38 38 38 38 38 38 38 38 38 38 38 38 38 38 38 38 38 38 38 38 38 38 38 38 38 38 38 38 38 38 38 38 38 38 38 38 38 38 38 38 38 38 38 38 37 37 37 37 37 37 37 37 37 37 37 37 37 37 37 37 37 37 37 37 37 37 37 37 37 37 37 37 37 37 37 37 37 37 37 37 37 37 37 37 37 37 37 37 37 37 37 37 37 37 37 37 37 37 37 37 37 37 37 37 37 37 37 37 37 37 37 37 37 37 37 37 37 37 37 37 37 37 37 37 37 37 37 37 37 37 37 38 38 38 38 38 38 38 38 38 38 38 38 38 38 38 38 38 38 38 38 38 38 38 38 38 38 38 38 38 38 38 38 38 38 38 38 38 38 38 38 38 38 38 38 38 38 38 38 38 38 38 38 38 38 38 38 38 38 38 38 38 38 38 38 38 38 38 38 38 38 38 38 38 38 38 38 38 38 38 38 38 38 38 38 38 38 38 38 38 38 38 38 38 38 38 38 38 38 38 38 38 38 38 38 38 38 38 38 38 38 38 38 38 38 38 38 38 38 38 38 38 38 38 38 38 37 37 37 37 37 37 37 37 37 37 37 37 37 37 37 37 37 37 37 37 37 37 37 37 37 37 37 37 37 37 37 37 37 37 37 37 37 37 37 37 37 37 37 37 37 37 37 37 37 37 37 37 37 37 37 37 37 37 37 37 37 37 37 37 37 37 37 37 37 37 37 37 37 37 37 37 37 37 37 37 37 37 37 37 37 37 37 38 38 38 38 38 38 38 38 38 38 38 38 38 38 38 38 38 38 38 38 38 38 38 38 38 38 38 38 38 38 38 38 38 38 38 38 38 38 38 38 38 38 38 38 38 38 38 38 38 38 38 38 38 38 38 38 38 38 38 38 38 38 38 38 38 38 38 38 38 38 38 38 38 38 38 38 38 38 38 38 38 38 38 38 38 38 38 38 38 38 38 38 38 38 38 38 38 38 38 38 38 38 38 38 38 38 38 38 38 38 38 38 38 38 38 38 38 38 38 38 38 38 38 38 38 38 37 37 37 37 37 37 37 37 37 37 37 37 37 37 37 37 37 37 37 37 37 37 37 37 37 37 37 37 37 37 37 37 37 37 37 37 37 37 37 37 37 37 37 37 37 37 37 37 37 37 37 37 37 37 37 37 37 37 37 37 37 37 37 37 37 37 37 37 37 37 37 37 37 37 37 37 37 37 37 37 37 37 37 37 37 37 37 38 38 38 37 37 37 37 38 38 38 38 38 38 38 38 38 38 38 38 38 38 38 38 38 38 38 38 38 38 38 38 38 38 38 38 38 38 38 38 38 38 38 38 38 38 38 38 38 38 38 38 38 38 38 38 38 38 38 38 38 38 38 38 38 38 38 38 38 38 38 38 38 38 38 38 38 38 38 38 38 38 38 38 38 38 38 38 38 38 38 38 38 38 38 38 38 38 38 38 38 38 38 38 38 38 38 38 38 38 38 38 38 38 38 38 38 38 38 38 38 38 38 38 38 38 38 38 38 38 38 38 38 38 38 38 38 38 38 38 38 38 37 38 38 37 38 37 37 37 37 38 37 37 37 37 37 37 37 37 37 37 37 37 37 37 37 37 37 37 37 37 37 37 37 37 37 37 37 37 37 37 37 37 37 37 37 37 37 37 37 37 37 37 37 37 37 37 37 37 37 37 37 37 37 37 37 37 37 37 37 37 37 37 37 37 37 37 37 37 37 37 37 37 37 38 38 38 38 38 38 38 38 38 38 38 38 38 38 38 38 38 38 38 38 38 38 38 38 38 38 38 38 38 38 38 38 38 38 38 38 38 38 38 38 38 38 38 37 37 37 38 38 38 38 38 38 38 38 38 38 38 38 38 38 38 38 38 38 38 38 38 38 38 38 38 38 38 38 38 38 38 38 38 38 38 38 38 38 38 38 38 38 38 38 38 38 38 38 38 38 38 38 38 38 38 38 38 38 38 38 38 38 38 38 38 38 38 38 38 38 38 38 38 38 38 38 38 38 38 38 38 38 37 38 38 38 38 38 37 37 37 37 37 37 37 37 37 37 37 37 37 37 37 37 37 37 37 37 37 37 37 37 37 37 37 37 37 37 37 37 37 37 37 37 37 37 37 37 37 37 37 37 37 37 37 37 37 37 37 37 37 37 37 37 37 37 37 37 37 37 37 37 37 37 37 37 37 37 37 37 37 37 37 37 37 37 37 37 37 37 37 37 37 37 38 38 38 38 38 38 38 38 38 38 38 38 38 38 38 38 38 38 38 38 38 38 38 38 38 38 38 38 38 38 38 38 38 38 38 38 38 38 37 37 37 37 37 37 38 38 38 38 38 38 38 38 38 38 38 38 38 38 38 38 38 38 38 38 38 38 38 38 38 38 38 38 38 38 38 38 38 38 38 38 38 38 38 38 38 38 38 38 38 38 38 38 38 38 38 38 38 38 38 38 38 38 38 38 38 38 38 38 38 38 38 38 38 38 38 38 38 38 38 38 38 38 38 37 38 37 37 37 38 37 37 37 37 37 37 37 37 37 37 37 37 37 37 37 37 37 37 37 37 37 37 37 37 37 37 37 37 37 37 37 37 37 37 37 37 37 37 37 37 37 37 37 37 37 37 37 37 37 37 37 37 37 37 37 37 37 37 37 37 37 37 37 37 37 37 37 37 37 37 37 37 37 37 37 37 37 37 37 37 37 37 37 37 37 37 37 37 37 37 37 37 37 37 37 38 38 38 38 37 37 38 38 38 37 38 38 38 38 38 38 38 38 38 38 38 38 38 38 38 38 38 38 38 38 38 37 37 37 37 37 37 37 38 38 38 38 38 38 37 37 37 37 37 37 37 37 38 38 38 38 38 38 38 38 38 38 38 38 38 38 38 38 38 38 38 38 38 38 38 38 38 38 38 38 38 38 38 38 38 38 38 38 38 38 38 38 38 38 38 38 38 38 38 38 38 38 38 38 38 38 38 38 38 38 38 37 37 37 37 38 38 37 37 37 37 37 37 37 37 37 37 37 37 37 37 37 37 37 37 37 37 37 37 37 37 37 37 37 37 37 37 37 37 37 37 37 37 37 37 37 37 37 37 37 37 37 37 37 37 37 37 37 37 37 37 37 37 37 37 37 37 37 37 37 37 37 37 37 37 37 37 37 37 37 37 37 37 37 37 37 37 37 37 37 37 37 37 37 37 37 37 37 37 37 37 37 37 37 37 37 37 37 37 37 37 37 37 37 37 37 37 37 37 37 37 38 38 38 38 38 38 38 38 38 38 38 38 38 38 38 38 37 37 37 37 37 37 37 37 37 37 37 37 37 37 37 37 37 37 37 37 37 37 37 37 38 38 38 38 38 38 38 38 38 38 38 38 38 38 38 38 38 38 38 38 38 38 38 38 38 38 38 38 38 38 38 38 38 38 38 38 38 38 38 38 38 38 38 38 38 38 38 38 38 38 38 38 38 38 38 37 37 37 37 37 37 37 37 37 37 37 37 37 37 37 37 37 37 37 37 37 37 37 37 37 37 37 37 37 37 37 37 37 37 37 37 37 37 37 37 37 37 37 37 37 37 37 37 37 37 37 37 37 37 37 37 37 37 37 37 37 37 37 37 37 37 37 37 37 37 37 37 37 37 37 37 37 37 37 37 37 37 37 37 37 37 37 37 37 37 37 37 37 37 37 37 37 37 37 37 37 37 37 37 37 37 37 37 37 37 37 37 37 37 37 37 37 37 37 37 37 37 37 38 38 38 38 38 38 38 38 38 38 38 38 38 38 38 37 37 37 37 37 37 37 37 37 37 37 37 37 37 37 37 37 37 37 37 37 37 37 37 37 37 37 37 37 37 37 37 37 37 37 37 37 38 38 38 38 38 38 38 38 38 38 38 38 38 38 38 38 38 38 38 38 38 38 38 38 38 38 38 38 38 38 38 38 38 38 38 38 38 38 38 38 38 38 38 37 37 37 37 37 37 37 37 37 37 37 37 37 37 37 37 37 37 37 37 37 37 37 37 37 37 37 37 37 37 37 37 37 37 37 37 37 37 37 37 37 37 37 37 37 37 37 37 37 37 37 37 37 37 37 37 37 37 37 37 37 37 37 37 37 37 37 37 37 37 37 37 37 37 37 37 37 37 37 37 37 37 37 37 37 37 37 37 37 37 37 37 37 37 37 37 37 37 37 37 37 37 37 37 37 37 37 37 37 37 37 37 37 37 37 37 37 37 37 37 37 37 37 37 37 37 37 37 37 37 37 37 37 38 38 38 38 37 37 37 37 37 37 37 37 37 37 37 37 37 37 37 37 37 37 37 37 37 37 37 37 37 37 37 37 37 37 37 37 37 37 37 37 37 37 37 37 37 37 37 37 37 37 37 37 37 37 38 38 38 38 38 38 38 38 38 38 38 38 38 38 38 38 38 38 38 38 38 38 38 38 38 38 38 38 38 38 38 38 37 37 37 37 37 37 37 37 37 37 37 37 37 37 37 37 37 37 37 37 37 37 37 37 37 37 37 37 37 37 37 37 37 37 37 37 37 37 37 37 37 37 37 37 37 37 37 37 37 37 37 37 37 37 37 37 37 37 37 37 37 37 37 37 37 37 37 37 37 37 37 37 37 37 37 37 37 37 37 37 37 37 37 37 37 37 37 37 37 37 37 37 37 37 37 37 37 37 37 37 37 37 37 37 37 37 37 37 37 37 37 37 37 37 37 37 37 37 37 37 37 37 37 37 37 37 37 37 37 37 37 37 38 38 37 37 37 37 37 37 37 37 37 37 37 37 37 37 37 37 37 37 37 37 37 37 37 37 37 37 37 37 37 37 37 37 37 37 37 37 37 37 37 37 37 37 37 37 37 37 37 37 37 37 38 38 38 38 38 38 38 38 38 38 38 38 38 38 38 38 38 38 38 38 38 38 38 38 38 38 38 38 38 38 38 38 38 38 38 38 37 37 37 37 37 37 37 37 37 37 37 37 37 37 37 37 37 37 37 37 37 37 37 37 37 37 37 37 37 37 37 37 37 37 37 37 37 37 37 37 37 37 37 37 37 37 37 37 37 37 37 37 37 37 37 37 37 37 37 37 37 37 37 37 37 37 37 37 37 37 37 37 37 37 37 37 37 37 37 37 37 37 37 37 37 37 37 37 37 37 37 37 37 37 37 37 37 37 37 37 37 37 37 37 37 37 37 37 37 37 37 37 37 37 37 37 37 37 37 37 37 37 37 37 37 37 37 37 37 37 37 37 37 37 37 37 37 37 37 37 37 37 37 37 37 37 37 37 37 37 37 37 37 37 37 37 37 37 37 37 37 37 37 37 37 37 37 37 37 37 37 37 37 37 37 37 37 37 37 37 37 37 37 38 38 38 38 38 38 38 38 38 38 38 38 38 38 38 38 38 38 38 38 38 38 38 38 38 38 38 38 38 38 38 38 38 38 38 38 37 37 37 37 37 37 37 37 37 37 37 37 37 37 37 37 37 37 37 37 37 37 37 37 37 37 37 37 37 37 37 37 37 37 37 37 37 37 37 37 37 37 37 37 37 37 37 37 37 37 37 37 37 37 37 37 37 37 37 37 37 37 37 37 37 37 37 37 37 37 37 37 37 37 37 37 37 37 37 37 37 37 37 37 37 37 37 37 37 37 37 37 37 37 37 37 37 37 37 37 37 37 37 37 37 37 37 37 37 37 37 37 37 37 37 37 37 37 37 37 37 37 37 37 37 37 37 37 37 37 37 37 37 37 37 37 37 37 37 37 37 37 37 37 37 37 37 37 37 37 37 37 37 37 37 37 37 37 37 37 37 37 37 37 37 37 37 37 37 37 37 37 37 37 37 37 37 37 37 37 37 37 37 37 37 37 38 38 38 38 38 38 38 38 38 38 38 38 38 38 38 38 38 38 38 38 38 38 38 38 38 38 38 38 38 38 38 38 38 38 37 37 37 37 37 37 37 37 37 37 37 37 37 37 37 37 37 37 37 37 37 37 37 37 37 37 37 37 37 37 37 37 37 37 37 37 37 37 37 37 37 37 37 37 37 37 37 37 37 37 37 37 37 37 36 36 36 36 36 36 37 37 37 37 37 37 37 37 37 37 37 37 37 37 37 37 37 37 37 37 37 37 37 37 37 37 36 37 37 37 37 37 37 37 37 37 37 37 37 37 37 37 37 37 37 37 37 37 37 37 37 37 37 37 37 37 37 37 37 37 37 37 37 37 37 37 37 37 37 37 37 37 37 37 37 37 37 37 37 37 37 37 37 37 37 37 37 37 37 37 37 37 37 37 37 37 37 37 37 37 37 37 37 37 37 37 37 37 37 37 37 37 37 37 37 37 37 37 37 37 37 37 37 37 37 37 37 38 38 38 38 38 38 38 38 38 38 38 38 38 38 38 38 38 38 38 38 38 38 38 38 38 38 38 38 38 38 38 38 38 38 38 38 38 37 37 37 37 37 37 37 37 37 37 37 37 37 37 37 37 37 37 37 37 37 37 37 37 37 37 37 37 37 37 37 37 37 37 37 37 37 37 37 37 37 37 37 37 37 37 37 37 37 37 37 37 37 37 37 36 36 36 36 36 36 36 36 36 36 36 36 37 37 37 37 37 37 37 37 37 37 37 37 37 37 37 36 36 36 36 36 36 36 36 37 37 37 37 37 37 37 37 37 37 37 37 37 37 37 37 37 37 37 37 37 37 37 37 37 37 37 37 37 37 37 37 37 37 37 37 37 37 37 37 37 37 37 37 37 37 37 37 37 37 37 37 37 37 37 37 37 37 37 37 37 37 37 37 37 37 37 37 37 37 37 37 37 37 37 37 37 37 37 37 37 37 37 37 37 37 37 37 37 37 37 37 37 37 37 37 37 37 37 37 38 38 38 38 38 38 38 38 38 38 38 38 38 38 38 38 38 38 38 38 38 38 38 38 38 38 38 38 38 38 38 38 38 38 38 38 38 37 37 37 37 37 37 37 37 37 37 37 37 37 37 37 37 37 37 37 37 37 37 37 37 37 37 37 37 37 37 37 37 37 37 37 37 37 37 37 37 37 37 37 37 37 37 37 37 37 37 37 37 37 36 36 36 36 36 36 36 36 36 36 36 36 36 36 36 36 36 36 36 36 36 36 36 36 36 36 36 36 36 36 36 36 36 36 36 36 36 36 36 37 37 37 37 37 37 37 37 37 37 37 37 37 37 37 37 37 37 37 37 37 37 37 37 37 37 37 37 37 37 37 37 37 37 37 37 37 37 37 37 37 37 37 37 37 37 37 37 37 37 37 37 37 37 37 37 37 37 37 37 37 37 37 37 37 37 37 37 37 37 37 37 37 37 37 37 37 37 37 37 37 37 37 37 37 37 37 37 37 37 37 37 37 37 37 37 37 37 37 37 37 37 37 37 37 38 38 38 38 38 38 38 38 38 38 38 38 38 38 38 38 38 38 38 38 38 38 38 38 37 37 37 37 37 37 37 37 37 37 37 37 37 37 37 37 37 37 37 37 37 37 37 37 37 37 37 37 37 37 37 37 37 37 37 37 37 37 37 37 37 37 37 37 37 37 37 37 37 37 37 37 37 36 36 36 36 36 36 36 36 36 36 36 36 36 36 36 36 36 36 36 36 36 36 36 36 36 36 36 36 36 36 36 36 36 36 36 36 36 36 36 36 36 36 36 36 36 36 37 37 36 36 37 37 37 37 37 37 37 37 37 37 37 37 37 37 37 37 37 37 37 37 37 37 37 37 37 37 37 37 37 37 37 37 37 37 37 37 37 37 37 37 37 37 37 37 37 37 37 37 37 37 37 37 37 37 37 37 37 37 37 37 37 37 37 37 37 37 37 37 37 37 37 37 37 37 37 37 37 37 37 37 37 37 37 37 37 37 37 37 37 37 37 37 37 37 37 37 37 37 37 37 37 37 37 37 37 37 37 37 37 37 37 37 37 37 37 37 37 38 38 37 37 37 37 37 37 37 37 37 37 37 37 37 37 37 37 37 37 37 37 37 37 37 37 37 37 37 37 37 37 37 37 37 37 37 37 37 37 37 37 37 37 37 37 37 37 37 37 37 37 37 37 37 37 37 36 36 36 36 36 36 36 36 36 36 36 36 36 36 36 36 36 36 36 36 36 36 36 36 36 36 36 36 36 36 36 36 36 36 36 36 36 36 36 36 36 36 36 36 36 36 36 36 36 36 36 36 36 36 36 36 36 36 37 37 37 37 37 37 37 37 37 37 37 37 37 37 37 37 37 37 37 37 37 37 37 37 37 37 37 37 37 37 37 37 37 37 37 37 37 37 37 37 37 37 37 37 37 37 37 37 37 37 37 37 37 37 37 37 37 37 37 37 37 37 37 37 37 37 37 37 37 37 37 37 37 37 37 37 37 37 37 37 37 37 37 37 37 37 37 37 37 37 37 37 37 37 37 37 37 37 37 37 37 37 37 37 37 37 37 37 37 37 37 37 37 37 37 37 37 37 37 37 37 37 37 37 37 37 37 37 37 37 37 37 37 37 37 37 37 37 37 37 37 37 37 37 37 37 37 37 37 37 37 37 37 37 37 37 37 37 37 37 37 37 37 37 37 37 37 37 37 36 36 36 36 36 36 36 36 36 36 36 36 36 36 36 36 36 36 36 36 36 36 36 36 36 36 36 36 36 36 36 36 36 36 36 36 36 36 36 36 36 36 36 36 36 36 36 36 36 36 36 36 36 36 36 36 36 36 36 36 36 37 37 37 37 37 37 37 37 37 37 37 37 37 37 37 37 37 37 37 37 37 37 37 37 37 37 37 37 37 37 37 37 37 37 37 37 37 37 37 37 37 37 37 37 37 37 37 37 37 37 37 37 37 37 37 37 37 37 37 37 37 37 37 37 37 37 37 37 37 37 37 37 37 37 37 37 37 37 37 37 37 37 37 37 37 37 37 37 37 37 37 37 37 37 37 37 37 37 37 37 37 37 37 37 37 37 37 37 37 37 37 37 37 37 37 37 37 37 37 37 37 37 37 37 37 37 37 37 37 37 37 37 37 37 37 37 37 37 37 37 37 37 37 37 37 37 37 37 37 37 37 37 37 37 37 37 37 37 37 37 37 37 37 37 37 37 36 36 36 36 36 36 36 36 36 36 36 36 36 36 36 36 36 36 36 36 36 36 36 36 36 36 36 36 36 36 36 36 36 36 36 36 36 36 36 36 36 36 36 36 36 36 36 36 36 36 36 36 36 36 36 36 36 36 36 36 36 36 36 36 37 37 37 37 37 37 37 37 37 37 37 37 37 37 37 37 37 37 37 37 37 37 37 37 37 37 37 37 37 37 37 37 37 37 37 37 37 37 37 37 37 37 37 37 37 37 37 37 37 37 37 37 37 37 37 37 37 37 37 37 37 37 37 37 37 37 37 37 37 37 37 37 37 37 37 37 37 37 37 37 37 37 37 37 37 37 37 37 37 37 37 37 37 37 37 37 37 37 37 37 37 37 37 37 37 37 37 37 37 37 37 37 37 37 37 37 37 37 37 37 37 37 37 37 37 37 37 37 37 37 37 37 37 37 37 37 37 37 37 37 37 37 37 37 37 37 37 37 37 37 37 37 37 37 37 37 36 36 36 36 36 36 36 36 36 36 36 36 36 36 36 36 36 36 36 36 36 36 36 36 36 36 36 36 36 36 36 36 36 36 36 36 36 36 36 36 36 36 36 36 36 36 36 36 36 36 36 36 36 36 36 36 36 36 36 36 36 36 36 36 36 36 36 36 36 36 36 36 37 37 37 37 37 37 37 37 37 37 37 37 37 37 37 37 37 37 37 37 37 37 37 37 37 37 37 37 37 37 37 37 37 37 37 37 37 37 37 37 37 37 37 37 37 37 37 37 37 37 37 37 37 37 37 37 37 37 37 37 37 37 37 37 37 37 37 37 37 37 37 37 37 37 37 37 37 37 37 37 37 37 37 37 37 37 37 37 37 37 37 37 37 37 37 37 37 37 37 37 37 37 37 37 37 37 37 37 37 37 37 37 37 37 37 37 37 37 37 37 37 37 37 37 37 37 37 37 37 37 37 37 37 37 37 37 37 37 37 37 37 37 37 37 37 36 37 36 36 36 36 36 36 36 36 36 36 36 36 36 36 36 36 36 36 36 36 36 36 36 36 36 36 36 36 36 36 36 36 36 36 36 36 36 36 36 36 36 36 36 36 36 36 36 36 36 36 36 36 36 36 36 36 36 36 36 36 36 36 36 36 36 36 36 36 36 36 36 36 36 36 36 36 36 36 36 36 36 36 36 36 36 37 37 37 37 37 37 37 37 37 37 37 37 37 37 37 37 37 37 37 37 37 37 37 37 37 37 37 37 37 37 37 37 37 37 37 37 37 37 37 37 37 37 37 37 37 37 37 37 37 37 37 37 37 37 37 37 37 37 37 37 37 37 37 37 37 37 37 37 37 37 37 37 37 37 37 37 37 37 37 37 37 37 37 37 37 37 37 37 37 37 37 37 37 37 37 37 37 37 37 37 37 37 37 37 37 37 37 37 37 37 37 37 37 37 37 37 37 37 37 37 37 37 37 37 37 37 37 37 37 36 36 36 36 36 36 36 36 36 36 36 36 36 36 36 36 36 36 36 36 36 36 36 36 36 36 36 36 36 36 36 36 36 36 36 36 36 36 36 36 36 36 36 36 36 36 36 36 36 36 36 36 36 36 36 36 36 36 36 36 36 36 36 36 36 36 36 36 36 36 36 36 36 36 36 36 36 36 36 36 36 36 36 36 36 36 36 36 36 36 36 36 36 36 37 37 37 37 37 37 37 37 37 37 37 37 37 37 37 37 37 37 37 37 37 37 37 37 37 37 37 37 37 37 37 37 37 37 37 37 37 37 37 37 37 37 37 37 37 37 37 37 37 37 37 37 37 37 37 37 37 37 37 37 37 37 37 37 37 37 37 37 37 37 37 37 37 37 37 37 37 37 37 37 37 37 37 37 37 37 37 37 37 37 37 37 37 37 37 37 37 37 37 37 37 37 37 37 37 37 37 37 37 37 37 37 37 37 37 37 37 37 37 37 37 37 37 36 36 36 36 36 36 36 36 36 36 36 36 36 36 36 36 36 36 36 36 36 36 36 36 36 36 36 36 36 36 36 36 36 36 36 36 36 36 36 36 36 36 36 36 36 36 36 36 36 36 36 36 36 36 36 36 36 36 36 36 36 36 36 36 36 36 36 36 36 36 36 36 36 36 36 36 36 36 36 36 36 36 36 36 36 36 36 36 36 36 36 36 36 36 36 36 36 36 36 36 36 36 37 36 36 37 37 36 37 37 37 37 37 37 37 37 37 37 37 37 37 36 36 37 37 37 37 37 37 37 37 37 37 37 37 37 37 37 37 37 37 37 37 37 37 37 37 37 37 37 37 37 37 37 37 37 37 37 37 37 37 37 37 37 37 37 37 37 37 37 37 37 37 37 37 37 37 37 37 37 37 37 37 37 37 37 37 37 37 37 37 37 37 37 37 37 37 37 37 37 37 37 37 37 37 37 37 37 37 37 37 37 37 37 37 37 37 36 36 36 36 36 36 36 36 36 36 36 36 36 36 36 36 36 36 36 36 36 36 36 36 36 36 36 36 36 36 36 36 36 36 36 36 36 36 36 36 36 36 36 36 36 36 36 36 36 36 36 36 36 36 36 36 36 36 36 36 36 36 36 36 36 36 36 36 36 36 36 36 36 36 36 36 36 36 36 36 36 36 36 36 36 36 36 36 36 36 36 36 36 36 36 36 36 36 36 36 36 36 36 36 36 36 36 36 36 36 36 36 36 37 37 37 37 37 37 37 37 37 37 37 36 36 36 36 36 36 36 36 37 37 37 37 37 37 37 37 37 37 37 37 37 37 37 37 37 37 37 37 37 37 37 37 37 37 37 37 37 37 37 37 37 37 37 37 37 37 37 37 37 37 37 37 37 37 37 37 37 37 37 37 37 37 37 37 37 37 37 37 37 37 37 37 37 37 37 37 37 37 37 37 37 37 37 37 37 37 37 37 37 37 37 37 37 37 37 37 36 36 36 36 36 36 36 36 36 36 36 36 36 36 36 36 36 36 36 36 36 36 36 36 36 36 36 36 36 36 36 36 36 36 36 36 36 36 36 36 36 36 36 36 36 36 36 36 36 36 36 36 36 36 36 36 36 36 36 36 36 36 36 36 36 36 36 36 36 36 36 36 36 36 36 36 36 36 36 36 36 36 36 36 36 36 36 36 36 36 36 36 36 36 36 36 36 36 36 36 36 36 36 36 36 36 36 36 36 36 36 36 36 36 36 36 36 36 37 37 37 37 37 37 37 36 36 36 36 36 36 36 36 37 36 36 36 37 37 37 37 37 37 37 37 37 37 37 37 37 37 37 37 37 37 37 37 37 37 37 37 37 37 37 37 37 37 37 37 37 37 37 37 37 37 37 37 37 37 37 37 37 37 37 37 37 37 37 37 37 37 37 37 37 37 37 37 37 37 37 37 37 37 37 37 37 37 37 37 37 37 37 37 37 37 37 37 37 37 37 37 36 36 36 36 36 36 36 36 36 36 36 36 36 36 36 36 36 36 36 36 36 36 36 36 36 36 36 36 36 36 36 36 36 36 36 36 36 36 36 36 36 36 36 36 36 36 36 36 36 36 36 36 36 36 36 36 36 36 36 36 36 36 36 36 36 36 36 36 36 36 36 36 36 36 36 36 36 36 36 36 36 36 36 36 36 36 36 36 36 36 36 36 36 36 36 36 36 36 36 36 36 36 36 36 36 36 36 36 36 36 36 36 36 36 36 36 36 36 36 36 36 36 37 37 37 37 37 36 36 36 36 36 36 36 36 36 36 36 36 36 36 36 36 37 37 37 37 37 37 37 37 37 37 37 37 37 37 37 37 37 37 37 37 37 37 37 37 37 37 37 37 37 37 37 37 37 37 37 37 37 37 37 37 37 37 37 37 37 37 37 37 37 37 37 37 37 37 37 37 37 37 37 37 37 37 37 37 37 37 37 37 37 37 37 37 37 37 37 37 37 37 37 36 36 36 36 36 36 36 36 36 36 36 36 36 36 36 36 36 36 36 36 36 36 36 36 36 36 36 36 36 36 36 36 36 36 36 36 36 36 36 36 36 36 36 36 36 36 36 36 36 36 36 36 36 36 36 36 36 36 36 36 36 36 36 36 36 36 36 36 36 36 36 36 36 36 36 36 36 36 36 36 36 36 36 36 36 36 36 36 36 36 36 36 36 36 36 36 36 36 36 36 36 36 36 36 36 36 36 36 36 36 36 36 36 36 36 36 36 36 36 36 36 36 36 36 36 36 37 37 36 36 36 36 36 36 36 36 36 36 36 36 36 36 36 36 36 36 36 36 37 37 37 37 37 37 37 37 37 37 37 37 37 37 37 37 37 37 37 37 37 37 37 37 37 37 37 37 37 37 37 37 37 37 37 37 37 37 37 37 37 37 37 37 37 37 37 37 37 37 37 37 37 37 37 37 37 37 37 37 37 37 37 37 37 37 37 37 37 37 37 37 37 37 36 36 36 36 36 36 36 36 36 36 36 36 36 36 36 36 36 36 36 36 36 36 36 36 36 36 36 36 36 36 36 36 36 36 36 36 36 36 36 36 36 36 36 36 36 36 36 36 36 36 36 36 36 36 36 36 36 36 36 36 36 36 36 36 36 36 36 35 35 35 35 36 36 36 36 36 36 36 36 36 36 36 36 36 36 36 36 36 36 36 36 36 36 36 36 36 36 36 36 36 36 36 36 36 36 36 36 36 36 36 36 36 36 36 36 36 36 36 36 36 36 36 36 36 36 36 36 36 36 36 36 36 36 36 36 36 36 36 36 36 36 36 36 36 36 36 36 36 36 36 37 37 37 37 37 37 37 37 37 37 37 37 37 37 37 37 37 37 37 37 37 37 37 37 37 37 37 37 37 37 37 37 37 37 37 37 37 37 37 37 37 37 37 37 37 37 37 37 37 37 37 37 37 37 37 37 37 37 37 37 37 37 37 37 37 37 37 37 37 37 37 37 36 36 36 36 36 36 36 36 36 36 36 36 36 36 36 36 36 36 36 36 36 36 36 36 36 36 36 36 36 36 36 36 36 36 36 36 36 36 36 36 36 36 36 36 36 35 35 35 35 35 35 35 35 35 35 35 35 35 35 35 35 35 35 35 35 35 35 35 35 35 35 35 35 35 35 35 35 35 35 35 35 36 36 36 36 36 36 36 36 36 36 36 36 36 36 36 36 36 36 36 36 36 36 36 36 36 36 36 36 36 36 36 36 36 36 36 36 36 36 36 36 36 36 36 36 36 36 36 36 36 36 36 36 36 36 36 36 36 36 36 36 36 36 36 36 36 36 36 36 36 36 36 36 36 36 36 36 36 37 37 37 37 37 37 37 37 37 37 37 37 37 37 37 37 37 37 37 37 37 37 37 37 37 37 37 37 37 37 37 37 37 37 37 37 37 37 37 37 37 37 37 37 37 37 37 37 37 37 37 37 37 37 37 37 37 37 37 37 37 37 37 37 37 37 36 36 36 36 36 36 36 36 36 36 36 36 36 36 36 36 36 36 36 36 36 36 36 36 36 36 36 36 36 36 36 35 36 36 36 35 35 35 35 35 35 35 35 35 35 35 35 35 35 35 35 35 35 35 35 35 35 35 35 35 35 35 35 35 35 35 35 35 35 35 35 35 35 35 35 35 35 35 35 35 35 35 35 35 35 36 36 36 36 36 36 36 36 36 36 36 36 36 36 36 36 36 36 36 36 36 36 36 36 36 36 36 36 36 36 36 36 36 36 36 36 36 36 36 36 36 36 36 36 36 36 36 36 36 36 36 36 36 36 36 36 36 36 36 36 36 36 36 36 36 36 36 36 36 36 36 36 36 37 37 37 37 37 37 37 37 37 37 37 37 37 37 37 37 37 37 37 37 37 37 37 37 37 37 37 37 37 37 37 37 37 37 37 37 37 37 37 37 37 37 37 37 37 37 37 37 37 37 37 37 37 37 37 37 37 37 37 37 37 37 37 37 37 36 36 36 36 36 36 36 36 36 36 36 36 36 36 36 36 36 36 36 36 36 36 36 36 36 36 36 36 36 36 36 35 35 35 35 35 35 35 35 35 35 35 35 35 35 35 35 35 35 35 35 35 35 35 35 35 35 35 35 35 35 35 35 35 35 35 35 35 35 35 35 35 35 35 35 35 35 35 35 35 35 35 35 35 35 35 35 35 35 35 36 36 36 36 36 36 36 36 36 36 36 36 36 36 36 36 36 36 36 36 36 36 36 36 36 36 36 36 36 36 36 36 36 36 36 36 36 36 36 36 36 36 36 36 36 36 36 36 36 36 36 36 36 36 36 36 36 36 36 36 36 36 36 36 36 36 36 36 36 36 37 37 37 37 37 37 37 37 37 37 37 37 37 37 37 37 37 37 37 37 37 37 37 37 37 37 37 37 37 37 37 37 37 37 37 37 37 37 37 37 37 37 37 37 37 37 37 37 37 37 37 37 37 37 37 37 37 37 37 37 37 37 37 36 36 36 36 36 36 36 36 36 36 36 36 36 36 36 36 36 36 36 36 36 36 36 36 36 36 36 35 35 35 35 35 35 35 35 35 35 35 35 35 35 35 35 35 35 35 35 35 35 35 35 35 35 35 35 35 35 35 35 35 35 35 35 35 35 35 35 35 35 35 35 35 35 35 35 35 35 35 35 35 35 35 35 35 35 35 35 35 35 35 35 35 35 35 36 36 36 36 36 36 36 36 36 36 36 36 36 36 36 36 36 36 36 36 36 36 36 36 36 36 36 36 36 36 36 36 36 36 36 36 36 36 36 36 36 36 36 36 36 36 36 36 36 36 36 36 36 36 36 36 36 36 36 36 36 36 36 36 36 36 36 37 37 37 37 37 37 37 37 37 37 37 37 37 37 37 37 37 37 37 37 37 37 37 37 37 37 37 37 37 37 37 37 37 37 37 37 37 37 37 37 37 37 37 37 37 37 37 37 37 37 37 37 37 37 37 37 37 37 37 37 37 36 36 36 36 36 36 36 36 36 36 36 36 36 36 36 36 36 36 36 36 36 36 35 35 35 35 35 35 35 35 35 35 35 35 35 35 35 35 35 35 35 35 35 35 35 35 35 35 35 35 35 35 35 35 35 35 35 35 35 35 35 35 35 35 35 35 35 35 35 35 35 35 35 35 35 35 35 35 35 35 35 35 35 35 35 35 35 35 35 35 35 35 35 35 35 35 35 36 36 36 36 36 36 36 36 36 36 36 36 36 36 36 36 36 36 36 36 36 36 36 36 36 36 36 36 36 36 36 36 36 36 36 36 36 36 36 36 36 36 36 36 36 36 36 36 36 36 36 36 36 36 36 36 36 36 36 36 36 36 36 36 36 36 36 36 36 37 37 37 37 37 37 37 37 37 37 37 37 37 37 37 37 37 37 37 37 37 37 37 37 37 37 37 37 37 37 37 37 37 37 37 37 37 37 37 37 37 37 37 37 37 37 37 37 37 37 37 37 37 37 37 37 37 37 37 36 36 36 36 36 36 36 36 36 36 36 36 36 36 36 36 36 36 36 36 35 35 35 35 35 35 35 35 35 35 35 35 35 35 35 35 35 35 35 35 35 35 35 35 35 35 35 35 35 35 35 35 35 35 35 35 35 35 35 35 35 35 35 35 35 35 35 35 35 35 35 35 35 35 35 35 35 35 35 35 35 35 35 35 35 35 35 35 35 35 35 35 35 35 35 35 35 35 35 35 35 35 35 35 36 36 36 36 36 36 36 36 36 36 36 36 36 36 36 36 36 36 36 36 36 36 36 36 36 36 36 36 36 36 36 36 36 36 36 36 36 36 36 36 36 36 36 36 36 36 36 36 36 36 36 36 36 36 36 36 36 36 36 36 36 36 36 36 36 36 37 37 37 37 37 37 37 37 37 37 37 37 37 37 37 37 37 37 37 37 37 37 37 37 37 37 37 37 37 37 37 37 37 37 37 37 37 37 37 37 37 37 37 37 37 37 37 37 37 37 37 37 37 37 37 37 37 37 37 36 36 36 36 36 36 36 36 36 36 36 36 36 35 35 35 35 35 35 35 35 35 35 35 35 35 35 35 35 35 35 35 35 35 35 35 35 35 35 35 35 35 35 35 35 35 35 35 35 35 35 35 35 35 35 35 35 35 35 35 35 35 35 35 35 35 35 35 35 35 35 35 35 35 35 35 35 35 35 35 35 35 35 35 35 35 35 35 35 35 35 35 35 35 35 35 35 35 35 35 35 35 35 35 35 35 35 36 36 36 36 36 36 36 36 36 36 36 36 36 36 36 36 36 36 36 36 36 36 36 36 36 36 36 36 36 36 36 36 36 36 36 36 36 36 36 36 36 36 36 36 36 36 36 36 36 36 36 36 36 36 36 36 36 36 36 36 36 36 36 36 36 36 37 37 37 37 37 37 37 37 37 37 37 37 37 37 37 37 37 37 37 37 37 37 37 37 37 37 37 37 37 37 37 37 37 37 37 37 37 37 37 37 37 37 37 37 37 37 37 37 37 37 37 37 37 37 37 37 37 36 36 36 36 36 36 36 36 36 35 35 35 35 35 35 35 35 35 35 35 35 35 35 35 35 35 35 35 35 35 35 35 35 35 35 35 35 35 35 35 35 35 35 35 35 35 35 35 35 35 35 35 35 35 35 35 35 35 35 35 35 35 35 35 35 35 35 35 35 35 35 35 35 35 35 35 35 35 35 35 35 35 35 35 35 35 35 35 35 35 35 35 35 35 35 35 35 35 35 35 35 35 35 35 35 35 35 35 35 35 35 36 36 36 36 36 36 36 36 36 36 36 36 36 36 36 36 36 36 36 36 36 36 36 36 36 36 36 36 36 36 36 36 36 36 36 36 36 36 36 36 36 36 36 36 36 36 36 36 36 36 36 36 36 36 36 36 36 36 36 36 36 36 36 36 37 37 37 37 37 37 37 37 37 37 37 37 37 37 37 37 37 37 37 37 37 37 37 37 37 37 37 37 37 37 37 37 37 37 37 37 37 37 37 37 37 37 37 37 37 37 37 37 37 37 37 37 37 37 37 37 36 36 36 35 35 35 35 35 35 35 35 35 35 35 35 35 35 35 35 35 35 35 35 35 35 35 35 35 35 35 35 35 35 35 35 35 35 35 35 35 35 35 35 35 35 35 35 35 35 35 35 35 35 35 35 35 35 35 35 35 35 35 35 35 35 35 35 35 35 35 35 35 35 35 35 35 35 35 35 35 35 35 35 35 35 35 35 35 35 35 35 35 35 35 35 35 35 35 35 35 35 35 35 35 35 35 35 35 35 35 35 36 36 36 36 36 36 36 36 36 36 36 36 36 36 36 36 36 36 36 36 36 36 36 36 36 36 36 36 36 36 36 36 36 36 36 36 36 36 36 36 36 36 36 36 36 36 36 36 36 36 36 36 36 36 36 36 36 36 36 36 36 37 37 37 37 37 37 37 37 37 37 37 37 37 37 37 37 37 37 37 37 37 37 37 37 37 37 37 37 37 37 37 37 37 37 37 37 37 37 37 37 37 37 37 37 37 37 37 37 37 37 37 37 37 37 37 35 35 35 35 35 35 35 35 35 35 35 35 35 35 35 35 35 35 35 35 35 35 35 35 35 35 35 35 35 35 35 35 35 35 35 35 35 35 35 35 35 35 35 35 35 35 35 35 35 35 35 35 35 35 35 35 35 35 35 35 35 35 35 35 35 35 35 35 35 35 35 35 35 35 35 35 35 35 35 35 35 35 35 35 35 35 35 35 35 35 35 35 35 35 35 35 35 35 35 35 35 35 35 35 35 35 35 35 35 35 35 36 36 36 36 36 36 36 36 36 36 36 36 36 36 36 36 36 36 36 36 36 36 36 36 36 36 36 36 36 36 36 36 36 36 36 36 36 36 36 36 36 36 36 36 36 36 36 36 36 36 36 36 36 36 36 36 36 36 36 36 36 37 37 37 37 37 37 37 37 37 37 37 37 37 37 37 37 37 37 37 37 37 37 37 37 37 37 37 37 37 37 37 37 37 37 37 37 37 37 37 37 37 37 37 37 37 37 37 37 37 37 37 37 35 35 35 35 35 35 35 35 35 35 35 35 35 35 35 35 35 35 35 35 35 35 35 35 35 35 35 35 35 35 35 35 35 35 35 35 35 35 35 35 35 35 35 35 35 35 35 35 35 35 35 35 35 35 35 35 35 35 35 35 35 35 35 35 35 35 35 35 35 35 35 35 35 35 35 35 35 35 35 35 35 35 35 35 35 35 35 35 35 35 35 35 35 35 35 35 35 35 35 35 35 35 35 35 35 35 35 35 35 35 36 36 36 36 36 36 36 36 36 36 36 36 36 36 36 36 36 36 36 36 36 36 36 36 36 36 36 36 36 36 36 36 36 36 36 36 36 36 36 36 36 36 36 36 36 36 36 36 36 36 36 36 36 36 36 36 36 36 36 36 37 37 37 37 37 37 37 37 37 37 37 37 37 37 37 37 37 37 37 37 37 37 37 37 37 37 37 37 37 37 37 37 37 37 37 37 37 37 37 37 37 37 37 37 37 37 37 37 37 37 37 35 35 35 35 35 35 35 35 35 35 35 35 35 35 35 35 35 35 35 35 35 35 35 35 35 35 35 35 35 35 35 35 35 35 35 35 35 35 35 35 35 35 35 35 35 35 35 35 35 35 35 35 35 35 35 35 35 35 35 35 35 35 35 35 35 35 35 35 35 35 35 35 35 35 35 35 35 35 35 35 35 35 35 35 35 35 35 35 35 35 35 35 35 35 35 35 35 35 35 35 35 35 35 36 36 36 36 36 36 36 36 36 36 36 36 36 36 36 36 36 36 36 36 36 36 36 36 36 36 36 36 36 36 36 36 36 36 36 36 36 36 36 36 36 36 36 36 36 36 36 36 36 36 36 36 36 36 36 36 36 36 37 37 37 37 37 37 37 37 37 37 37 37 37 37 37 37 37 37 37 37 37 37 37 37 37 37 37 37 37 37 37 37 37 37 37 37 37 37 37 37 37 37 37 37 37 37 37 37 37 35 35 35 35 35 35 35 35 35 35 35 34 34 34 34 34 34 34 34 34 34 34 34 34 34 34 34 34 34 34 34 34 34 34 34 34 34 34 34 34 34 34 34 34 34 34 34 35 35 35 35 35 35 35 35 35 35 35 35 35 35 35 35 35 35 35 35 35 35 35 35 35 35 35 35 35 35 35 35 35 35 35 35 35 35 35 35 35 35 35 35 35 35 35 35 35 35 35 35 35 35 35 35 35 36 36 36 36 36 35 35 35 36 35 35 36 36 36 36 36 36 36 36 36 36 36 36 36 36 36 36 36 36 36 36 36 36 36 36 36 36 36 36 36 36 36 36 36 36 36 36 36 36 36 36 36 36 36 36 37 37 37 37 37 37 37 37 37 37 37 37 37 37 37 37 37 37 37 37 37 37 37 37 37 37 37 37 37 37 37 37 37 37 37 37 37 37 37 37 37 37 37 37 37 37 37 37 35 35 35 35 35 35 35 35 34 34 34 34 34 34 34 34 34 34 34 34 34 34 34 34 34 34 34 34 34 34 34 34 34 34 34 34 34 34 34 34 34 34 34 34 34 34 34 34 34 34 34 34 34 34 34 34 35 35 34 34 34 34 35 35 35 35 35 35 35 35 35 35 35 35 35 35 35 35 35 35 35 35 35 35 35 35 35 35 35 35 35 35 35 35 35 35 35 35 35 35 35 35 35 35 35 36 36 36 35 35 35 35 35 35 36 36 36 36 36 36 36 36 36 36 36 36 36 36 36 36 36 36 36 36 36 36 36 36 36 36 36 36 36 36 36 36 36 36 36 36 36 36 36 36 36 36 36 36 37 37 37 37 37 37 37 37 37 37 37 37 37 37 37 37 37 37 37 37 37 37 37 37 37 37 37 37 37 37 37 37 37 37 37 37 37 37 37 37 37 37 37 37 37 37 34 34 34 34 34 34 34 34 34 34 34 34 34 34 34 34 34 34 34 34 34 34 34 34 34 34 34 34 34 34 34 34 34 34 34 34 34 34 34 34 34 34 34 34 34 34 34 34 34 34 34 34 34 34 34 34 34 34 34 34 34 34 34 34 34 34 35 35 35 35 35 35 35 35 35 35 35 35 35 35 35 35 35 35 35 35 35 35 35 35 35 35 35 35 35 35 35 35 35 35 35 35 35 35 35 35 35 35 35 35 35 35 35 35 35 35 36 36 36 36 36 36 36 36 36 36 36 36 36 36 36 36 36 36 36 36 36 36 36 36 36 36 36 36 36 36 36 36 36 36 36 36 36 36 36 36 36 36 37 37 37 37 37 37 37 37 37 37 37 37 37 37 37 37 37 37 37 37 37 37 37 37 37 37 37 37 37 37 37 37 37 37 37 37 37 37 37 37 37 37 37 37 34 34 34 34 34 34 34 34 34 34 34 34 34 34 34 34 34 34 34 34 34 34 34 34 34 34 34 34 34 34 34 34 34 34 34 34 34 34 34 34 34 34 34 34 34 34 34 34 34 34 34 34 34 34 34 34 34 34 34 34 34 34 34 34 34 34 34 34 34 34 35 35 35 35 35 35 35 35 35 35 35 35 35 35 35 35 35 35 35 35 35 35 35 35 35 35 35 35 35 35 35 35 35 35 35 35 35 35 35 35 35 35 35 35 35 35 35 35 35 36 36 36 36 36 36 36 36 36 36 36 36 36 36 36 36 36 36 36 36 36 36 36 36 36 36 36 36 36 36 36 36 36 36 36 36 36 36 36 37 37 37 37 37 37 37 37 37 37 37 37 37 37 37 37 37 37 37 37 37 37 37 37 37 37 37 37 37 37 37 37 37 37 37 37 37 37 37 37 37 37 37 34 34 34 34 34 34 34 34 34 34 34 34 34 34 34 34 34 34 34 34 34 34 34 34 34 34 34 34 34 34 34 34 34 34 34 34 34 34 34 34 34 34 34 34 34 34 34 34 34 34 34 34 34 34 34 34 34 34 34 34 34 34 34 34 34 34 34 34 34 34 34 34 34 34 34 34 34 34 34 34 34 34 35 35 35 35 35 35 35 35 35 35 35 35 35 35 35 35 35 35 35 35 35 35 35 35 35 35 35 35 35 35 35 35 35 35 35 35 35 35 35 35 35 35 35 35 35 35 35 36 36 36 36 36 36 36 36 36 36 36 36 36 36 36 36 36 36 36 36 36 36 36 36 36 36 36 36 36 36 36 36 36 36 36 36 36 37 37 37 37 37 37 37 37 37 37 37 37 37 37 37 37 37 37 37 37 37 37 37 37 37 37 37 37 37 37 37 37 37 37 37 37 37 37 37 37 37 37 37 34 34 34 34 34 34 34 34 34 34 34 34 34 34 34 34 34 34 34 34 34 34 34 34 34 34 34 34 34 34 34 34 34 34 34 34 34 34 34 34 34 34 34 34 34 34 34 34 34 34 34 34 34 34 34 34 34 34 34 34 34 34 34 34 34 34 34 34 34 34 34 34 34 34 34 34 34 34 34 34 34 34 34 34 34 34 34 34 34 34 35 35 35 35 35 35 35 35 35 35 35 35 35 35 35 35 35 35 35 35 35 35 35 35 35 35 35 35 35 35 35 35 35 35 35 35 35 35 35 35 35 35 35 35 35 36 36 36 36 36 36 36 36 36 36 36 36 36 36 36 36 36 36 36 36 36 36 36 36 36 36 36 36 36 36 36 36 36 36 36 36 37 37 37 37 37 37 37 37 37 37 37 37 37 37 37 37 37 37 37 37 37 37 37 37 37 37 37 37 37 37 37 37 37 37 37 37 37 37 37 37 37 37 37 37 37 37 37 37 37 37 34 34 34 34 34 34 34 34 34 34 34 34 34 34 34 34 34 34 34 34 34 34 34 34 34 34 34 34 34 34 34 34 34 34 34 34 34 34 34 34 34 34 34 34 34 34 34 34 34 34 34 34 34 34 34 34 34 34 34 34 34 34 34 34 34 34 34 34 34 34 34 34 34 34 34 34 34 34 34 34 34 34 34 34 34 34 34 34 34 34 34 34 34 35 35 35 35 35 35 35 35 35 35 35 35 35 35 35 35 35 35 35 35 35 35 35 35 35 35 35 35 35 35 35 35 35 35 35 35 35 35 35 35 35 35 35 36 36 36 36 36 36 36 36 36 36 36 36 36 36 36 36 36 36 36 36 36 36 36 36 36 36 36 36 36 36 36 36 36 36 36 37 37 37 37 37 37 37 37 37 37 37 37 37 37 37 37 37 37 37 37 37 37 37 37 37 37 37 37 37 37 37 37 37 37 37 37 37 37 37 37 37 37 37 37 37 37 37 37 37 37 37 37 34 34 34 34 34 34 34 34 34 34 34 34 34 34 34 34 34 34 34 34 34 34 34 34 34 34 34 34 34 34 34 34 34 34 34 34 34 34 34 34 34 34 34 34 34 34 34 34 34 34 34 34 34 34 34 34 34 34 34 34 34 34 34 34 34 34 34 34 34 34 34 34 34 34 34 34 34 34 34 34 34 34 34 34 34 34 34 34 34 34 34 34 34 34 34 34 35 35 35 35 35 35 35 35 35 35 35 35 35 35 35 35 35 35 35 35 35 35 35 35 35 35 35 35 35 35 35 35 35 35 35 35 35 35 35 35 35 35 36 36 36 36 36 36 36 36 36 36 36 36 36 36 36 36 36 36 36 36 36 36 36 36 36 36 36 36 36 36 36 36 36 37 37 37 37 37 37 37 37 37 37 37 37 37 37 37 37 37 37 37 37 37 37 37 37 37 37 37 37 37 37 37 37 37 37 37 37 37 37 37 37 37 37 37 37 37 37 37 37 37 37 37 37 37 37 34 34 34 34 34 34 34 34 34 34 34 34 34 34 34 34 34 34 34 34 34 34 34 34 34 34 34 34 34 34 34 34 34 34 34 34 34 34 34 34 34 34 34 34 34 34 34 34 34 34 34 34 34 34 34 34 34 34 34 34 34 34 34 34 34 34 34 34 34 34 34 34 34 34 34 34 34 34 34 34 34 34 34 34 34 34 34 34 34 34 34 34 34 34 34 34 34 34 34 34 35 35 35 35 35 35 35 35 35 35 35 35 35 35 35 35 35 35 35 35 35 35 35 35 35 35 35 35 35 35 35 35 35 35 35 35 35 35 35 35 36 35 36 36 36 36 36 36 36 36 36 36 36 36 36 36 36 36 36 36 36 36 36 36 36 36 36 36 36 36 36 36 37 37 37 37 37 37 37 37 37 37 37 37 37 37 37 37 37 37 37 37 37 37 37 37 37 37 37 37 37 37 37 37 37 37 37 37 37 37 37 37 37 37 37 37 37 37 37 37 37 37 37 37 37 37 37 34 34 34 34 34 34 34 34 34 34 34 34 34 34 34 34 34 34 34 34 34 34 34 34 34 34 34 34 34 34 34 34 34 34 34 34 34 34 34 34 34 34 34 34 34 34 34 34 34 34 34 34 34 34 34 34 34 34 34 34 34 34 34 34 34 34 34 34 34 34 34 34 34 34 34 34 34 34 34 34 34 34 34 34 34 34 34 34 34 34 34 34 34 34 34 34 34 34 34 34 34 34 35 35 35 35 35 35 35 35 35 35 35 35 35 35 35 35 35 35 35 35 35 35 35 35 35 35 35 35 35 35 35 35 35 35 35 35 35 35 35 36 35 36 36 36 36 36 36 36 36 36 36 36 36 36 36 36 36 36 36 36 36 36 36 36 36 36 36 36 36 37 37 37 37 37 37 37 37 37 37 37 37 37 37 37 37 37 37 37 37 37 37 37 37 37 37 37 37 37 37 37 37 37 37 37 37 37 37 37 37 37 37 37 37 37 37 37 37 37 37 37 37 37 37 37 37 34 34 34 34 34 34 34 34 34 34 34 34 34 34 34 34 34 34 34 34 33 33 33 33 33 33 33 33 33 33 33 33 33 33 33 33 33 33 33 33 33 34 34 34 34 34 34 34 34 34 34 34 34 34 34 34 34 34 34 34 34 34 34 34 34 34 34 34 34 34 34 34 34 34 34 34 34 34 34 34 34 34 34 34 34 34 34 34 34 34 34 34 34 34 34 34 34 34 34 34 34 34 34 34 35 35 35 35 35 35 35 35 35 35 35 35 35 35 35 35 35 35 35 35 35 35 35 35 35 35 35 35 35 35 35 35 35 35 35 35 35 36 36 36 36 36 36 36 36 36 36 36 36 36 36 36 36 36 36 36 36 36 36 36 36 36 36 36 36 36 36 37 37 37 37 37 37 37 37 37 37 37 37 37 37 37 37 37 37 37 37 37 37 37 37 37 37 37 37 37 37 37 37 37 37 37 37 37 37 37 37 37 37 37 37 37 37 37 37 37 37 37 37 37 37 34 34 34 34 34 34 34 34 34 34 34 33 33 33 33 33 34 34 33 33 33 33 33 33 33 33 33 33 33 33 33 33 33 33 33 33 33 33 33 33 33 33 33 33 33 33 33 33 33 33 33 33 34 34 34 34 34 34 34 34 34 34 34 34 34 34 34 34 33 34 34 34 34 34 34 34 34 34 34 34 34 34 34 34 34 34 34 34 34 34 34 34 34 34 34 34 34 34 34 34 34 34 34 34 35 35 35 35 35 35 35 35 35 35 35 35 35 35 35 35 35 35 35 35 35 35 35 35 35 35 35 35 35 35 35 35 35 35 35 35 35 36 35 36 36 36 36 36 36 36 36 36 36 36 36 36 36 36 36 36 36 36 36 36 36 36 36 36 36 36 37 37 37 37 37 37 37 37 37 37 37 37 37 37 37 37 37 37 37 37 37 37 37 37 37 37 37 37 37 37 37 37 37 37 37 37 37 37 37 37 37 37 37 37 37 37 37 37 37 37 37 37 33 33 33 33 33 33 33 33 33 33 33 33 33 33 33 33 33 33 33 33 33 33 33 33 33 33 33 33 33 33 33 33 33 33 33 33 33 33 33 33 33 33 33 33 33 33 33 33 33 33 33 33 33 33 33 33 33 33 33 33 34 34 34 34 34 34 34 33 33 33 33 33 34 34 34 34 34 34 34 34 34 34 34 34 34 34 34 34 34 34 34 34 34 34 34 34 34 34 34 34 34 34 34 34 34 35 35 35 35 35 35 35 35 35 35 35 35 35 35 35 35 35 35 35 35 35 35 35 35 35 35 35 35 35 35 35 35 35 35 35 35 35 35 36 36 36 36 36 36 36 36 36 36 36 36 36 36 36 36 36 36 36 36 36 36 36 36 36 36 36 37 37 37 37 37 37 37 37 37 37 37 37 37 37 37 37 37 37 37 37 37 37 37 37 37 37 37 37 37 37 37 37 37 37 37 37 37 37 37 37 37 37 37 37 37 37 37 37 37 37 37 37 37 37 33 33 33 33 33 33 33 33 33 33 33 33 33 33 33 33 33 33 33 33 33 33 33 33 33 33 33 33 33 33 33 33 33 33 33 33 33 33 33 33 33 33 33 33 33 33 33 33 33 33 33 33 33 33 33 33 33 33 33 33 33 33 33 33 33 33 34 34 34 34 34 34 34 34 34 34 34 34 34 34 34 34 34 34 34 34 34 34 34 34 34 34 34 34 34 34 34 34 34 34 34 34 34 34 34 34 35 35 35 35 35 35 35 35 35 35 35 35 35 35 35 35 35 35 35 35 35 35 35 35 35 35 35 35 35 35 35 35 35 35 35 35 35 35 35 35 35 35 35 35 36 36 36 36 36 36 36 36 36 36 36 36 36 36 36 36 36 36 36 36 36 36 36 36 37 37 37 37 37 37 37 37 37 37 37 37 37 37 37 37 37 37 37 37 37 37 37 37 37 37 37 37 37 37 37 37 37 37 37 37 37 37 37 37 37 37 38 38 38 38 38 38 38 38 38 38 38 33 33 33 33 33 33 33 33 33 33 33 33 33 33 33 33 33 33 33 33 33 33 33 33 33 33 33 33 33 33 33 33 33 33 33 33 33 33 33 33 33 33 33 33 33 33 33 33 33 33 33 33 33 33 33 33 33 33 33 33 33 33 33 33 33 33 33 34 34 34 34 34 34 34 34 34 34 34 34 34 34 34 34 34 34 34 34 34 34 34 34 34 34 34 34 34 34 34 34 34 34 34 34 34 34 34 34 34 34 35 35 35 35 35 35 35 35 35 35 35 35 35 35 35 35 35 35 35 35 35 35 35 35 35 35 35 35 35 35 35 35 35 35 35 35 35 35 35 35 35 35 36 36 36 36 36 36 36 36 36 36 36 36 36 36 36 36 36 36 36 36 36 36 36 36 36 37 37 37 37 37 37 37 37 37 37 37 37 37 37 37 37 37 37 37 37 37 37 37 37 37 37 37 37 37 37 37 37 37 37 37 37 37 37 37 37 37 38 38 38 38 38 38 38 38 38 38 38 33 33 33 33 33 33 33 33 33 33 33 33 33 33 33 33 33 33 33 33 33 33 33 33 33 33 33 33 33 33 33 33 33 33 33 33 33 33 33 33 33 33 33 33 33 33 33 33 33 33 33 33 33 33 33 33 33 33 33 33 33 33 33 33 33 33 33 33 33 33 33 33 33 34 34 34 34 34 34 34 34 34 34 34 34 34 34 34 34 34 34 34 34 34 34 34 34 34 34 34 34 34 34 34 34 34 34 34 34 34 34 34 34 34 34 34 34 35 35 35 35 35 35 35 35 35 35 35 35 35 35 35 35 35 35 35 35 35 35 35 35 35 35 35 35 35 35 35 35 35 35 35 35 35 35 35 35 35 36 36 36 36 36 36 36 36 36 36 36 36 36 36 36 36 36 36 36 36 36 36 36 36 37 37 37 37 37 37 37 37 37 37 37 37 37 37 37 37 37 37 37 37 37 37 37 37 37 37 37 37 37 37 37 37 37 37 37 37 37 37 37 37 37 38 38 38 38 38 38 38 38 38 38 38 38 33 33 33 33 33 33 33 33 33 33 33 33 33 33 33 33 33 33 33 33 33 33 33 33 33 33 33 33 33 33 33 33 33 33 33 33 33 33 33 33 33 33 33 33 33 33 33 33 33 33 33 33 33 33 33 33 33 33 33 33 33 33 33 33 33 33 33 33 33 33 33 33 33 33 34 34 34 34 34 34 34 34 34 34 34 34 34 34 34 34 34 34 34 34 34 34 34 34 34 34 34 34 34 34 34 34 34 34 34 34 34 34 34 34 34 34 34 34 34 34 35 35 35 35 35 35 35 35 35 35 35 35 35 35 35 35 35 35 35 35 35 35 35 35 35 35 35 35 35 35 35 35 35 35 35 35 35 35 35 35 36 36 36 36 36 36 36 36 36 36 36 36 36 36 36 36 36 36 36 36 36 36 36 36 37 37 37 37 37 37 37 37 37 37 37 37 37 37 37 37 37 37 37 37 37 37 37 37 37 37 37 37 37 37 37 37 37 37 37 37 37 37 37 37 38 38 38 38 38 38 38 38 38 38 38 38 33 33 33 33 33 33 33 33 33 33 33 33 33 33 33 33 33 33 33 33 33 33 33 33 33 33 33 33 33 33 33 33 33 33 33 33 33 33 33 33 33 33 33 33 33 33 33 33 33 33 33 33 33 33 33 33 33 33 33 33 33 33 33 33 33 33 33 33 33 33 33 33 33 33 33 33 33 33 33 34 34 34 34 34 34 34 34 34 34 34 34 34 34 34 34 34 34 34 34 34 34 34 34 34 34 34 34 34 34 34 34 34 34 34 34 34 34 34 34 34 34 35 35 35 35 35 35 35 35 35 35 35 35 35 35 35 35 35 35 35 35 35 35 35 35 35 35 35 35 35 35 35 35 35 35 35 35 35 35 35 35 36 36 36 36 36 36 36 36 36 36 36 36 36 36 36 36 36 36 36 36 36 36 36 37 37 37 37 37 37 37 37 37 37 37 37 37 37 37 37 37 37 37 37 37 37 37 37 37 37 37 37 37 37 37 37 37 37 37 37 37 37 37 37 38 38 38 38 38 38 38 38 38 38 38 38 38 38 33 33 33 33 33 33 33 33 33 33 33 33 33 33 33 33 33 33 33 33 33 33 33 33 33 33 33 33 33 33 33 33 33 33 33 33 33 33 33 33 33 33 33 33 33 33 33 33 33 33 33 33 33 33 33 33 33 33 33 33 33 33 33 33 33 33 33 33 33 33 33 33 33 33 33 33 33 33 33 33 33 33 34 34 34 34 34 34 34 34 34 34 34 34 34 34 34 34 34 34 34 34 34 34 34 34 34 34 34 34 34 34 34 34 34 34 34 34 34 34 34 34 35 34 35 35 35 35 35 35 35 35 35 35 35 35 35 35 35 35 35 35 35 35 35 35 35 35 35 35 35 35 35 35 35 35 35 35 35 35 35 36 36 36 36 36 36 36 36 36 36 36 36 36 36 36 36 36 36 36 36 36 36 37 37 37 37 37 37 37 37 37 37 37 37 37 37 37 37 37 37 37 37 37 37 37 37 37 37 37 37 37 37 37 37 37 37 37 37 37 37 37 37 38 38 38 38 38 38 38 38 38 38 38 38 38 38 38 32 32 32 32 32 32 32 32 32 32 32 32 32 32 32 32 32 32 32 32 32 33 33 33 33 33 33 33 33 33 33 33 33 33 33 33 33 33 33 33 33 33 33 33 33 33 33 33 33 33 33 33 33 33 33 33 33 33 33 33 33 33 33 33 33 33 33 33 33 33 33 33 33 33 33 33 33 33 33 33 33 33 33 34 34 34 34 34 34 34 34 34 34 34 34 34 34 34 34 34 34 34 34 34 34 34 34 34 34 34 34 34 34 34 34 34 34 34 34 34 34 34 34 34 35 35 35 35 35 35 35 35 35 35 35 35 35 35 35 35 35 35 35 35 35 35 35 35 35 35 35 35 35 35 35 35 35 35 36 36 36 36 36 36 36 36 36 36 36 36 36 36 36 36 36 36 36 36 36 36 36 37 37 37 37 37 37 37 37 37 37 37 37 37 37 37 37 37 37 37 37 37 37 37 37 37 37 37 37 37 37 37 37 37 37 37 37 37 37 37 37 38 38 38 38 38 38 38 38 38 38 38 38 38 38 38 38 38 32 32 32 32 32 32 32 32 32 32 32 32 32 32 32 32 32 32 32 32 32 32 32 32 32 32 32 32 32 32 32 32 32 32 33 33 33 33 33 33 33 33 33 33 33 33 33 33 33 33 33 33 33 33 33 33 33 33 33 33 33 33 33 33 33 33 33 33 33 33 33 33 33 33 33 33 33 33 33 33 33 33 33 33 34 34 34 34 34 34 34 34 34 34 34 34 34 34 34 34 34 34 34 34 34 34 34 34 34 34 34 34 34 34 34 34 34 34 34 34 34 34 34 35 35 35 35 35 35 35 35 35 35 35 35 35 35 35 35 35 35 35 35 35 35 35 35 35 35 35 35 35 35 35 35 35 35 36 36 36 36 36 36 36 36 36 36 36 36 36 36 36 36 36 36 36 36 36 36 37 37 37 37 37 37 37 37 37 37 37 37 37 37 37 37 37 37 37 37 37 37 37 37 37 37 37 37 37 37 37 37 37 37 37 37 37 37 37 37 38 38 38 38 38 38 38 38 38 38 38 38 38 38 38 38 38 38 32 32 32 32 32 32 32 32 32 32 32 32 32 32 32 32 32 32 32 32 32 32 32 32 32 32 32 32 32 32 32 32 32 32 32 32 32 32 32 32 32 32 32 32 32 33 33 33 33 33 33 33 33 33 33 33 33 33 33 33 33 33 33 33 33 33 33 33 33 33 33 33 33 33 33 33 33 33 33 33 33 33 33 33 33 33 34 34 34 34 34 34 34 34 34 34 34 34 34 34 34 34 34 34 34 34 34 34 34 34 34 34 34 34 34 34 34 34 34 34 34 34 34 34 35 35 35 35 35 35 35 35 35 35 35 35 35 35 35 35 35 35 35 35 35 35 35 35 35 35 35 35 35 35 35 35 36 36 36 36 36 36 36 36 36 36 36 36 36 36 36 36 36 36 36 36 36 36 37 37 37 37 37 37 37 37 37 37 37 37 37 37 37 37 37 37 37 37 37 37 37 37 37 37 37 37 37 37 37 37 37 37 37 37 37 37 37 37 38 38 38 38 38 38 38 38 38 38 38 38 38 38 38 38 38 38 38 32 32 32 32 32 32 32 32 32 32 32 32 32 32 32 32 32 32 32 32 32 32 32 32 32 32 32 32 32 32 32 32 32 32 32 32 32 32 32 32 32 32 32 33 33 33 33 33 33 33 33 33 33 33 33 33 33 33 33 33 33 33 33 33 33 33 33 33 33 33 33 33 33 33 33 33 33 33 33 33 34 34 34 34 34 34 34 34 34 34 34 34 34 34 34 34 34 34 34 34 34 34 34 34 34 34 34 34 34 34 34 34 34 34 34 34 35 35 35 35 35 35 35 35 35 35 35 35 35 35 35 35 35 35 35 35 35 35 35 35 35 35 35 35 35 35 35 35 36 36 36 36 36 36 36 36 36 36 36 36 36 36 36 36 36 36 36 36 36 37 37 37 37 37 37 37 37 37 37 37 37 37 37 37 37 37 37 37 37 37 37 37 37 37 37 37 37 37 37 37 37 37 37 37 37 37 37 37 37 38 38 38 38 38 38 38 38 38 38 38 38 38 38 38 38 38 38 38 38 38 32 32 32 32 32 32 32 32 32 32 32 32 32 32 32 32 32 32 32 32 32 32 32 32 32 32 32 32 32 32 32 32 32 32 32 32 32 32 32 32 32 32 32 32 32 32 32 33 33 33 33 33 33 33 33 33 33 33 33 33 33 33 33 33 33 33 33 33 33 33 33 33 33 33 33 33 33 33 33 33 33 33 34 34 34 34 34 34 34 34 34 34 34 34 34 34 34 34 34 34 34 34 34 34 34 34 34 34 34 34 34 34 34 34 34 35 35 35 35 35 35 35 35 35 35 35 35 35 35 35 35 35 35 35 35 35 35 35 35 35 35 35 35 35 35 35 35 36 36 36 36 36 36 36 36 36 36 36 36 36 36 36 36 36 36 36 36 36 36 37 37 37 37 37 37 37 37 37 37 37 37 37 37 37 37 37 37 37 37 37 37 37 37 37 37 37 37 37 37 37 37 37 37 37 37 37 37 37 38 38 38 38 38 38 38 38 38 38 38 38 38 38 38 38 38 38 38 38 38 38 38 38 32 32 32 32 32 32 32 32 32 32 32 32 32 32 32 32 32 32 32 32 32 32 32 32 32 32 32 32 32 32 32 32 32 32 32 32 32 32 32 32 32 32 32 32 32 32 32 32 32 32 32 32 32 33 33 33 33 33 33 33 33 33 33 33 33 33 33 33 33 33 33 33 33 33 33 33 33 33 33 33 33 33 33 33 34 34 34 34 34 34 34 34 34 34 34 34 34 34 34 34 34 34 34 34 34 34 34 34 34 34 34 34 34 34 34 34 34 35 35 35 35 35 35 35 35 35 35 35 35 35 35 35 35 35 35 35 35 35 35 35 35 35 35 35 35 35 35 35 36 36 36 36 36 36 36 36 36 36 36 36 36 36 36 36 36 36 36 36 36 37 37 37 37 37 37 37 37 37 37 37 37 37 37 37 37 37 37 37 37 37 37 37 37 37 37 37 37 37 37 37 37 37 37 37 37 37 37 37 38 38 38 38 38 38 38 38 38 38 38 38 38 38 38 38 38 38 38 38 38 38 38 38 38 38 38 38 38 38 32 32 32 32 32 32 32 32 32 32 32 32 32 32 32 32 32 32 32 32 32 32 32 32 32 32 32 32 32 32 32 32 32 32 32 32 32 32 32 32 32 32 32 32 32 32 32 32 32 32 32 32 32 32 32 32 32 33 33 33 33 33 33 33 33 33 33 33 33 33 33 33 33 33 33 33 33 33 33 33 33 33 33 33 33 33 34 33 33 34 34 34 34 34 34 34 34 34 34 34 34 34 34 34 34 34 34 34 34 34 34 34 34 34 34 34 34 34 35 35 35 35 35 35 35 35 35 35 35 35 35 35 35 35 35 35 35 35 35 35 35 35 35 35 35 35 35 35 36 36 36 36 36 36 36 36 36 36 36 36 36 36 36 36 36 36 36 36 36 37 37 37 37 37 37 37 37 37 37 37 37 37 37 37 37 37 37 37 37 37 37 37 37 37 37 37 37 37 37 37 37 37 37 37 37 37 37 37 38 38 38 38 38 38 38 38 38 38 38 38 38 38 38 38 38 38 38 38 38 38 38 38 38 38 38 38 38 38 38 38 38 38 31 31 31 31 32 32 32 32 32 32 32 32 32 32 32 32 32 32 32 32 32 32 32 32 32 32 32 32 32 32 32 32 32 32 32 32 32 32 32 32 32 32 32 32 32 32 32 32 32 32 32 32 32 32 32 32 32 32 33 33 33 33 33 33 33 33 33 33 33 33 33 33 33 33 33 33 33 33 33 33 33 33 33 33 33 33 33 33 33 33 33 34 34 34 34 34 34 34 34 34 34 34 34 34 34 34 34 34 34 34 34 34 34 34 34 34 34 34 34 35 35 35 35 35 35 35 35 35 35 35 35 35 35 35 35 35 35 35 35 35 35 35 35 35 35 35 35 35 35 36 36 36 36 36 36 36 36 36 36 36 36 36 36 36 36 36 36 36 36 37 37 37 37 37 37 37 37 37 37 37 37 37 37 37 37 37 37 37 37 37 37 37 37 37 37 37 37 37 37 37 37 37 37 37 37 37 37 37 38 38 38 38 38 38 38 38 38 38 38 38 38 38 38 38 38 38 38 38 38 38 38 38 38 38 38 38 38 38 38 38 38 38 38 38 38 38 31 31 31 31 31 31 31 32 32 32 32 32 32 32 32 32 32 32 32 32 32 32 32 32 32 32 32 32 32 32 32 32 32 32 32 32 32 32 32 32 32 32 32 32 32 32 32 32 32 32 32 32 32 32 32 32 32 33 33 33 33 33 33 33 33 33 33 33 33 33 33 33 33 33 33 33 33 33 33 33 33 33 33 33 33 33 33 33 33 33 33 34 34 34 34 34 34 34 34 34 34 34 34 34 34 34 34 34 34 34 34 34 34 34 34 34 34 34 34 35 34 35 35 34 34 34 35 35 35 35 35 35 35 35 35 35 35 35 35 35 35 35 35 35 35 35 35 35 36 36 36 36 36 36 36 36 36 36 36 36 36 36 36 36 36 36 36 36 37 37 37 37 37 37 37 37 37 37 37 37 37 37 37 37 37 37 37 37 37 37 37 37 37 37 37 37 37 37 37 37 37 37 37 37 37 37 37 38 38 38 38 38 38 38 38 38 38 38 38 38 38 38 38 38 38 38 38 38 38 38 38 38 38 38 38 38 38 38 38 38 38 38 38 38 38 38 38 38 38 38 31 31 31 31 31 31 31 31 31 31 31 31 31 31 32 32 32 32 32 32 32 32 32 32 32 32 32 32 32 32 32 32 32 32 32 32 32 32 32 32 32 32 32 32 32 32 32 32 32 32 32 32 32 32 32 33 33 33 33 33 33 33 33 33 33 33 33 33 33 33 33 33 33 33 33 33 33 33 33 33 33 33 33 33 33 33 33 33 33 34 34 34 34 34 34 34 34 34 34 34 34 34 34 34 34 34 34 34 34 34 34 34 34 34 34 34 34 34 34 34 34 34 34 35 35 35 35 35 35 35 35 35 35 35 35 35 35 35 35 35 35 35 35 35 35 35 36 35 36 36 36 36 36 36 36 36 36 36 36 36 36 36 36 36 36 36 36 37 37 37 37 37 37 37 37 37 37 37 37 37 37 37 37 37 37 37 37 37 37 37 37 37 37 37 37 37 37 37 37 37 37 37 37 37 37 38 38 38 38 38 38 38 38 38 38 38 38 38 38 38 38 38 38 38 38 38 38 38 38 38 38 38 38 38 38 38 38 38 38 38 38 38 38 38 38 38 38 38 31 31 31 31 31 31 31 31 31 31 31 31 31 31 31 31 31 31 31 32 32 32 32 32 32 32 32 32 32 32 32 32 32 32 32 32 32 32 32 32 32 32 32 32 32 32 32 32 32 32 32 32 32 33 33 33 33 33 33 33 33 33 33 33 33 33 33 33 33 33 33 33 33 33 33 33 33 33 33 33 33 33 33 33 33 33 33 33 33 34 34 34 34 34 34 34 34 34 34 34 34 34 34 34 34 34 34 34 34 34 34 34 34 34 34 34 34 34 34 34 35 35 35 35 35 35 35 35 35 35 35 35 35 35 35 35 35 35 35 35 35 35 35 35 35 35 36 36 36 36 36 36 36 36 36 36 36 36 36 36 36 36 36 36 37 37 37 37 37 37 37 37 37 37 37 37 37 37 37 37 37 37 37 37 37 37 37 37 37 37 37 37 37 37 37 37 37 37 37 37 37 37 38 38 38 38 38 38 38 38 38 38 38 38 38 38 38 38 38 38 38 38 38 38 38 38 38 38 38 38 38 38 38 38 38 38 38 38 38 38 38 38 38 38 38 38 31 31 31 31 31 31 31 31 31 31 31 31 31 31 31 31 31 31 31 31 31 31 31 32 32 32 32 32 32 32 32 32 32 32 32 32 32 32 32 32 32 32 32 32 32 32 32 32 32 32 32 32 32 33 33 33 33 33 33 33 33 33 33 33 33 33 33 33 33 33 33 33 33 33 33 33 33 33 33 33 33 33 33 33 33 33 33 34 34 34 34 34 34 34 34 34 34 34 34 34 34 34 34 34 34 34 34 34 34 34 34 34 34 34 34 34 34 35 35 35 35 35 35 35 35 35 35 35 35 35 35 35 35 35 35 35 35 35 35 35 35 35 35 36 36 36 36 36 36 36 36 36 36 36 36 36 36 36 36 36 36 37 37 37 37 37 37 37 37 37 37 37 37 37 37 37 37 37 37 37 37 37 37 37 37 37 37 37 37 37 37 37 37 37 37 37 37 37 37 38 38 38 38 38 38 38 38 38 38 38 38 38 38 38 38 38 38 38 38 38 38 38 38 38 38 38 38 38 38 38 38 38 38 38 38 38 38 38 38 38 38 38 38 38 31 31 31 31 31 31 31 31 31 31 31 31 31 31 31 31 31 31 31 31 31 31 31 31 31 31 32 32 32 32 32 32 32 32 32 32 32 32 32 32 32 32 32 32 32 32 32 32 32 32 32 32 32 33 33 33 33 33 33 33 33 33 33 33 33 33 33 33 33 33 33 33 33 33 33 33 33 33 33 33 33 33 33 33 33 34 34 34 34 34 34 34 34 34 34 34 34 34 34 34 34 34 34 34 34 34 34 34 34 34 34 34 34 34 34 35 35 35 35 35 35 35 35 35 35 35 35 35 35 35 35 35 35 35 35 35 35 35 35 35 36 36 36 36 36 36 36 36 36 36 36 36 36 36 36 36 36 36 37 37 37 37 37 37 37 37 37 37 37 37 37 37 37 37 37 37 37 37 37 37 37 37 37 37 37 37 37 37 37 37 37 37 37 37 37 37 38 38 38 38 38 38 38 38 38 38 38 38 38 38 38 38 38 38 38 38 38 38 38 38 38 38 38 38 38 38 38 38 38 38 38 38 38 38 38 38 38 39 39 38 39 31 31 31 31 31 31 31 31 31 31 31 31 31 31 31 31 31 31 31 31 31 31 31 31 31 32 31 32 32 32 32 32 32 32 32 32 32 32 32 32 32 32 32 32 32 32 32 32 32 32 32 32 33 33 33 33 33 33 33 33 33 33 33 33 33 33 33 33 33 33 33 33 33 33 33 33 33 33 33 33 33 33 33 34 34 34 34 34 34 34 34 34 34 34 34 34 34 34 34 34 34 34 34 34 34 34 34 34 34 34 34 34 34 35 35 35 35 35 35 35 35 35 35 35 35 35 35 35 35 35 35 35 35 35 35 35 35 36 36 36 36 36 36 36 36 36 36 36 36 36 36 36 36 36 36 37 37 37 37 37 37 37 37 37 37 37 37 37 37 37 37 37 37 37 37 37 37 37 37 37 37 37 37 37 37 37 37 37 37 37 37 37 37 38 38 38 38 38 38 38 38 38 38 38 38 38 38 38 38 38 38 38 38 38 38 38 38 38 38 38 38 38 38 38 38 38 38 38 38 38 38 38 39 39 39 39 39 39 39 31 31 31 31 31 31 31 31 31 31 31 31 31 31 31 31 31 31 31 31 31 31 31 31 31 31 31 31 31 31 31 31 32 32 32 32 32 32 32 32 32 32 32 32 32 32 32 32 32 32 32 32 33 33 33 33 33 33 33 33 33 33 33 33 33 33 33 33 33 33 33 33 33 33 33 33 33 33 33 33 33 34 34 34 34 34 34 34 34 34 34 34 34 34 34 34 34 34 34 34 34 34 34 34 34 34 34 34 34 34 34 35 35 35 35 35 35 35 35 35 35 35 35 35 35 35 35 35 35 35 35 35 35 35 36 36 36 36 36 36 36 36 36 36 36 36 36 36 36 36 36 36 37 37 37 37 37 37 37 37 37 37 37 37 37 37 37 37 37 37 37 37 37 37 37 37 37 37 37 37 37 37 37 37 37 37 37 37 37 38 38 38 38 38 38 38 38 38 38 38 38 38 38 38 38 38 38 38 38 38 38 38 38 38 38 38 38 38 38 38 38 38 38 38 38 38 38 39 39 39 39 39 39 39 39 39 39 39 39 31 31 31 31 31 31 31 31 31 31 31 31 31 31 31 31 31 31 31 31 31 31 31 31 31 31 31 31 31 31 31 31 32 32 32 32 32 32 32 32 32 32 32 32 32 32 32 32 32 32 32 33 33 33 33 33 33 33 33 33 33 33 33 33 33 33 33 33 33 33 33 33 33 33 33 33 33 33 34 34 34 34 34 34 34 34 34 34 34 34 34 34 34 34 34 34 34 34 34 34 34 34 34 34 34 34 34 34 35 35 35 35 35 35 35 35 35 35 35 35 35 35 35 35 35 35 35 35 35 35 36 36 36 36 36 36 36 36 36 36 36 36 36 36 36 36 36 36 36 37 37 37 37 37 37 37 37 37 37 37 37 37 37 37 37 37 37 37 37 37 37 37 37 37 37 37 37 37 37 37 37 37 37 37 38 38 38 38 38 38 38 38 38 38 38 38 38 38 38 38 38 38 38 38 38 38 38 38 38 38 38 38 38 38 38 38 38 38 38 38 39 39 39 39 39 39 39 39 39 39 39 39 39 39 39 39 39 39 39 39 39 39 31 31 31 31 31 31 31 31 31 31 31 31 31 31 31 31 31 31 32 32 32 32 32 32 32 32 32 32 32 32 32 32 32 32 32 32 33 33 33 33 33 33 33 33 33 33 33 33 33 33 33 33 33 33 33 33 33 33 33 33 33 33 34 34 34 34 34 34 34 34 34 34 34 34 34 34 34 34 34 34 34 34 34 34 34 34 34 34 34 34 34 34 34 35 35 35 35 35 35 35 35 35 35 35 35 35 35 35 35 35 35 35 35 36 36 36 36 36 36 36 36 36 36 36 36 36 36 36 36 36 36 36 36 37 37 37 37 37 37 37 37 37 37 37 37 37 37 37 37 37 37 37 37 37 37 37 37 37 37 37 37 37 37 37 37 37 37 37 38 38 38 38 38 38 38 38 38 38 38 38 38 38 38 38 38 38 38 38 38 38 38 38 38 38 38 38 38 38 38 38 38 39 39 39 39 39 39 39 39 39 39 39 39 39 39 39 39 39 39 39 39 39 39 39 39 39 39 39 39 39 39 31 31 31 31 31 31 31 31 31 31 31 31 31 31 31 31 31 31 31 32 32 32 32 32 32 32 32 32 32 32 32 32 32 32 32 32 32 32 32 32 32 32 32 32 32 32 32 32 32 32 33 33 33 33 33 33 33 33 33 33 33 33 33 33 34 34 34 34 34 34 34 34 34 34 34 34 34 34 34 34 34 34 34 34 34 34 34 34 35 34 35 35 35 35 35 35 35 35 35 35 35 35 35 35 35 35 35 35 35 35 35 35 35 36 36 36 36 36 36 36 36 36 36 36 36 36 36 36 36 36 36 36 36 37 37 37 37 37 37 37 37 37 37 37 37 37 37 37 37 37 37 37 37 37 37 37 37 37 37 37 37 37 37 37 37 37 37 38 38 38 38 38 38 38 38 38 38 38 38 38 38 38 38 38 38 38 38 38 38 38 38 38 38 38 38 38 38 38 38 38 39 39 39 39 39 39 39 39 39 39 39 39 39 39 39 39 39 39 39 39 39 39 39 39 39 39 39 39 39 39 39 39 39 39 39 39 31 31 31 31 31 31 31 31 31 31 31 31 31 31 31 31 31 31 31 31 31 31 32 32 32 32 32 32 32 32 32 32 32 32 32 32 32 32 32 32 32 32 32 32 32 32 32 32 32 33 33 33 33 33 33 33 33 33 33 33 33 33 33 33 34 34 34 34 34 34 34 34 34 34 34 34 34 34 34 34 34 34 34 34 34 34 34 34 35 35 35 35 35 35 35 35 35 35 35 35 35 35 35 35 35 35 35 35 35 35 35 35 35 36 36 36 36 36 36 36 36 36 36 36 36 36 36 36 36 36 36 37 37 37 37 37 37 37 37 37 37 37 37 37 37 37 37 37 37 37 37 37 37 37 37 37 37 37 37 37 37 37 37 37 37 37 37 38 38 38 38 38 38 38 38 38 38 38 38 38 38 38 38 38 38 38 38 38 38 38 38 38 38 38 38 38 38 39 39 39 39 39 39 39 39 39 39 39 39 39 39 39 39 39 39 39 39 39 39 39 39 39 39 39 39 39 39 39 39 39 39 39 39 39 39 39 39 39 39 39 30 30 30 30 31 31 31 31 31 31 31 31 31 31 31 31 31 31 31 31 31 31 31 31 31 31 32 32 32 32 32 32 32 32 32 32 32 32 32 32 32 32 32 32 32 32 32 32 32 33 32 32 33 33 33 33 33 33 33 33 33 33 33 33 33 33 33 33 34 34 34 34 34 34 34 34 34 34 34 34 34 34 34 34 34 34 34 34 34 34 34 34 35 35 35 35 35 35 35 35 35 35 35 35 35 35 35 35 35 35 35 35 35 35 35 35 36 36 36 36 36 36 36 36 36 36 36 36 36 36 36 36 36 36 37 37 37 37 37 37 37 37 37 37 37 37 37 37 37 37 37 37 37 37 37 37 37 37 37 37 37 37 37 37 37 37 37 37 37 37 37 38 38 38 38 38 38 38 38 38 38 38 38 38 38 38 38 38 38 38 38 38 38 38 38 38 38 38 39 39 39 39 39 39 39 39 39 39 39 39 39 39 39 39 39 39 39 39 39 39 39 39 39 39 39 39 39 39 39 39 39 39 39 39 39 39 39 39 39 39 39 39 39 30 30 30 30 30 30 30 30 30 31 31 31 31 31 31 31 31 31 31 31 31 31 31 31 31 31 31 31 31 31 32 31 32 32 31 32 32 31 32 32 31 32 32 32 32 32 32 32 32 32 32 32 32 32 32 32 33 33 33 33 33 33 33 33 33 33 33 33 33 33 33 33 33 34 34 34 34 34 34 34 34 34 34 34 34 34 34 34 34 34 34 34 34 34 34 34 34 35 35 35 35 35 35 35 35 35 35 35 35 35 35 35 35 35 35 35 35 35 35 36 36 36 36 36 36 36 36 36 36 36 36 36 36 36 36 36 36 37 37 37 37 37 37 37 37 37 37 37 37 37 37 37 37 37 37 37 37 37 37 37 37 37 37 37 37 37 37 37 37 37 37 37 37 37 38 38 38 38 38 38 38 38 38 38 38 38 38 38 38 38 38 38 38 38 38 38 38 38 38 38 39 39 39 39 39 39 39 39 39 39 39 39 39 39 39 39 39 39 39 39 39 39 39 39 39 39 39 39 39 39 39 39 39 39 39 39 39 39 39 39 39 39 39 39 39 39 39 39 39 40 30 30 30 30 30 30 30 30 30 30 30 30 30 30 31 30 30 31 31 31 31 31 31 31 31 31 31 31 31 31 31 31 31 31 31 32 32 32 32 32 32 32 32 32 32 32 32 32 32 32 32 32 32 32 32 32 32 32 32 32 32 32 33 33 32 32 33 33 33 33 33 33 33 33 33 33 33 33 33 33 33 34 34 34 34 34 34 34 34 34 34 34 34 34 34 34 34 34 34 34 34 34 34 34 34 35 35 35 35 35 35 35 35 35 35 35 35 35 35 35 35 35 35 35 35 36 36 36 36 36 36 36 36 36 36 36 36 36 36 36 36 36 36 37 37 37 37 37 37 37 37 37 37 37 37 37 37 37 37 37 37 37 37 37 37 37 37 37 37 37 37 37 37 37 37 37 37 38 38 38 38 38 38 38 38 38 38 38 38 38 38 38 38 38 38 38 38 38 38 38 38 38 38 38 39 39 39 39 39 39 39 39 39 39 39 39 39 39 39 39 39 39 39 39 39 39 39 39 39 39 39 39 39 39 39 39 39 39 39 39 39 39 39 39 39 39 39 39 39 39 39 39 39 39 39 40 40 40 30 30 30 30 30 30 30 30 30 30 30 30 30 31 31 31 30 31 31 31 31 31 31 31 31 31 31 31 31 31 31 31 32 32 31 32 32 31 31 32 32 32 32 32 32 32 31 32 32 32 32 32 32 32 32 32 32 32 33 33 32 32 32 33 33 32 33 33 33 33 33 33 33 33 33 33 33 33 33 33 33 33 33 33 33 34 34 34 34 34 34 34 34 34 34 34 34 34 34 34 34 34 34 34 34 34 34 35 35 35 35 35 35 35 35 35 35 35 35 35 35 35 35 35 36 36 36 36 36 36 36 36 36 36 36 36 36 36 36 36 36 37 37 37 37 37 37 37 37 37 37 37 37 37 37 37 37 37 37 37 37 37 37 37 37 37 37 37 37 37 38 38 38 38 38 38 38 38 38 38 38 38 38 38 38 38 38 38 38 38 38 38 38 38 38 38 38 38 38 38 38 38 39 39 39 39 39 39 39 39 39 39 39 39 39 39 39 39 39 39 39 39 39 39 39 39 39 39 39 39 39 39 39 39 39 39 39 39 39 39 39 39 39 39 39 39 39 39 39 39 39 39 39 39 39 39 40 40 40 30 30 30 30 30 30 30 30 30 30 30 30 30 30 30 30 30 30 30 30 30 30 30 30 30 30 30 30 31 31 31 31 31 31 31 31 31 31 31 31 31 31 31 32 31 31 31 31 31 31 31 32 32 32 32 32 32 31 32 32 32 32 32 32 32 32 32 32 32 33 32 32 32 32 33 33 33 33 33 33 33 33 33 33 33 33 33 33 33 33 33 33 33 33 33 33 33 33 33 33 33 34 34 34 34 34 34 34 34 34 34 34 34 34 34 34 34 34 34 34 35 35 35 35 35 35 35 35 35 35 35 35 35 35 35 36 36 36 36 36 36 36 36 36 36 36 36 36 36 36 36 36 37 37 37 37 37 37 37 37 37 37 37 37 37 37 37 37 37 37 37 37 37 37 37 37 37 37 37 38 38 38 38 38 38 38 38 38 38 38 38 38 38 38 38 38 38 38 38 38 38 38 38 38 38 38 38 38 38 38 38 39 39 39 39 39 39 39 39 39 39 39 39 39 39 39 39 39 39 39 39 39 39 39 39 39 39 39 39 39 39 39 39 39 39 39 39 39 39 39 39 39 39 39 39 39 39 39 39 39 39 39 39 39 39 39 40 40 40 40 40 40 40 29 29 29 29 29 29 30 30 29 30 30 30 30 30 30 30 30 30 30 30 30 30 30 30 30 30 30 30 30 30 30 30 30 30 30 30 31 31 31 31 31 31 31 31 31 31 31 31 31 31 31 31 31 31 31 31 31 31 31 32 32 32 32 32 32 32 32 32 32 32 33 32 33 33 32 32 33 33 33 33 33 33 33 33 33 33 33 33 33 33 33 33 33 33 33 33 33 33 33 33 33 33 33 33 34 34 34 34 34 34 34 34 34 34 34 34 34 34 34 34 35 35 34 34 34 34 34 34 35 35 35 35 35 35 35 35 35 35 35 35 35 35 36 36 36 36 36 36 36 36 36 36 36 36 36 36 36 36 36 37 37 37 37 37 37 37 37 37 37 37 37 37 37 37 37 37 37 37 37 37 37 37 37 37 37 38 38 38 38 38 38 38 38 38 38 38 38 38 38 38 38 38 38 38 38 38 38 38 38 38 38 38 38 38 38 38 38 39 39 39 39 39 39 39 39 39 39 39 39 39 39 39 39 39 39 39 39 39 39 39 39 39 39 39 39 39 39 39 39 39 39 39 39 39 39 39 39 39 39 39 39 39 39 39 39 39 39 39 39 39 39 39 39 39 39 40 40 40 40 40 40 29 29 29 29 29 29 29 29 29 29 29 29 29 29 29 29 29 30 30 30 30 30 30 30 30 30 30 30 30 30 30 30 30 30 30 30 30 30 30 31 31 31 30 31 31 31 31 31 31 31 31 31 31 31 31 31 31 32 31 32 31 32 32 32 32 32 32 32 32 32 32 32 32 32 32 33 33 33 33 33 33 33 33 33 33 33 33 33 33 33 33 33 33 33 33 33 33 33 33 33 33 33 33 33 34 34 34 34 34 34 34 34 34 34 34 34 34 34 34 34 34 34 34 34 35 35 34 34 34 34 35 35 35 35 35 35 35 35 35 35 35 35 35 36 36 36 36 36 36 36 36 36 36 36 36 36 36 36 36 37 37 37 37 37 37 37 37 37 37 37 37 37 37 37 37 37 37 37 37 37 37 37 37 37 37 38 38 38 38 38 38 38 38 38 38 38 38 38 38 38 38 38 38 38 38 38 38 38 38 38 38 38 38 38 38 38 38 39 39 39 39 39 39 39 39 39 39 39 39 39 39 39 39 39 39 39 39 39 39 39 39 39 39 39 39 39 39 39 39 39 39 39 39 39 39 39 39 39 39 39 39 39 39 39 39 39 39 39 39 39 39 39 39 39 39 39 40 40 40 40 40 40 29 29 29 29 29 29 29 29 29 29 29 29 29 29 29 29 29 29 29 29 30 30 30 30 30 30 30 30 30 30 30 30 30 30 30 30 30 30 30 30 30 30 31 31 31 31 31 31 31 31 31 31 31 31 31 31 31 31 31 32 32 32 32 32 32 32 32 32 32 32 32 32 32 32 32 32 32 32 32 33 33 33 33 33 33 33 33 33 33 33 33 33 33 33 33 33 33 33 33 33 33 33 33 33 33 33 33 33 34 34 34 34 34 34 34 34 34 34 34 34 34 34 34 34 34 34 34 35 35 35 35 34 34 35 35 35 35 35 35 35 35 35 35 35 35 36 36 36 36 36 36 36 36 36 36 36 36 36 36 36 36 37 37 37 37 37 37 37 37 37 37 37 37 37 37 37 37 37 37 37 37 37 37 37 37 37 37 37 38 38 38 38 38 38 38 38 38 38 38 38 38 38 38 38 38 38 38 38 38 38 38 38 38 38 38 38 38 38 39 39 39 39 39 39 39 39 39 39 39 39 39 39 39 39 39 39 39 39 39 39 39 39 39 39 39 39 39 39 39 39 39 39 39 39 39 39 39 39 39 39 39 39 39 39 39 40 39 39 39 39 39 39 39 39 39 39 39 39 39 39 39 39 40 40 29 29 29 29 29 29 29 29 29 29 29 29 29 29 29 29 29 29 29 29 29 29 29 29 30 30 30 29 30 30 30 30 30 29 30 30 30 30 30 30 30 30 30 30 30 30 30 30 30 30 30 31 31 31 31 31 31 31 31 31 31 31 32 32 32 32 32 32 32 32 32 32 32 32 32 32 32 32 32 32 31 32 32 32 32 32 32 32 32 32 32 32 32 33 33 33 33 33 33 33 33 33 33 33 33 33 33 33 33 33 33 33 34 34 34 34 34 34 34 34 34 34 34 34 34 34 34 34 34 34 34 34 34 35 35 35 35 34 35 35 35 35 35 35 35 35 35 35 35 35 36 36 36 36 36 36 36 36 36 36 36 36 36 36 36 36 37 37 37 37 37 37 37 37 37 37 37 37 37 37 37 37 37 37 37 37 37 37 37 37 37 37 37 38 38 38 38 38 38 38 38 38 38 38 38 38 38 38 38 38 38 38 38 38 38 38 38 38 38 38 38 38 39 39 39 39 39 39 39 39 39 39 39 39 39 39 39 39 39 39 39 39 39 39 39 39 39 39 39 39 39 39 39 39 39 39 39 39 39 39 39 39 39 39 39 39 39 39 39 40 40 40 39 39 40 41 40 40 39 39 39 39 39 39 39 40 40 40 40 28 28 29 29 29 29 29 29 29 29 29 29 29 29 29 29 29 29 29 29 29 29 29 29 29 29 29 29 29 29 29 29 29 29 29 29 29 29 30 30 29 30 30 30 30 30 30 30 30 30 30 30 30 30 30 30 30 30 30 30 31 31 31 31 31 31 31 31 31 31 31 31 31 31 31 31 32 32 32 32 32 32 32 32 31 32 32 32 32 32 32 32 32 32 32 32 32 32 32 33 33 33 33 33 33 33 33 33 33 33 33 33 33 33 33 33 34 34 34 34 34 34 34 34 34 34 34 34 34 34 34 34 34 34 34 35 35 35 35 35 35 35 35 35 35 35 35 35 35 35 35 35 35 35 36 36 36 36 36 36 36 36 36 36 36 36 36 36 36 36 37 37 37 37 37 37 37 37 37 37 37 37 37 37 37 37 37 37 37 37 37 37 37 37 37 37 37 38 38 38 38 38 38 38 38 38 38 38 38 38 38 38 38 38 38 38 38 38 38 38 38 38 38 38 39 39 39 39 39 39 39 39 39 39 39 39 39 39 39 39 39 39 39 39 39 39 39 39 39 39 39 39 39 39 39 39 39 39 39 39 39 39 39 39 39 39 39 39 39 39 39 40 40 39 39 39 40 40 40 40 40 40 39 40 40 40 40 40 40 40 28 28 28 28 28 28 28 28 28 29 29 29 29 29 29 29 29 29 29 29 29 29 29 29 29 29 29 29 29 29 29 29 29 29 29 29 29 29 29 29 29 29 30 30 30 30 30 30 30 30 30 30 30 30 30 30 30 30 30 30 30 31 31 31 31 31 31 31 31 31 31 31 31 31 31 31 31 31 32 32 32 32 31 32 32 32 32 32 32 32 32 32 32 32 32 32 32 32 32 33 33 33 33 33 33 33 33 33 33 33 33 33 33 33 33 33 33 33 34 34 34 34 34 34 34 34 34 34 34 34 34 34 34 34 35 35 35 35 35 35 35 35 35 35 35 35 35 35 35 35 35 35 35 35 35 36 36 36 36 36 36 36 36 36 36 36 36 36 36 36 36 37 37 37 37 37 37 37 37 37 37 37 37 37 37 37 37 37 37 37 37 37 37 37 37 37 38 38 38 38 38 38 38 38 38 38 38 38 38 38 38 38 38 38 38 38 38 38 38 38 38 38 38 38 38 39 39 39 39 39 39 39 39 39 39 39 39 39 39 39 39 39 39 39 39 39 39 39 39 39 39 39 39 39 39 39 39 39 39 39 39 39 39 39 39 39 39 39 39 39 40 39 40 39 39 39 39 40 40 40 40 40 40 40 40 40 40 40 28 28 28 28 28 28 28 28 28 28 29 29 29 29 29 29 29 29 29 29 29 29 29 29 29 29 29 29 29 29 29 29 29 29 29 29 29 29 29 29 29 29 29 30 30 30 30 30 30 30 30 30 30 30 30 30 30 30 30 30 30 30 30 31 31 31 31 31 31 31 31 31 31 31 31 31 31 31 32 32 32 32 31 32 32 32 32 32 32 32 32 32 32 32 32 32 33 33 33 33 33 33 33 33 33 33 33 33 33 33 33 33 33 33 33 34 34 34 34 34 34 34 34 34 34 34 34 34 34 34 34 34 34 34 35 35 35 35 35 35 35 35 35 35 35 35 35 35 35 35 35 35 35 35 35 36 36 36 36 36 36 36 36 36 36 36 36 36 36 36 37 37 37 37 37 37 37 37 37 37 37 37 37 37 37 37 37 37 37 37 37 37 37 37 37 38 38 38 38 38 38 38 38 38 38 38 38 38 38 38 38 38 38 38 38 38 38 38 38 38 38 38 38 38 39 39 39 39 39 39 39 39 39 39 39 39 39 39 39 39 39 39 39 39 39 39 39 39 39 39 39 39 39 39 39 39 39 39 39 39 39 39 40 40 40 39 39 39 39 39 39 39 39 39 39 40 40 40 40 40 40 40 40 40 40 40 40 28 28 28 28 28 28 28 28 28 28 28 28 28 29 29 29 29 29 29 29 29 29 29 29 29 29 29 29 29 29 29 29 29 29 29 29 29 29 29 29 29 29 29 29 30 30 30 30 30 30 30 30 30 30 30 30 30 30 30 30 30 30 30 31 31 31 31 31 31 31 31 31 31 31 31 31 31 31 31 31 31 32 32 32 32 32 32 32 32 32 32 32 32 32 32 32 33 33 33 33 33 33 33 33 33 33 33 33 33 33 33 33 33 33 34 34 34 34 34 34 34 34 34 34 34 34 34 34 34 34 34 34 34 34 35 35 35 35 35 35 35 35 35 35 35 35 35 35 35 35 35 35 35 35 36 36 36 36 36 36 36 36 36 36 36 36 36 36 36 37 37 37 37 37 37 37 37 37 37 37 37 37 37 37 37 37 37 37 37 37 37 37 37 37 37 38 38 38 38 38 38 38 38 38 38 38 38 38 38 38 38 38 38 38 38 38 38 38 38 38 38 38 38 38 39 39 39 39 39 39 39 39 39 39 39 39 39 39 39 39 39 39 39 39 39 39 39 39 39 39 39 39 39 39 39 39 39 39 39 39 40 40 40 40 40 40 39 39 39 39 39 39 40 40 40 40 40 40 40 40 40 40 40 40 40 40 28 28 28 28 28 28 28 28 28 28 28 28 28 28 28 28 28 28 29 29 29 29 29 29 29 29 29 29 29 29 29 29 29 29 29 29 29 29 29 29 29 29 29 29 29 29 30 30 30 30 30 30 30 30 30 30 30 30 30 30 30 30 30 31 31 31 31 31 31 31 31 31 31 31 31 31 31 31 31 31 31 32 32 32 32 32 32 32 32 32 32 32 32 32 32 32 32 33 33 33 33 33 33 33 33 33 33 33 33 33 33 33 33 33 34 34 34 34 34 34 34 34 34 34 34 34 34 34 34 34 34 34 34 34 35 35 35 35 35 35 35 35 35 35 35 35 35 35 35 35 35 35 35 36 36 36 36 36 36 36 36 36 36 36 36 36 36 36 36 37 37 37 37 37 37 37 37 37 37 37 37 37 37 37 37 37 37 37 37 37 37 37 37 37 38 38 38 38 38 38 38 38 38 38 38 38 38 38 38 38 38 38 38 38 38 38 38 38 38 38 38 38 38 38 38 39 39 39 39 39 39 39 39 39 39 39 39 39 39 39 39 39 39 39 39 39 39 39 39 39 39 39 39 39 39 39 39 39 39 40 40 40 40 40 40 40 40 40 40 40 40 40 40 40 40 40 40 40 40 40 40 40 40 40 40 40 40 28 28 28 28 28 28 28 28 28 28 28 28 28 28 28 28 28 28 28 28 28 29 29 29 29 29 29 29 29 29 29 29 29 29 29 29 29 29 29 29 29 29 29 29 29 29 29 29 29 30 30 30 30 30 30 30 30 30 30 30 30 30 30 31 31 31 31 31 31 31 31 31 31 31 31 31 31 31 31 31 31 32 32 32 32 32 32 32 32 32 32 32 32 32 32 32 33 32 33 33 33 33 33 33 33 33 33 33 33 33 33 33 33 33 34 34 34 34 34 34 34 34 34 34 34 34 34 34 34 34 34 34 34 35 35 35 35 35 35 35 35 35 35 35 35 35 35 35 35 35 35 35 36 36 36 36 36 36 36 36 36 36 36 36 36 36 36 37 37 37 37 37 37 37 37 37 37 37 37 37 37 37 37 37 37 37 37 37 37 37 37 37 37 37 38 38 38 38 38 38 38 38 38 38 38 38 38 38 38 38 38 38 38 38 38 38 38 38 38 38 38 38 38 38 38 39 39 39 39 39 39 39 39 39 39 39 39 39 39 39 39 39 39 39 39 39 39 39 39 39 39 39 39 39 39 39 39 39 40 40 40 40 40 40 40 40 40 40 40 40 40 40 40 40 40 40 40 40 40 40 40 40 40 40 40 28 28 28 28 28 28 28 28 28 28 28 28 28 28 28 28 28 28 28 28 28 28 28 29 29 29 29 29 29 29 29 29 29 29 29 29 29 29 29 29 29 29 29 29 29 29 29 29 30 30 30 30 30 30 30 30 30 30 30 30 30 30 30 31 31 31 31 31 31 31 31 31 31 31 31 31 31 31 31 31 32 32 32 32 32 32 32 32 32 32 32 32 32 32 32 32 33 33 33 33 33 33 33 33 33 33 33 33 33 33 33 33 33 33 34 34 34 34 34 34 34 34 34 34 34 34 34 34 34 34 34 34 35 35 35 35 35 35 35 35 35 35 35 35 35 35 35 35 35 35 35 36 36 36 36 36 36 36 36 36 36 36 36 36 36 36 37 37 37 37 37 37 37 37 37 37 37 37 37 37 37 37 37 37 37 37 37 37 37 37 37 37 37 38 38 38 38 38 38 38 38 38 38 38 38 38 38 38 38 38 38 38 39 38 38 39 38 39 39 39 38 38 38 38 38 39 39 39 39 39 39 39 39 39 39 39 39 39 39 39 39 39 39 39 39 39 39 39 39 39 39 39 39 39 39 39 39 40 40 40 40 40 40 40 40 40 40 40 40 40 40 40 40 40 40 40 40 40 40 40 40 40 40 27 28 28 28 28 28 28 28 28 28 28 28 28 28 28 28 28 28 28 28 28 28 28 28 28 28 28 29 29 29 29 29 29 29 29 29 29 29 29 29 29 29 29 29 29 29 29 29 29 29 29 29 29 30 30 30 30 30 30 30 30 30 30 30 30 31 31 31 31 31 31 31 31 31 31 31 31 31 31 31 31 31 32 32 32 32 32 32 32 32 32 32 32 32 32 32 32 32 33 33 33 33 33 33 33 33 33 33 33 33 33 33 33 33 33 33 34 34 34 34 34 34 34 34 34 34 34 34 34 34 34 34 34 35 35 35 35 35 35 35 35 35 35 35 35 35 35 35 35 35 35 35 36 36 36 36 36 36 36 36 36 36 36 36 36 36 37 37 37 37 37 37 37 37 37 37 37 37 37 37 37 37 37 37 37 37 37 37 37 37 37 37 37 38 38 38 38 38 38 38 38 38 38 38 38 38 38 38 38 38 38 38 39 39 39 39 39 39 39 39 39 39 39 38 38 38 38 39 39 39 39 39 39 39 39 39 39 39 39 39 39 39 39 39 39 39 39 39 39 39 39 39 39 39 39 39 39 40 40 40 40 40 40 40 40 40 40 40 40 40 40 40 40 40 40 40 40 40 40 40 40 40 40 27 27 27 27 27 28 28 28 28 28 28 28 28 28 28 28 28 28 28 28 28 28 28 28 28 28 28 28 28 29 29 29 29 29 29 29 29 29 29 29 29 29 29 29 29 29 29 29 29 29 29 29 29 29 29 30 30 30 30 30 30 30 30 30 30 30 31 31 31 31 31 31 31 31 31 31 31 31 31 31 31 31 31 32 32 32 32 32 32 32 32 32 32 32 32 32 32 32 32 33 33 33 33 33 33 33 33 33 33 33 33 33 33 33 33 33 34 34 34 34 34 34 34 34 34 34 34 34 34 34 34 34 34 35 35 35 35 35 35 35 35 35 35 35 35 35 35 35 35 35 35 35 35 36 36 36 36 36 36 36 36 36 36 36 36 36 37 37 37 37 37 37 37 37 37 37 37 37 37 37 37 37 37 37 37 37 37 37 37 37 37 37 37 38 38 38 38 38 38 38 38 38 38 38 38 38 38 38 38 38 38 38 39 39 39 39 39 39 39 39 39 39 39 39 39 39 39 38 39 39 39 39 39 39 39 39 39 39 39 39 39 39 39 39 39 39 39 39 39 39 39 39 39 39 40 40 40 40 40 40 40 40 40 40 40 40 40 40 40 40 40 40 40 40 40 40 40 40 40 40 40 40 40 27 27 27 27 27 27 27 27 28 28 28 28 28 28 28 28 28 28 28 28 28 28 28 28 28 28 28 28 28 28 28 28 29 29 29 29 29 29 29 29 29 29 29 29 29 29 29 29 29 29 29 29 29 29 29 29 30 30 30 30 30 30 30 30 30 30 30 31 31 31 31 31 31 31 31 31 31 31 31 31 31 31 31 32 32 32 32 32 32 32 32 32 32 32 32 32 32 32 32 32 33 33 33 33 33 33 33 33 33 33 33 33 33 33 33 33 34 34 34 34 34 34 34 34 34 34 34 34 34 34 34 34 35 35 35 35 35 35 35 35 35 35 35 35 35 35 35 35 35 35 35 35 35 36 36 36 36 36 36 36 36 36 36 36 36 36 37 37 37 37 37 37 37 37 37 37 37 37 37 37 37 37 37 37 37 37 37 37 37 37 37 37 38 38 38 38 38 38 38 38 38 38 38 38 38 38 38 38 38 38 38 39 39 39 39 39 39 39 39 39 39 39 39 39 39 39 39 39 39 39 39 39 39 39 39 39 39 39 39 39 39 39 39 39 39 39 39 39 39 39 39 39 39 40 40 40 40 40 40 40 40 40 40 40 40 40 40 40 40 40 40 40 40 40 40 40 40 40 40 40 40 40 27 27 27 27 27 27 27 27 27 27 28 28 28 28 28 28 28 28 28 28 28 28 28 28 28 28 28 28 28 28 28 28 28 28 29 29 29 29 29 29 29 29 29 29 29 29 29 29 29 29 29 29 29 29 29 29 29 29 30 30 30 30 30 30 30 30 30 30 31 31 31 31 31 31 31 31 31 31 31 31 31 31 31 31 32 32 32 32 32 32 32 32 32 32 32 32 32 32 32 32 33 33 33 33 33 33 33 33 33 33 33 33 33 33 33 33 33 34 34 34 34 34 34 34 34 34 34 34 34 34 34 34 34 35 35 35 35 35 35 35 35 35 35 35 35 35 35 35 35 35 35 35 35 36 36 36 36 36 36 36 36 36 36 36 36 36 37 37 37 37 37 37 37 37 37 37 37 37 37 37 37 37 37 37 37 37 37 37 37 37 38 38 38 38 38 38 38 38 38 38 38 38 38 38 38 38 38 38 38 38 39 39 39 39 39 39 39 39 39 39 39 39 39 39 39 39 39 39 39 39 39 39 39 39 39 39 39 39 39 39 39 39 39 39 39 39 39 39 39 39 39 39 40 40 40 40 40 40 40 40 40 40 40 40 40 40 40 40 40 40 40 40 40 40 40 40 40 40 40 40 40 40 27 27 27 27 27 27 27 27 27 27 27 27 27 27 28 28 28 28 28 28 28 28 28 28 28 28 28 28 28 28 28 28 28 28 28 28 28 28 29 29 29 29 29 29 29 29 29 29 29 29 29 29 29 29 29 29 29 29 29 30 30 30 30 30 30 30 30 30 30 30 31 31 31 31 31 31 31 31 31 31 31 31 31 31 31 31 32 32 32 32 32 32 32 32 32 32 32 32 32 32 32 32 33 33 33 33 33 33 33 33 33 33 33 33 33 33 33 33 33 34 34 34 34 34 34 34 34 34 34 34 34 34 34 34 35 35 35 35 35 35 35 35 35 35 35 35 35 35 35 35 35 35 35 35 36 36 36 36 36 36 36 36 36 36 36 36 37 37 37 37 37 37 37 37 37 37 37 37 37 37 37 37 37 37 37 37 37 37 37 38 38 38 38 38 38 38 38 38 38 38 38 38 38 38 38 38 38 38 38 38 39 39 39 39 39 39 39 39 39 39 39 39 39 39 39 39 39 39 39 39 39 39 39 39 39 39 39 39 39 39 39 39 39 39 39 39 39 39 39 39 39 39 40 40 40 40 40 40 40 40 40 40 40 40 40 40 40 40 40 40 40 40 40 40 40 40 40 40 40 40 40 40 27 27 27 27 27 27 27 27 27 27 27 27 27 27 27 27 27 28 28 28 28 28 28 28 28 28 28 28 28 28 28 28 28 28 28 28 28 28 29 29 29 29 29 29 29 29 29 29 29 29 29 29 29 29 29 29 29 29 30 30 30 30 30 30 30 30 30 30 30 30 31 31 31 31 31 31 31 31 31 31 31 31 31 31 31 32 32 32 32 32 32 32 32 32 32 32 32 32 32 32 32 33 33 33 33 33 33 33 33 33 33 33 33 33 33 33 33 33 33 34 34 34 34 34 34 34 34 34 34 34 34 34 34 35 35 35 35 35 35 35 35 35 35 35 35 35 35 35 35 35 35 35 35 36 36 36 36 36 36 36 36 36 36 36 36 37 37 37 37 37 37 37 37 37 37 37 37 37 37 37 37 37 37 37 37 37 37 38 38 38 38 38 38 38 38 38 38 38 38 38 38 38 38 38 38 38 38 38 38 39 39 39 39 39 39 39 39 39 39 39 39 39 39 39 39 39 39 39 39 39 39 39 39 39 39 39 39 39 39 39 39 39 39 39 39 39 39 39 39 40 40 40 40 40 40 40 40 40 40 40 40 40 40 40 40 40 40 40 40 40 40 40 40 40 40 40 27 27 27 27 27 27 27 27 27 27 27 27 27 27 27 27 27 27 27 27 27 28 28 28 28 28 28 28 28 28 28 28 28 28 28 28 28 28 28 28 28 29 29 29 29 29 29 29 29 29 29 29 29 29 29 29 29 29 30 30 30 30 30 30 30 30 30 30 30 30 30 31 31 31 31 31 31 31 31 31 31 31 31 31 31 31 31 32 32 32 32 32 32 32 32 32 32 32 32 32 32 32 33 33 33 33 33 33 33 33 33 33 33 33 33 33 33 33 34 34 34 34 34 34 34 34 34 34 34 34 34 34 34 35 35 35 35 35 35 35 35 35 35 35 35 35 35 35 35 35 35 35 36 36 36 36 36 36 36 36 36 36 36 36 36 37 37 37 37 37 37 37 37 37 37 37 37 37 37 37 37 37 37 37 37 37 37 38 38 38 38 38 38 38 38 38 38 38 38 38 38 38 38 38 38 38 38 38 39 39 39 39 39 39 39 39 39 39 39 39 39 39 39 39 39 39 39 39 39 39 39 39 39 39 39 39 39 39 39 39 39 39 39 39 39 39 39 39 39 40 40 40 40 40 40 40 40 40 40 40 40 40 40 40 40 40 40 40 40 40 40 26 27 27 27 27 27 27 27 27 27 27 27 27 27 27 27 27 27 27 27 27 27 27 28 28 28 28 28 28 28 28 28 28 28 28 28 28 28 28 28 28 28 29 29 29 29 29 29 29 29 29 29 29 29 29 29 29 29 30 30 30 30 30 30 30 30 30 30 30 30 30 31 31 31 31 31 31 31 31 31 31 31 31 31 31 31 31 31 32 32 32 32 32 32 32 32 32 32 32 32 32 32 33 33 33 33 33 33 33 33 33 33 33 33 33 33 33 33 33 34 34 34 34 34 34 34 34 34 34 34 34 34 34 34 35 35 35 35 35 35 35 35 35 35 35 35 35 35 35 35 35 35 36 36 36 36 36 36 36 36 36 36 36 36 37 37 37 37 37 37 37 37 37 37 37 37 37 37 37 37 37 37 37 37 37 37 38 38 38 38 38 38 38 38 38 38 38 38 38 38 38 38 38 38 38 38 38 38 39 39 39 39 39 39 39 39 39 39 39 39 39 39 39 39 39 39 39 39 39 39 39 39 39 39 39 39 39 39 39 39 39 39 39 39 39 39 39 39 40 40 40 40 40 40 40 40 40 40 40 40 40 40 40 40 40 40 40 40 40 40 40 40 26 26 26 26 26 26 27 27 27 27 27 27 27 27 27 27 27 27 27 27 27 27 27 27 27 28 28 28 28 28 28 28 28 28 28 28 28 28 28 28 28 28 28 28 28 29 29 29 29 29 29 29 29 29 29 29 29 29 30 30 30 30 30 30 30 30 30 30 30 30 30 30 31 31 31 31 31 31 31 31 31 31 31 31 31 31 31 31 32 32 32 32 32 32 32 32 32 32 32 32 32 32 32 33 33 33 33 33 33 33 33 33 33 33 33 33 33 33 33 34 34 34 34 34 34 34 34 34 34 34 34 34 34 35 35 35 35 35 35 35 35 35 35 35 35 35 35 35 35 35 36 36 36 36 36 36 36 36 36 36 36 36 36 36 36 37 37 37 37 37 37 37 37 37 37 37 37 37 37 37 37 37 37 37 37 38 38 38 38 38 38 38 38 38 38 38 38 38 38 38 38 38 38 38 38 38 38 38 39 39 39 39 39 39 39 39 39 39 39 39 39 39 39 39 39 39 39 39 39 39 39 39 39 39 39 39 39 39 39 39 39 39 39 39 39 39 39 40 40 40 40 40 40 40 40 40 40 40 40 40 40 40 40 40 40 40 40 40 40 40 40 40 40 40 26 26 27 27 27 27 27 27 27 27 27 27 27 27 27 27 27 27 27 27 27 27 27 27 27 28 28 28 28 28 28 28 28 28 28 28 28 28 28 28 28 28 29 29 29 29 29 29 29 29 29 29 29 29 29 29 29 29 29 30 30 30 30 30 30 30 30 30 30 30 30 30 30 30 30 31 31 31 31 31 31 31 31 31 31 31 31 31 31 31 31 32 32 32 32 32 32 32 32 32 32 32 32 32 32 32 33 33 33 33 33 33 33 33 33 33 33 33 33 33 34 34 34 34 34 34 34 34 34 34 34 34 34 34 34 35 35 35 35 35 35 35 35 35 35 35 35 35 35 35 35 35 36 36 36 36 36 36 36 36 36 36 36 36 36 36 36 36 36 36 36 36 36 37 37 37 37 37 37 37 37 37 37 37 37 37 37 37 37 37 37 37 37 37 37 37 37 37 37 37 37 37 37 37 37 37 38 38 38 39 39 39 39 39 39 39 39 39 39 39 39 39 39 39 39 40 40 40 40 40 40 40 40 40 40 40 40 40 40 40 40 40 40 40 40 40 40 40 40 40 40 40 40 40 40 40 40 40 40 41 41 41 41 41 41 41 41 41 41 41 41 41 41 41 41 41 41 41 26 26 26 26 26 26 26 27 27 27 27 27 27 27 27 27 27 27 27 27 27 27 27 27 27 27 27 27 27 28 28 28 28 28 28 28 28 28 28 28 28 28 28 28 28 28 29 29 29 29 29 29 29 29 29 29 29 29 29 29 29 30 30 30 30 30 30 30 30 30 30 30 30 30 30 30 30 30 31 31 31 31 31 31 31 31 31 31 31 31 31 31 31 31 32 32 32 32 32 32 32 32 32 32 32 32 32 32 32 33 33 33 33 33 33 33 33 33 33 33 33 33 34 34 34 34 34 34 34 34 34 34 34 34 34 34 34 35 35 35 35 35 35 35 35 35 35 35 35 35 35 35 35 35 36 36 36 36 36 36 36 36 36 36 36 36 36 36 36 36 36 36 36 36 37 37 37 37 37 37 37 37 37 37 37 37 37 37 37 37 37 37 37 37 37 37 37 37 37 37 37 37 37 37 37 37 37 37 38 38 38 39 39 39 39 39 39 39 39 39 39 39 39 40 40 40 40 40 40 40 40 40 40 40 40 40 40 40 40 40 40 40 40 40 40 40 40 40 40 40 40 40 40 40 40 40 40 40 40 40 40 41 41 41 41 41 41 41 41 41 41 41 41 41 41 41 41 41 41 41 26 26 26 26 26 26 26 26 26 26 26 26 27 26 26 27 27 27 27 27 27 27 27 27 27 27 27 27 27 27 27 27 27 28 28 28 28 28 28 28 28 28 28 28 28 28 28 28 28 29 29 29 29 29 29 29 29 29 29 29 29 29 29 29 29 30 30 30 30 30 30 30 30 30 30 30 30 30 30 30 30 31 31 31 31 31 31 31 31 31 31 31 31 31 31 31 31 32 32 32 32 32 32 32 32 32 32 32 32 32 32 33 33 33 33 33 33 33 33 33 33 33 33 33 33 34 34 34 34 34 34 34 34 34 34 34 34 34 34 34 35 35 35 35 35 35 35 35 35 35 35 35 35 35 35 35 36 36 36 36 36 36 36 36 36 36 36 36 36 36 36 36 36 36 36 36 37 37 37 37 37 37 37 37 37 37 37 37 37 37 37 37 37 37 37 37 37 37 37 37 37 37 37 37 37 38 38 38 38 38 38 38 38 39 39 39 39 39 39 39 39 39 40 40 40 40 40 40 40 40 40 40 40 40 40 40 40 40 40 40 40 40 40 40 40 40 40 40 40 40 40 40 40 40 40 40 40 40 40 40 40 40 40 41 41 41 41 41 41 41 41 41 41 41 41 41 41 41 41 41 41 41 26 26 26 26 26 26 26 26 27 27 27 27 27 27 27 27 27 27 27 27 27 27 27 27 27 28 28 28 28 28 28 28 28 28 28 28 28 28 28 28 28 28 29 29 29 29 29 29 29 29 29 29 29 29 29 29 29 30 30 30 30 30 30 30 30 30 30 30 30 30 30 30 31 31 31 31 31 31 31 31 31 31 31 31 31 31 31 31 32 32 32 32 32 32 32 32 32 32 32 32 32 32 33 33 33 33 33 33 33 33 33 33 33 33 33 33 34 34 34 34 34 34 34 34 34 34 34 34 34 34 34 35 35 35 35 35 35 35 35 35 35 35 35 35 35 35 36 36 36 36 36 36 36 36 36 36 36 36 36 36 36 36 36 36 36 36 36 37 37 37 37 37 37 37 37 37 37 37 37 37 37 37 37 37 37 37 37 37 37 37 37 37 37 37 37 38 38 38 38 38 38 38 38 38 39 39 39 39 39 39 39 39 40 40 40 40 40 40 40 40 40 40 40 40 40 40 40 40 40 40 40 40 40 40 40 40 40 40 40 40 40 40 40 40 40 40 40 40 40 40 40 40 40 40 41 41 41 41 41 41 41 41 41 41 41 41 41 41 41 41 41 41 41 26 26 26 26 26 26 26 26 27 27 27 27 27 27 27 27 27 27 27 27 27 27 27 27 27 28 28 28 28 28 28 28 28 28 28 28 28 28 28 28 28 29 29 29 29 29 29 29 29 29 29 29 29 29 29 29 30 30 30 30 30 30 30 30 30 30 30 30 30 30 30 31 31 31 31 31 31 31 31 31 31 31 31 31 31 31 32 32 32 32 32 32 32 32 32 32 32 32 32 32 33 33 33 33 33 33 33 33 33 33 33 33 33 33 34 34 34 34 34 34 34 34 34 34 34 34 34 34 34 35 35 35 35 35 35 35 35 35 35 35 35 35 35 35 36 36 36 36 36 36 36 36 36 36 36 36 36 36 36 36 36 36 36 36 36 37 37 37 37 37 37 37 37 37 37 37 37 37 37 37 37 37 37 37 37 37 37 37 37 37 37 37 37 37 38 38 38 38 38 38 38 38 39 39 39 39 39 39 39 39 39 40 40 40 40 40 40 40 40 40 40 40 40 40 40 40 40 40 40 40 40 40 40 40 40 40 40 40 40 40 40 40 40 40 40 40 40 40 40 40 40 40 41 41 41 41 41 41 41 41 41 41 41 41 41 41 41 41 41 41 41 41 42 42 42 42 26 26 26 26 26 26 26 26 26 27 27 27 27 27 27 27 27 27 27 27 27 27 27 27 27 27 28 28 28 28 28 28 28 28 28 28 28 28 28 28 28 28 29 29 29 29 29 29 29 29 29 29 29 29 29 29 29 30 30 30 30 30 30 30 30 30 30 30 30 30 30 31 31 31 31 31 31 31 31 31 31 31 31 31 31 31 32 32 32 32 32 32 32 32 32 32 32 32 32 32 33 33 33 33 33 33 33 33 33 33 33 33 33 34 34 34 34 34 34 34 34 34 34 34 34 34 34 34 35 35 35 35 35 35 35 35 35 35 35 35 35 35 35 36 36 36 36 36 36 36 36 36 36 36 36 36 36 36 36 36 36 36 37 37 37 37 37 37 37 37 37 37 37 37 37 37 37 37 37 37 37 37 37 37 37 37 37 37 37 37 37 37 38 38 38 38 38 38 38 38 38 39 39 39 39 39 39 39 39 39 40 40 40 40 40 40 40 40 40 40 40 40 40 40 40 40 40 40 40 40 40 40 40 40 40 40 40 40 40 40 40 40 40 40 40 40 40 40 40 40 40 41 41 41 41 41 41 41 41 41 41 41 41 41 41 41 41 41 41 42 42 42 42 42 42 42 42 42 42 42 26 26 26 26 26 26 26 26 26 26 26 26 26 26 26 27 27 27 27 27 27 27 27 27 27 27 27 27 27 28 28 28 28 28 28 28 28 28 28 28 28 28 28 28 28 29 29 29 29 29 29 29 29 29 29 29 29 29 29 29 30 30 30 30 30 30 30 30 30 30 30 30 30 30 31 31 31 31 31 31 31 31 31 31 31 31 31 31 32 32 32 32 32 32 32 32 32 32 32 32 32 32 33 33 33 33 33 33 33 33 33 33 33 33 33 33 34 34 34 34 34 34 34 34 34 34 34 34 34 34 35 35 35 35 35 35 35 35 35 35 35 35 35 35 35 36 36 36 36 36 36 36 36 36 36 36 36 36 36 36 36 36 36 36 37 37 37 37 37 37 37 37 37 37 37 37 37 37 37 37 37 37 37 37 37 37 37 37 37 37 37 37 37 38 37 38 38 38 38 38 38 38 38 39 39 39 39 39 39 39 39 39 40 40 40 40 40 40 40 40 40 40 40 40 40 40 40 40 40 40 40 40 40 40 40 40 40 40 40 40 40 40 41 41 41 41 40 40 40 40 40 40 40 41 41 41 41 41 41 41 41 41 41 41 41 41 41 41 41 42 42 42 42 42 42 42 42 42 42 42 42 42 42 42 42 26 26 26 26 26 26 26 26 26 26 26 26 26 26 26 26 26 26 27 27 27 27 27 27 27 27 27 27 27 27 27 27 27 28 28 28 28 28 28 28 28 28 28 28 28 28 28 28 29 29 29 29 29 29 29 29 29 29 29 29 29 29 29 30 30 30 30 30 30 30 30 30 30 30 30 30 30 31 31 31 31 31 31 31 31 31 31 31 31 31 31 32 32 32 32 32 32 32 32 32 32 32 32 32 32 33 33 33 33 33 33 33 33 33 33 33 33 33 34 34 34 34 34 34 34 34 34 34 34 34 34 34 35 35 35 35 35 35 35 35 35 35 35 35 35 35 35 36 36 36 36 36 36 36 36 36 36 36 36 36 36 36 36 36 36 37 37 37 37 37 37 37 37 37 37 37 37 37 37 37 37 37 37 37 37 37 37 37 37 37 37 37 37 37 37 37 38 38 38 38 38 38 38 38 38 39 39 39 39 39 39 39 39 39 39 40 40 40 40 40 40 40 40 40 40 40 40 40 40 40 40 40 40 40 40 40 40 40 40 40 40 40 40 40 40 41 41 41 41 41 41 40 40 40 40 41 41 41 41 41 41 41 41 41 41 41 41 41 41 42 42 42 42 42 42 42 42 42 42 42 42 42 42 42 42 42 42 42 42 42 25 25 25 26 26 26 26 26 26 26 26 26 26 26 26 26 26 26 26 26 26 26 26 27 27 27 27 27 27 27 27 27 27 27 27 27 27 27 28 28 28 28 28 28 28 28 28 28 28 28 28 28 29 29 29 29 29 29 29 29 29 29 29 29 29 29 29 30 30 30 30 30 30 30 30 30 30 30 30 30 30 31 31 31 31 31 31 31 31 31 31 31 31 31 32 32 32 32 32 32 32 32 32 32 32 32 32 32 33 33 33 33 33 33 33 33 33 33 33 33 33 34 34 34 34 34 34 34 34 34 34 34 34 34 34 35 35 35 35 35 35 35 35 35 35 35 35 35 35 35 35 36 36 36 36 36 36 36 36 36 36 36 36 36 36 36 36 37 37 37 37 37 37 37 37 37 37 37 37 37 37 37 37 37 37 37 37 37 37 37 37 37 37 37 37 37 38 37 37 38 38 38 38 38 38 38 38 38 39 39 39 39 39 39 39 39 39 39 40 40 40 40 40 40 40 40 40 40 40 40 40 40 40 40 40 40 40 40 40 40 40 40 40 40 40 40 40 40 41 41 41 41 41 41 40 40 40 40 41 41 41 41 41 41 41 41 41 41 41 41 42 42 42 42 42 42 42 42 42 42 42 42 42 42 42 42 42 42 42 42 42 42 42 42 25 25 25 25 25 25 25 25 25 25 26 26 25 26 26 26 26 26 26 26 26 26 26 26 26 26 26 27 27 27 27 27 27 27 27 27 27 27 27 27 27 28 28 28 28 28 28 28 28 28 28 28 28 28 28 28 29 29 29 29 29 29 29 29 29 29 29 29 29 29 30 30 30 30 30 30 30 30 30 30 30 30 30 30 31 31 31 31 31 31 31 31 31 31 31 31 31 32 32 32 32 32 32 32 32 32 32 32 32 32 33 33 33 33 33 33 33 33 33 33 33 33 33 33 34 34 34 34 34 34 34 34 34 34 34 34 34 35 35 35 35 35 35 35 35 35 35 35 35 35 35 35 36 36 36 36 36 36 36 36 36 36 36 36 36 36 36 36 37 37 37 37 37 37 37 37 37 37 37 37 37 37 37 37 37 37 37 37 37 37 37 37 37 37 37 37 38 38 38 38 37 38 38 38 38 38 38 38 38 38 39 39 39 39 39 39 39 39 39 39 40 40 40 40 40 40 40 40 40 40 40 40 40 40 40 40 40 40 40 40 40 40 40 40 41 41 41 41 41 41 41 41 41 41 41 41 41 40 40 40 41 41 41 41 41 41 41 41 41 41 41 42 42 42 42 42 42 42 42 42 42 42 42 42 42 42 42 42 42 42 42 42 42 42 42 42 42 24 24 25 25 25 25 25 25 25 25 25 25 25 25 26 26 26 26 26 26 26 26 26 26 26 26 26 27 27 27 27 27 27 27 27 27 27 27 27 27 27 28 28 28 28 28 28 28 28 28 28 28 28 28 28 28 29 29 29 29 29 29 29 29 29 29 29 29 29 29 30 30 30 30 30 30 30 30 30 30 30 30 30 31 31 31 31 31 31 31 31 31 31 31 31 31 32 32 32 32 32 32 32 32 32 32 32 32 32 33 33 33 33 33 33 33 33 33 33 33 33 33 33 34 34 34 34 34 34 34 34 34 34 34 34 34 35 35 35 35 35 35 35 35 35 35 35 35 35 35 35 36 36 36 36 36 36 36 36 36 36 36 36 36 36 36 36 37 37 37 37 37 37 37 37 37 37 37 37 37 37 37 37 37 37 37 37 37 37 37 37 37 37 37 38 38 38 38 38 38 38 38 38 38 38 38 38 38 38 39 39 39 39 39 39 39 39 39 39 39 40 40 40 40 40 40 40 40 40 40 40 40 40 40 40 40 40 40 40 40 40 40 41 41 41 41 41 41 41 41 41 41 41 41 40 40 40 40 40 41 41 41 41 41 41 41 41 41 41 41 42 42 42 42 42 42 42 42 42 42 42 42 42 42 42 42 42 42 42 42 42 42 42 42 42 42 24 24 24 24 24 24 25 25 25 25 25 25 25 25 25 25 25 26 26 26 26 27 27 27 27 27 27 27 27 27 27 27 27 27 27 27 28 28 28 28 28 28 28 28 28 28 28 28 28 28 29 29 29 29 29 29 29 29 29 29 29 29 29 30 30 30 30 30 30 30 30 30 30 30 30 30 30 31 31 31 31 31 31 31 31 31 31 31 31 31 32 32 32 32 32 32 32 32 32 32 32 32 33 33 33 33 33 33 33 33 33 33 33 33 33 33 34 34 34 34 34 34 34 34 34 34 34 34 34 35 35 35 35 35 35 35 35 35 35 35 35 35 35 35 35 36 36 36 36 36 36 36 36 36 36 36 36 36 36 37 37 37 37 37 37 37 37 37 37 37 37 37 37 37 37 37 37 37 37 37 37 37 37 37 37 38 38 38 38 38 38 38 38 38 38 38 38 38 38 38 38 38 39 39 39 39 39 39 39 40 40 40 40 40 40 40 40 40 40 40 40 40 40 40 40 40 40 40 40 40 40 40 40 40 41 41 41 41 41 41 41 41 41 41 41 41 41 40 40 40 40 41 41 41 41 41 41 41 41 41 41 41 41 41 41 41 41 41 41 42 42 42 42 42 42 42 42 42 42 42 42 42 42 42 42 42 42 42 42 24 24 24 24 24 24 24 24 25 25 25 25 25 25 25 25 26 27 27 27 27 27 27 27 27 27 27 27 27 27 28 28 28 28 28 28 28 28 28 28 28 28 28 28 29 29 29 29 29 29 29 29 29 29 29 29 29 29 30 30 30 30 30 30 30 30 30 30 30 30 30 30 31 31 31 31 31 31 31 31 31 31 31 31 31 32 32 32 32 32 32 32 32 32 32 32 32 33 33 33 33 33 33 33 33 33 33 33 33 33 34 34 34 34 34 34 34 34 34 34 34 34 34 35 35 35 35 35 35 35 35 35 35 35 35 35 35 35 35 36 36 36 36 36 36 36 36 36 36 36 36 36 36 37 37 37 37 37 37 37 37 37 37 37 37 37 37 37 37 37 37 37 37 37 37 37 37 37 37 38 38 38 38 38 38 38 38 38 38 38 38 38 38 38 38 38 39 39 39 39 39 40 40 40 40 40 40 40 40 40 40 40 40 40 40 40 40 40 40 40 40 40 40 40 40 40 41 41 41 41 41 41 41 41 41 41 41 41 41 41 41 41 40 40 40 41 41 41 41 41 41 41 41 41 41 41 41 41 41 41 42 42 42 42 42 42 42 42 42 42 42 42 42 42 42 42 42 42 42 42 42 42 43 24 24 24 24 24 24 24 24 24 25 25 25 25 25 27 27 27 27 27 27 27 27 27 27 27 27 27 27 28 28 28 28 28 28 28 28 28 28 28 28 28 29 29 29 29 29 29 29 29 29 29 29 29 29 30 30 30 30 30 30 30 30 30 30 30 30 30 30 30 31 31 31 31 31 31 31 31 31 31 31 31 32 32 32 32 32 32 32 32 32 32 32 32 33 33 33 33 33 33 33 33 33 33 33 33 33 34 34 34 34 34 34 34 34 34 34 34 34 34 35 35 35 35 35 35 35 35 35 35 35 35 35 35 36 35 36 36 36 36 36 36 36 36 36 36 36 36 36 36 37 37 37 37 37 37 37 37 37 37 37 37 37 37 37 37 37 37 37 37 37 37 37 37 37 38 38 38 38 38 38 38 38 38 38 38 38 38 38 38 38 38 38 39 39 39 39 39 40 40 40 40 40 40 40 40 40 40 40 40 40 40 40 40 40 40 40 40 40 40 40 40 40 41 41 41 41 41 41 41 41 41 41 41 41 41 41 41 41 41 41 41 41 41 41 41 41 41 41 41 41 41 41 41 41 42 42 42 42 42 42 42 42 42 42 42 42 42 42 42 42 42 42 42 42 42 43 24 24 24 24 24 24 24 24 24 24 27 27 27 27 27 27 27 27 27 27 27 27 27 28 28 28 28 28 28 28 28 28 28 28 28 28 29 29 29 29 29 29 29 29 29 29 29 29 29 30 30 30 30 30 30 30 30 30 30 30 30 30 30 31 31 31 31 31 31 31 31 31 31 31 31 31 32 32 32 32 32 32 32 32 32 32 32 32 33 33 33 33 33 33 33 33 33 33 33 33 34 34 34 34 34 34 34 34 34 34 34 34 34 35 35 35 35 35 35 35 35 35 35 35 35 35 35 36 36 36 36 36 36 36 36 36 36 36 36 36 36 36 37 37 37 37 37 37 37 37 37 37 37 37 37 37 37 37 37 37 37 37 37 37 37 37 37 38 38 38 38 38 38 38 38 38 38 38 38 38 38 38 38 38 38 38 39 39 39 39 39 40 40 40 40 40 40 40 40 40 40 40 40 40 40 40 40 40 40 40 40 40 40 40 40 40 41 41 41 41 41 41 41 41 41 41 41 41 41 41 41 41 41 41 41 41 41 41 41 41 41 41 41 41 41 41 41 42 42 42 42 42 42 42 42 42 42 42 42 42 42 42 42 42 42 42 42 24 24 24 24 24 24 24 24 26 27 27 27 27 27 27 27 27 27 27 27 27 27 27 28 28 28 28 28 28 28 28 28 28 28 29 29 29 29 29 29 29 29 29 29 29 29 29 29 29 30 30 30 30 30 30 30 30 30 30 30 30 31 31 31 31 31 31 31 31 31 31 31 31 31 32 32 32 32 32 32 32 32 32 32 32 32 33 33 33 33 33 33 33 33 33 33 33 33 34 34 34 34 34 34 34 34 34 34 34 34 34 35 35 35 35 35 35 35 35 35 35 35 35 35 36 36 36 36 36 36 36 36 36 36 36 36 36 36 36 37 37 37 37 37 37 37 37 37 37 37 37 37 37 37 37 37 37 37 37 37 37 37 37 37 38 38 38 38 38 38 38 38 38 38 38 38 38 38 38 38 38 38 38 38 39 39 39 39 39 39 40 40 40 40 40 40 40 40 40 40 40 40 40 40 40 40 40 40 40 40 40 40 40 40 41 41 41 41 41 41 41 41 41 41 41 41 41 41 41 41 41 41 41 41 41 41 41 41 41 41 41 41 41 42 42 42 42 42 42 42 42 42 42 42 42 42 42 42 24 24 24 24 24 24 26 26 26 27 27 27 27 27 27 27 27 27 27 27 27 27 27 28 28 28 28 28 28 28 28 28 28 28 29 29 29 29 29 29 29 29 29 29 29 29 29 29 29 30 30 30 30 30 30 30 30 30 30 30 30 31 31 31 31 31 31 31 31 31 31 31 31 31 32 32 32 32 32 32 32 32 32 32 32 33 33 33 33 33 33 33 33 33 33 33 33 33 34 34 34 34 34 34 34 34 34 34 34 34 34 35 35 35 35 35 35 35 35 35 35 35 35 36 36 36 36 36 36 36 36 36 36 36 36 36 36 36 37 37 37 37 37 37 37 37 37 37 37 37 37 37 37 37 37 37 37 37 37 37 37 37 37 37 38 38 38 38 38 38 38 38 38 38 38 38 38 38 38 38 38 38 38 39 39 39 39 39 40 40 40 40 40 40 40 40 40 40 40 40 40 40 40 40 40 40 40 40 40 40 40 40 40 40 41 41 41 41 41 41 41 41 41 41 41 41 41 41 41 41 41 41 41 41 41 41 41 41 41 41 41 42 42 42 42 42 42 26 26 26 26 26 27 27 27 27 27 27 27 27 27 27 27 27 27 27 28 28 28 28 28 28 28 28 28 28 28 29 29 29 29 29 29 29 29 29 29 29 29 29 29 29 30 30 30 30 30 30 30 30 30 30 30 31 31 31 31 31 31 31 31 31 31 31 31 31 32 32 32 32 32 32 32 32 32 32 32 33 33 33 33 33 33 33 33 33 33 33 33 33 34 34 34 34 34 34 34 34 34 34 34 34 34 35 35 35 35 35 35 35 35 35 35 35 35 36 36 36 36 36 36 36 36 36 36 36 36 36 36 37 37 37 37 37 37 37 37 37 37 37 37 37 37 37 37 37 37 37 37 37 37 37 37 37 37 38 38 38 38 38 38 38 38 38 38 38 38 38 38 38 38 38 38 38 38 39 39 40 39 39 40 40 40 40 40 40 40 40 40 40 40 40 40 40 40 40 40 40 40 40 40 40 40 40 40 40 41 41 41 41 41 41 41 41 41 41 41 41 41 41 41 41 41 41 41 41 41 41 41 42 42 42 42 42 42 42 42 42 26 26 26 26 26 26 26 27 27 27 27 27 27 27 27 27 27 27 27 27 28 28 28 28 28 28 28 28 28 28 28 29 29 29 29 29 29 29 29 29 29 29 29 29 29 30 30 30 30 30 30 30 30 30 30 30 30 31 31 31 31 31 31 31 31 31 31 31 31 31 32 32 32 32 32 32 32 32 32 32 32 33 33 33 33 33 33 33 33 33 33 33 33 33 34 34 34 34 34 34 34 34 34 34 34 34 34 35 35 35 35 35 35 35 35 35 35 35 36 36 36 36 36 36 36 36 36 36 36 36 36 36 37 37 37 37 37 37 37 37 37 37 37 37 37 37 37 37 37 37 37 37 37 37 37 37 37 38 38 38 38 38 38 38 38 38 38 38 38 38 38 38 38 38 38 38 38 38 39 39 40 40 40 40 40 40 40 40 40 40 40 40 40 40 40 40 40 40 40 40 40 40 40 40 40 40 40 40 40 41 41 41 41 41 41 41 41 41 41 41 41 41 41 41 41 41 41 41 41 42 42 42 42 42 42 42 42 42 42 42 42 26 26 26 26 26 26 26 26 27 27 27 27 27 27 27 27 27 27 27 27 27 28 28 28 28 28 28 28 28 28 28 28 29 29 29 29 29 29 29 29 29 29 29 29 29 30 30 30 30 30 30 30 30 30 30 30 30 30 31 31 31 31 31 31 31 31 31 31 31 31 32 32 32 32 32 32 32 32 32 32 32 32 33 33 33 33 33 33 33 33 33 33 33 33 34 34 34 34 34 34 34 34 34 34 34 34 34 35 35 35 35 35 35 35 35 35 35 35 35 36 36 36 36 36 36 36 36 36 36 36 36 36 36 37 37 37 37 37 37 37 37 37 37 37 37 37 37 37 37 37 37 37 37 37 37 37 37 38 38 38 38 38 38 38 38 38 38 38 38 38 38 38 38 38 38 38 38 38 39 40 40 40 40 40 40 40 40 40 40 40 40 40 40 40 40 40 40 40 40 40 40 40 40 40 40 40 40 40 40 40 40 41 41 41 41 41 41 41 41 41 41 41 41 41 41 41 41 41 42 42 42 42 42 42 42 42 42 42 42 42 42 26 26 26 26 26 26 26 26 26 27 27 27 27 27 27 27 27 27 27 27 27 27 28 28 28 28 28 28 28 28 28 28 28 29 29 29 29 29 29 29 29 29 29 29 29 29 30 30 30 30 30 30 30 30 30 30 30 30 31 31 31 31 31 31 31 31 31 31 31 31 32 32 32 32 32 32 32 32 32 32 32 32 33 33 33 33 33 33 33 33 33 33 33 33 34 34 34 34 34 34 34 34 34 34 34 34 34 35 35 35 35 35 35 35 35 35 35 35 35 36 36 36 36 36 36 36 36 36 36 36 36 36 36 36 37 37 37 37 37 37 37 37 37 37 37 37 37 37 37 37 37 37 37 37 37 37 37 38 38 38 38 38 38 38 38 38 38 38 38 38 38 38 38 38 38 38 38 38 39 40 40 40 40 40 40 40 40 40 40 40 40 40 40 40 40 40 40 40 40 40 40 40 40 40 40 40 40 40 40 40 40 40 40 41 41 41 41 41 41 41 41 41 41 41 41 41 41 41 42 42 42 42 42 42 42 42 42 42 42 42 42 25 26 26 26 26 26 26 26 26 26 26 26 26 26 27 27 27 27 27 27 27 27 27 27 27 27 27 28 28 28 28 28 28 28 28 28 28 28 29 29 29 29 29 29 29 29 29 29 29 29 29 30 30 30 30 30 30 30 30 30 30 30 30 31 31 31 31 31 31 31 31 31 31 31 31 32 32 32 32 32 32 32 32 32 32 32 33 33 33 33 33 33 33 33 33 33 33 33 34 34 34 34 34 34 34 34 34 34 34 34 34 35 35 35 35 35 35 35 35 35 35 35 36 36 36 36 36 36 36 36 36 36 36 36 36 36 37 37 36 37 37 36 36 36 36 36 36 37 37 37 37 37 37 37 37 37 37 37 37 37 37 38 38 38 38 38 38 38 38 38 38 38 38 38 38 38 38 38 38 38 38 38 39 40 40 40 40 40 40 40 40 40 40 40 40 40 40 40 40 40 40 40 40 40 40 40 40 40 40 40 40 40 40 40 40 40 41 41 41 41 41 41 41 41 41 41 41 41 41 41 41 41 42 42 42 42 42 42 42 42 42 42 42 42 42 42 25 26 26 26 26 26 26 26 26 26 26 26 26 26 27 27 27 27 27 27 27 27 27 27 27 27 28 28 28 28 28 28 28 28 28 28 28 28 29 29 29 29 29 29 29 29 29 29 29 29 30 30 30 30 30 30 30 30 30 30 30 30 30 31 31 31 31 31 31 31 31 31 31 31 32 32 32 32 32 32 32 32 32 32 32 33 33 33 33 33 33 33 33 33 33 33 33 33 34 34 34 34 34 34 34 34 34 34 34 34 35 35 35 35 35 35 35 35 35 35 35 35 36 36 36 36 36 36 36 36 36 36 36 36 36 36 37 37 37 37 37 37 37 36 37 37 37 37 37 37 37 37 37 37 37 37 37 37 37 38 38 38 38 38 38 38 38 38 38 38 38 38 38 38 38 38 38 38 38 38 38 39 40 40 40 40 40 40 40 40 40 40 40 40 40 40 40 40 40 40 40 40 40 40 40 40 40 40 40 41 41 41 41 41 41 41 41 41 41 41 41 41 41 41 41 41 41 41 41 41 41 42 42 42 42 42 42 42 42 42 42 42 42 42 42 42 41 25 25 25 25 25 26 26 26 26 26 26 26 26 26 26 26 26 27 27 27 27 27 27 27 27 27 27 27 27 28 28 28 28 28 28 28 28 28 28 28 28 29 29 29 29 29 29 29 29 29 29 29 29 29 30 30 30 30 30 30 30 30 30 30 30 31 31 31 31 31 31 31 31 31 31 31 31 32 32 32 32 32 32 32 32 32 32 32 33 33 33 33 33 33 33 33 33 33 33 33 34 34 34 34 34 34 34 34 34 34 34 34 35 35 35 35 35 35 35 35 35 35 35 35 36 36 36 36 36 36 36 36 36 36 36 36 36 36 37 37 37 37 37 37 37 37 37 37 37 37 37 37 37 37 37 37 37 37 37 37 37 38 38 38 38 38 38 38 38 38 38 38 38 38 38 38 38 38 38 38 38 38 38 40 40 40 40 40 40 40 40 40 40 40 40 40 40 40 40 40 40 40 40 40 40 40 40 40 40 40 41 41 41 41 41 41 41 41 41 41 41 41 41 41 41 41 41 41 41 41 41 41 41 42 42 42 42 42 42 42 42 42 42 42 42 42 42 42 42 25 25 25 25 25 26 26 26 26 26 26 26 26 26 26 26 26 27 27 27 27 27 27 27 27 27 27 27 27 28 28 28 28 28 28 28 28 28 28 28 28 29 29 29 29 29 29 29 29 29 29 29 29 30 30 30 30 30 30 30 30 30 30 30 30 31 31 31 31 31 31 31 31 31 31 31 32 32 32 32 32 32 32 32 32 32 32 33 33 33 33 33 33 33 33 33 33 33 33 34 34 34 34 34 34 34 34 34 34 34 34 35 35 35 35 35 35 35 35 35 35 35 35 35 35 36 36 36 36 36 36 36 36 36 36 36 36 36 37 37 37 37 37 37 37 37 37 37 37 37 37 37 37 37 37 37 37 37 37 37 38 38 38 38 38 38 38 38 38 38 38 38 38 38 38 38 38 38 38 38 38 38 40 40 40 40 40 40 40 40 40 40 40 40 40 40 40 40 40 40 40 40 40 40 40 40 40 40 40 41 41 41 41 41 41 41 41 41 41 41 41 41 41 41 41 41 41 41 41 41 41 41 42 42 42 42 42 42 42 42 42 42 42 42 42 42 42 42 42 25 25 25 25 25 25 25 25 26 26 26 26 26 26 26 26 26 26 26 26 27 27 27 27 27 27 27 27 27 27 27 27 28 28 28 28 28 28 28 28 28 28 28 28 29 29 29 29 29 29 29 29 29 29 29 29 30 30 30 30 30 30 30 30 30 30 30 31 31 31 31 31 31 31 31 31 31 31 31 32 32 32 32 32 32 32 32 32 32 32 33 33 33 33 33 33 33 33 33 33 33 33 34 34 34 34 34 34 34 34 34 34 34 35 35 35 35 35 35 35 35 35 35 35 35 35 36 36 36 36 36 36 36 36 36 36 36 36 36 36 36 36 37 37 37 37 37 37 37 37 37 37 37 37 37 37 37 37 37 37 37 37 38 38 38 38 38 38 38 38 38 38 38 38 38 38 38 38 38 38 38 38 38 38 40 40 40 40 40 40 40 40 40 40 40 40 40 40 40 40 40 40 40 40 40 40 40 40 40 40 40 41 41 41 41 41 41 41 41 41 41 41 41 41 41 41 41 41 41 41 41 41 41 41 42 42 42 42 42 42 42 42 42 42 42 42 42 42 42 42 42 25 25 25 25 25 25 26 26 26 26 26 26 26 26 26 26 26 26 27 27 27 27 27 27 27 27 27 27 27 27 28 28 28 28 28 28 28 28 28 28 28 29 29 29 29 29 29 29 29 29 29 29 29 30 30 30 30 30 30 30 30 30 30 30 30 31 31 31 31 31 31 31 31 31 31 31 32 32 32 32 32 32 32 32 32 32 32 33 33 33 33 33 33 33 33 33 33 33 33 34 34 34 34 34 34 34 34 34 34 34 34 35 35 35 35 35 35 35 35 35 35 35 36 36 36 36 36 36 36 36 36 36 36 36 36 36 36 36 36 36 37 37 37 37 37 37 37 37 37 37 37 37 37 37 37 37 37 37 37 38 38 38 38 38 38 38 38 38 38 38 38 38 38 38 38 38 38 38 38 38 38 40 40 40 40 40 40 40 40 40 40 40 40 40 40 40 40 40 40 40 40 40 40 40 40 40 40 41 41 41 41 41 41 41 41 41 41 41 41 41 41 41 41 41 41 41 41 41 41 42 42 42 42 42 42 42 42 42 42 42 42 42 42 42 42 42 42 42 42 25 25 25 25 25 25 25 25 25 25 26 26 26 26 26 26 26 26 26 26 26 26 27 27 27 27 27 27 27 27 27 27 27 27 28 28 28 28 28 28 28 28 28 28 28 29 29 29 29 29 29 29 29 29 29 29 29 30 30 30 30 30 30 30 30 30 30 30 31 31 31 31 31 31 31 31 31 31 31 31 32 32 32 32 32 32 32 32 32 32 33 33 33 33 33 33 33 33 33 33 33 33 34 34 34 34 34 34 34 34 34 34 34 34 35 35 35 35 35 35 35 35 35 35 35 36 36 36 36 36 36 36 36 36 36 36 36 36 37 37 37 37 36 37 37 37 37 37 37 37 37 37 37 37 37 37 37 37 37 37 37 37 38 38 38 38 38 38 38 38 38 38 38 38 38 38 38 38 38 38 38 38 38 38 40 40 40 40 40 40 40 40 40 40 40 40 40 40 40 40 40 40 40 40 40 40 40 40 40 41 41 41 41 41 41 41 41 41 41 41 41 41 41 41 41 41 41 41 41 41 41 41 42 42 42 42 42 42 42 42 42 42 42 42 42 42 42 42 42 42 42 42 42 42 42 42 42 42 42 42 42 43 43 43 43 43 43 43 43 43 25 25 25 25 25 25 25 25 26 26 26 26 26 26 26 26 26 26 26 26 27 27 27 27 27 27 27 27 27 27 27 28 28 28 28 28 28 28 28 28 28 28 28 29 29 29 29 29 29 29 29 29 29 29 29 30 30 30 30 30 30 30 30 30 30 30 31 31 31 31 31 31 31 31 31 31 31 32 32 32 32 32 32 32 32 32 32 33 33 33 33 33 33 33 33 33 33 33 33 34 34 34 34 34 34 34 34 34 34 34 34 35 35 35 35 35 35 35 35 35 35 35 36 36 36 36 36 36 36 36 36 36 36 36 36 36 36 37 37 37 36 37 37 37 37 37 37 37 37 37 37 37 37 37 37 37 37 37 37 37 38 38 38 38 38 38 38 38 38 38 38 38 38 38 38 38 38 38 38 38 38 40 40 40 40 40 40 40 40 40 40 40 40 40 40 40 40 40 40 40 40 40 40 40 40 41 41 41 41 41 41 41 41 41 41 41 41 41 41 41 41 41 41 41 41 41 41 41 42 42 42 42 42 42 42 42 42 42 42 42 42 42 42 42 42 42 42 42 42 42 42 42 42 42 43 43 43 43 43 43 43 43 43 43 43 43 43 43 43 43 25 25 25 25 25 25 25 25 25 25 26 26 26 26 26 26 26 26 26 26 26 26 27 27 27 27 27 27 27 27 27 27 28 28 28 28 28 28 28 28 28 28 28 28 29 29 29 29 29 29 29 29 29 29 29 29 30 30 30 30 30 30 30 30 30 30 30 31 31 31 31 31 31 31 31 31 31 31 32 32 32 32 32 32 32 32 32 32 32 33 33 33 33 33 33 33 33 33 33 33 33 34 34 34 34 34 34 34 34 34 34 34 35 35 35 35 35 35 35 35 35 35 35 35 36 36 36 36 36 36 36 36 36 36 36 36 36 36 36 36 37 36 36 37 37 37 37 37 37 37 37 37 37 37 37 37 37 37 37 37 37 37 37 38 38 38 38 38 38 38 38 38 38 38 38 38 38 38 38 38 38 38 40 40 40 40 40 40 40 40 40 40 40 40 40 40 40 40 40 40 40 40 40 40 41 41 41 41 41 41 41 41 41 41 41 41 41 41 41 41 41 41 41 41 41 41 41 41 42 42 42 42 42 42 42 42 42 42 42 42 42 42 43 42 42 42 42 42 42 42 42 42 42 43 43 43 43 43 43 43 43 43 43 43 43 43 43 43 43 43 43 43 43 25 25 25 25 25 25 25 25 25 25 26 26 26 26 26 26 26 26 26 26 26 26 27 27 27 27 27 27 27 27 27 27 28 28 28 28 28 28 28 28 28 28 28 28 28 29 29 29 29 29 29 29 29 29 29 29 29 30 30 30 30 30 30 30 30 30 30 31 31 31 31 31 31 31 31 31 31 31 32 32 32 32 32 32 32 32 32 32 32 33 33 33 33 33 33 33 33 33 33 33 33 34 34 34 34 34 34 34 34 34 34 35 35 35 35 35 35 35 35 35 35 35 35 35 36 36 36 35 36 36 36 36 36 36 36 36 36 36 36 36 37 37 37 37 37 37 37 37 37 37 37 37 37 37 37 37 37 37 37 37 37 37 37 38 38 38 38 38 38 38 38 38 38 38 38 38 38 38 38 38 38 40 40 40 40 40 40 40 40 40 40 40 40 40 40 40 40 40 40 40 40 40 40 41 41 41 41 41 41 41 41 41 41 41 41 41 41 41 41 41 41 41 41 41 41 41 41 42 42 42 42 42 42 42 42 42 42 42 42 42 42 43 43 42 42 42 42 42 42 42 42 43 43 43 43 43 43 43 43 43 43 43 43 43 43 43 43 43 43 43 44 44 44 24 24 25 25 25 25 25 25 25 25 25 25 25 26 26 26 26 26 26 26 26 26 26 26 27 27 27 27 27 27 27 27 27 27 27 28 28 28 28 28 28 28 28 28 28 28 28 28 29 29 29 29 29 29 29 29 29 29 29 30 30 30 30 30 30 30 30 30 30 31 31 31 31 31 31 31 31 31 31 31 32 32 32 32 32 32 32 32 32 32 32 33 33 33 33 33 33 33 33 33 33 33 33 34 34 34 34 34 34 34 34 34 34 34 35 35 35 35 35 35 35 35 35 35 35 35 35 35 35 35 36 36 36 36 36 36 36 36 36 36 36 36 37 37 37 37 36 36 36 37 37 37 37 37 37 37 37 37 37 37 37 37 37 37 37 37 38 38 38 38 38 38 38 38 38 38 38 38 38 38 38 38 38 40 40 40 40 40 40 40 40 40 40 40 40 40 40 40 40 40 40 40 40 40 41 41 41 41 41 41 41 41 41 41 41 41 41 41 41 41 41 41 41 41 41 41 41 41 41 42 42 42 42 42 42 42 42 42 42 42 42 42 42 42 43 43 42 42 42 42 42 42 42 42 43 43 43 43 43 43 42 43 43 43 43 43 43 43 43 43 44 44 44 44 44 44 24 24 24 25 25 25 25 25 25 25 25 25 25 25 25 26 26 26 26 26 26 26 26 26 26 26 27 27 27 27 27 27 27 27 27 27 27 28 28 28 28 28 28 28 28 28 28 28 28 29 29 29 29 29 29 29 29 29 29 29 29 30 30 30 30 30 30 30 30 30 31 31 31 31 31 31 31 31 31 31 31 31 32 32 32 32 32 32 32 32 32 32 33 33 33 33 33 33 33 33 33 33 33 33 33 34 34 34 34 34 34 34 34 34 34 35 35 35 35 35 35 35 35 35 35 35 35 35 35 35 36 36 36 36 36 36 36 36 36 36 36 36 36 36 37 37 37 36 36 37 37 37 37 37 37 37 37 37 37 37 37 37 37 37 37 37 37 38 38 38 38 38 38 38 38 38 38 38 38 38 38 38 38 38 40 40 40 40 40 40 40 40 40 40 40 40 40 40 40 40 40 40 40 40 41 41 41 41 41 41 41 41 41 41 41 41 41 41 41 41 41 41 41 41 41 41 41 41 41 41 42 42 42 42 42 42 42 42 42 42 42 42 42 42 42 42 43 43 43 42 42 42 42 42 42 42 42 42 42 42 42 43 43 43 43 43 43 43 43 44 44 44 44 44 44 44 44 24 24 24 25 25 25 25 25 25 25 25 25 25 25 26 26 26 26 26 26 26 26 26 26 26 27 27 27 27 27 27 27 27 27 27 27 28 28 28 28 28 28 28 28 28 28 28 28 29 29 29 29 29 29 29 29 29 29 29 30 30 30 30 30 30 30 30 30 30 31 31 31 31 31 31 31 31 31 31 31 32 32 32 32 32 32 32 32 32 32 32 33 33 33 33 33 33 33 33 33 33 33 33 34 34 34 34 34 34 34 34 34 34 35 35 35 35 35 35 35 35 35 35 35 35 35 35 35 35 36 36 36 36 36 36 36 36 36 36 36 36 36 36 36 36 36 36 36 37 37 37 37 37 37 37 37 37 37 37 37 37 38 37 37 37 37 38 38 38 38 38 38 38 38 38 38 38 38 38 38 38 38 40 40 40 40 40 40 40 40 40 40 40 40 40 40 40 40 40 40 40 40 41 41 41 41 41 41 41 41 41 41 41 41 41 41 41 41 41 41 41 41 41 41 41 41 41 41 41 42 42 42 42 42 42 42 42 42 42 42 42 42 42 42 42 42 43 42 42 42 42 42 42 42 42 42 42 43 43 43 43 43 43 43 43 43 43 44 44 44 44 44 44 44 44 24 24 24 24 24 25 25 25 25 25 25 25 25 25 25 25 26 26 26 26 26 26 26 26 26 26 26 26 27 27 27 27 27 27 27 27 27 27 27 28 28 28 28 28 28 28 28 28 28 28 29 29 29 29 29 29 29 29 29 29 29 29 29 30 30 30 30 30 30 30 30 30 31 31 31 31 31 31 31 31 31 31 32 32 32 32 32 32 32 32 32 32 32 33 33 33 33 33 33 33 33 33 33 33 33 34 34 34 34 34 34 34 34 34 34 34 35 35 35 35 35 35 35 35 35 35 35 35 35 35 35 36 36 36 36 36 36 36 36 36 36 36 36 36 36 36 36 36 36 36 36 37 37 37 37 37 37 37 37 37 37 37 37 37 37 37 37 37 37 38 38 38 38 38 38 38 38 38 38 38 38 38 38 38 40 40 40 40 40 40 40 40 40 40 40 40 40 40 40 40 40 40 40 40 41 41 41 41 41 41 41 41 41 41 41 41 41 41 41 41 41 41 41 41 41 41 41 41 41 41 41 41 41 41 42 42 42 42 42 42 42 42 42 43 43 43 42 43 43 43 42 42 43 43 43 43 43 43 43 43 43 43 43 43 43 43 43 43 43 44 44 44 44 44 44 44 44 44 51 51 51 51 24 24 24 24 24 25 25 25 25 25 25 25 25 25 25 25 26 26 26 26 26 26 26 26 26 26 26 26 27 27 27 27 27 27 27 27 27 27 27 27 28 28 28 28 28 28 28 28 28 29 29 29 29 29 29 29 29 29 29 29 29 29 29 30 30 30 30 30 30 30 30 30 31 31 31 31 31 31 31 31 31 32 32 32 32 32 32 32 32 32 32 32 33 33 33 33 33 33 33 33 33 33 33 33 33 34 34 34 34 34 34 34 34 34 34 35 35 35 35 35 35 35 35 35 35 35 35 35 35 35 36 36 36 36 36 36 36 36 36 36 36 36 36 36 36 36 36 36 36 36 36 36 37 37 37 37 37 37 37 37 37 37 38 37 37 37 37 37 37 38 38 38 38 38 38 38 38 38 38 38 38 38 38 40 40 40 40 40 40 40 40 40 40 40 40 40 40 40 40 40 40 40 41 41 41 41 41 41 41 41 41 41 41 41 41 41 41 41 41 41 41 41 41 41 41 41 42 41 41 41 41 42 42 42 42 42 42 42 42 42 42 42 43 43 43 43 43 43 43 43 43 43 43 43 43 43 43 43 43 44 43 43 43 43 43 43 43 43 43 43 44 44 44 44 44 44 44 51 51 51 51 52 51 51 51 24 24 24 24 24 24 24 24 25 25 25 25 25 25 25 25 25 25 25 26 26 26 26 26 26 26 26 26 26 26 26 26 27 27 27 27 27 27 27 27 27 28 28 28 28 28 28 28 28 28 28 29 29 29 29 29 29 29 29 29 29 29 29 29 30 30 30 30 30 30 30 30 30 30 31 31 31 31 31 31 31 31 31 32 32 32 32 32 32 32 32 32 32 32 33 33 33 33 33 33 33 33 33 33 33 33 34 34 34 34 34 34 34 34 34 34 35 35 35 35 35 35 35 35 35 35 35 35 35 36 35 36 36 36 36 36 36 36 36 36 36 36 36 36 36 37 36 36 36 36 36 36 36 36 37 37 37 37 37 37 37 37 37 37 37 37 37 37 37 37 38 38 38 38 38 38 38 38 38 38 38 38 38 38 40 40 40 40 40 40 40 40 40 40 40 40 40 40 40 40 40 40 40 41 41 41 41 41 41 41 41 41 41 41 41 41 41 41 41 41 41 41 41 41 41 41 41 41 42 41 41 42 42 42 42 42 42 42 43 43 43 43 43 43 43 43 43 43 43 43 43 43 43 43 43 43 43 43 43 43 44 43 43 43 43 43 43 43 43 43 43 43 44 44 44 44 44 51 51 51 52 52 52 52 52 52 51 24 24 24 24 24 24 24 24 24 24 24 24 25 25 25 25 25 25 25 25 25 25 25 26 26 26 26 26 26 26 26 26 26 26 27 27 27 27 27 27 27 27 27 28 28 28 28 28 28 28 28 28 28 28 29 29 29 29 29 29 29 29 29 29 29 30 30 30 30 30 30 30 30 30 30 30 30 31 31 31 31 31 31 31 31 32 32 32 32 32 32 32 32 32 32 32 32 33 33 33 33 33 33 33 33 33 33 33 34 34 34 34 34 34 34 34 34 34 34 35 35 35 35 34 35 35 35 35 35 35 35 36 36 36 36 36 36 36 36 36 36 36 36 36 36 36 36 37 37 36 36 36 36 36 36 36 37 37 37 37 37 37 37 37 37 37 37 37 37 37 37 37 37 38 38 38 38 38 38 38 38 38 38 38 38 38 40 40 40 40 40 40 40 40 40 40 40 40 40 40 40 40 40 40 41 41 41 41 41 41 41 41 41 41 41 41 41 41 41 41 41 41 41 41 41 41 41 41 41 41 41 42 42 42 42 42 42 42 42 43 43 43 43 43 43 43 43 43 43 43 43 43 43 43 43 43 43 43 43 43 43 43 43 43 43 43 43 43 43 43 43 43 44 44 44 44 44 44 44 51 51 51 51 52 52 52 52 52 52 52 51 51 23 24 24 24 24 24 24 24 24 24 24 24 24 25 25 25 25 25 25 25 25 25 25 25 25 26 26 26 26 26 26 26 26 26 26 27 27 27 27 27 27 27 27 28 28 28 28 28 28 28 28 28 28 28 29 29 29 29 29 29 29 29 29 29 29 30 30 30 30 30 30 30 30 30 30 30 30 31 31 31 31 31 31 31 31 31 32 32 32 32 32 32 32 32 32 32 32 33 33 33 33 33 33 33 33 33 33 33 34 34 34 34 34 34 34 34 34 34 34 34 34 34 34 34 35 35 35 35 35 35 35 36 36 36 36 36 36 36 36 36 36 36 36 36 36 36 36 36 36 36 36 36 36 36 36 36 37 37 37 37 37 37 37 37 37 37 37 37 37 37 37 37 37 37 38 38 38 38 38 38 38 38 38 38 38 38 40 40 40 40 40 40 40 40 40 40 40 40 40 40 40 40 40 40 41 41 41 41 41 41 41 41 41 41 41 41 41 41 41 41 41 41 41 41 41 41 42 41 41 42 42 42 42 42 42 42 42 42 42 43 43 43 43 43 43 43 43 43 43 43 43 43 43 43 43 43 43 43 43 43 43 43 43 43 43 43 43 43 43 43 44 44 44 44 44 44 44 44 44 44 51 51 51 52 52 52 52 52 52 52 52 53 52 51 51 23 23 23 24 24 24 24 24 24 24 24 24 24 24 24 24 24 25 25 25 25 25 25 25 25 25 25 26 26 26 26 26 26 26 26 27 27 27 27 27 27 27 27 27 27 27 28 28 28 28 28 28 28 28 28 28 29 29 29 29 29 29 29 29 29 29 30 30 30 30 30 30 30 30 30 30 30 30 31 31 31 31 31 31 31 31 31 32 32 32 32 32 32 32 32 32 32 32 33 33 33 33 33 33 33 33 33 33 33 34 34 34 34 34 34 34 34 34 34 34 34 34 34 34 34 35 35 35 35 35 35 35 36 36 36 36 36 36 36 36 36 36 36 36 36 36 36 36 36 36 36 36 36 36 36 36 36 37 37 37 37 37 37 37 37 37 37 37 37 37 37 37 37 37 37 37 38 38 38 38 38 38 38 38 38 38 38 40 40 40 40 40 40 40 40 40 40 40 40 40 40 40 40 40 40 41 41 41 41 41 41 41 41 41 41 41 41 41 41 41 41 41 41 41 41 41 41 42 42 41 42 42 42 42 42 42 42 42 42 43 43 43 43 43 43 43 43 43 43 43 43 43 43 43 43 43 43 43 43 43 43 43 43 43 43 43 43 43 43 43 43 44 44 44 44 44 44 44 44 44 44 44 50 50 50 50 50 51 51 51 51 51 52 52 53 53 53 53 53 53 53 52 51 51 51 23 23 23 24 23 23 23 23 24 24 24 24 24 24 24 24 24 24 24 25 25 25 25 25 25 25 25 26 26 26 26 26 26 26 26 27 27 27 27 27 27 27 27 27 27 28 28 28 28 28 28 28 28 28 28 28 28 29 29 29 29 29 29 29 29 30 30 30 30 30 30 30 30 30 30 30 30 31 31 31 31 31 31 31 31 31 32 32 32 32 32 32 32 32 32 32 32 33 33 33 33 33 33 33 33 33 33 33 34 34 34 34 34 34 34 34 34 34 34 34 34 34 35 35 35 35 35 35 35 35 35 35 36 36 36 36 36 36 36 36 36 36 36 36 36 36 36 36 36 36 36 37 36 36 36 36 37 37 37 37 37 37 37 37 37 37 37 37 37 37 37 37 38 37 37 37 37 37 37 38 38 38 38 38 38 38 39 39 39 39 39 39 39 40 40 40 40 40 40 40 40 40 40 40 41 41 41 41 41 41 41 41 41 41 41 41 41 41 41 41 41 41 41 41 42 41 42 42 42 42 42 42 42 42 42 42 42 42 43 43 43 43 43 43 43 43 43 43 43 43 43 43 43 43 43 43 43 43 43 43 43 44 43 43 43 43 43 43 43 44 44 44 44 44 44 44 44 44 44 44 44 44 44 44 44 43 43 43 43 50 50 50 51 51 51 51 51 51 51 51 52 52 52 52 53 53 53 53 53 53 53 52 52 52 52 52 52 23 23 23 23 23 23 23 23 23 23 24 24 24 24 24 24 24 24 24 24 24 24 24 25 25 25 25 25 25 25 26 26 26 26 26 26 26 26 27 27 27 27 27 27 27 27 27 27 28 28 28 28 28 28 28 28 28 28 28 29 29 29 29 29 29 29 29 29 29 30 30 30 30 30 30 30 30 30 30 30 30 31 31 31 31 31 31 31 31 32 32 32 32 32 32 32 32 32 32 32 32 33 33 33 33 33 33 33 33 33 33 34 34 34 34 34 34 34 34 34 34 34 34 34 34 35 35 35 35 35 35 35 35 35 35 35 36 36 36 36 36 36 36 36 36 36 36 36 36 36 36 36 36 36 36 36 36 36 36 37 37 37 37 37 37 37 37 37 37 37 37 37 37 37 37 38 38 37 37 38 38 37 37 38 38 38 38 38 38 39 39 39 39 39 39 40 40 40 40 40 40 40 40 40 40 40 40 41 41 41 41 41 41 41 41 41 41 41 41 41 41 41 41 41 41 42 42 42 42 42 42 42 42 42 42 42 42 42 42 42 42 43 43 43 43 43 43 43 43 43 43 43 43 43 43 43 43 43 43 43 43 43 43 43 43 43 43 43 43 43 43 43 44 44 44 44 44 44 44 44 44 44 44 44 44 44 44 44 44 43 43 43 43 43 43 43 43 43 43 44 44 44 44 44 44 44 44 44 50 51 51 51 51 51 51 51 52 52 51 52 52 52 52 53 53 53 54 53 53 53 53 52 53 52 52 52 52 23 23 23 23 23 23 23 23 23 23 24 24 24 24 24 24 24 24 24 24 25 25 25 25 25 25 25 25 25 26 26 26 26 26 26 26 26 26 27 27 27 27 27 27 27 27 27 27 27 28 28 28 28 28 28 28 28 28 28 28 29 29 29 29 29 29 29 29 30 30 30 30 30 30 30 30 30 30 30 30 31 31 31 31 31 31 31 31 31 32 32 32 32 32 32 32 32 32 32 32 33 33 33 33 33 33 33 33 33 33 33 34 34 33 33 33 34 34 34 34 34 34 34 35 35 35 35 35 35 35 35 35 35 35 35 35 36 36 36 36 36 36 36 36 36 36 36 36 36 36 36 36 36 36 37 36 36 36 37 37 37 37 37 37 37 37 37 37 37 37 37 37 37 37 38 38 37 38 38 38 38 38 38 38 38 38 38 38 39 39 40 40 40 40 40 40 40 40 40 40 40 40 40 40 40 40 41 41 41 41 41 41 41 41 41 41 41 41 41 41 41 41 41 42 42 42 42 42 42 42 42 42 42 42 42 42 42 42 42 43 43 43 43 43 43 43 43 43 43 43 43 43 43 43 43 43 44 44 43 44 44 44 44 44 43 43 43 43 43 43 43 44 44 44 44 44 44 44 44 44 44 44 44 44 44 44 44 44 43 43 44 44 43 44 44 44 44 44 44 43 44 44 44 44 44 44 44 44 44 44 45 45 45 45 45 45 49 50 51 51 51 51 52 52 52 52 52 52 52 53 53 53 53 53 54 53 53 53 53 53 53 53 52 52 52 53 53 23 23 23 23 23 23 23 23 23 24 23 24 24 24 24 24 24 24 24 24 24 25 25 25 24 25 25 25 25 25 25 26 26 26 26 26 26 26 26 27 27 27 27 27 27 27 27 27 27 28 28 28 28 28 28 28 28 28 28 28 28 29 29 29 29 29 29 29 29 29 30 30 30 30 30 30 30 30 30 30 30 30 31 31 31 31 31 31 31 31 32 32 32 32 32 32 32 32 32 32 32 32 33 33 33 33 33 33 33 33 33 33 33 33 33 33 34 34 34 34 34 34 34 34 34 34 34 34 35 35 35 35 35 35 35 35 35 36 36 36 36 36 36 36 36 36 36 36 36 36 36 36 36 36 37 37 36 36 36 36 37 37 37 37 37 37 37 37 37 37 37 37 37 37 37 38 38 37 38 38 38 38 38 38 38 38 38 38 38 39 39 40 40 40 40 40 40 40 40 40 40 40 40 40 40 40 40 41 41 41 41 41 41 41 41 41 41 41 41 41 41 41 41 41 42 42 42 42 42 42 42 42 42 42 42 42 42 42 42 43 43 43 43 43 43 43 43 43 43 43 43 43 43 43 43 43 43 43 43 44 44 44 44 44 44 43 43 43 43 44 44 44 44 44 44 44 44 44 44 44 44 44 44 44 44 44 44 44 45 44 44 44 44 44 44 44 44 44 43 43 44 44 44 44 45 45 44 45 45 44 45 45 45 45 45 45 45 45 45 45 45 45 45 49 51 51 51 52 52 52 52 52 52 53 53 53 53 53 53 53 53 54 54 53 53 53 54 53 53 52 53 53 53 53 53 53 22 23 23 23 23 23 23 23 23 23 23 24 24 24 24 24 24 24 24 24 24 24 25 25 24 24 24 25 25 25 25 25 25 25 26 26 26 26 26 26 26 27 27 27 27 27 27 27 27 27 27 27 27 28 28 28 28 28 28 28 28 28 28 29 29 29 29 29 29 29 29 29 30 30 30 30 30 30 30 30 30 30 30 30 31 31 31 31 31 31 31 31 32 32 32 32 32 32 32 32 32 32 32 32 33 33 33 33 33 33 33 33 33 33 33 33 33 33 34 34 34 34 34 34 34 34 34 34 34 35 35 35 35 35 35 35 35 35 35 36 36 36 36 36 36 36 36 36 36 36 36 36 36 36 36 36 36 37 37 36 36 37 37 37 37 37 37 37 37 37 37 37 37 37 37 37 37 38 38 38 38 38 38 38 38 38 38 38 38 38 38 40 40 40 40 40 40 40 40 40 40 40 40 40 40 40 40 40 40 41 41 41 41 41 41 41 41 41 41 41 41 41 41 41 41 41 42 42 42 42 42 42 42 42 42 42 42 42 42 42 42 43 43 43 43 43 43 43 43 43 43 43 43 43 43 43 44 43 43 43 43 43 43 44 44 44 43 44 43 43 44 44 44 44 44 44 44 44 44 44 44 44 44 44 44 44 44 44 44 45 45 44 44 44 44 44 43 44 44 44 44 44 44 44 44 44 44 45 45 45 44 44 45 45 45 46 45 46 46 45 45 46 46 45 46 45 45 46 46 46 45 50 50 51 51 51 51 52 52 52 52 52 53 53 52 53 53 53 53 53 53 53 53 54 54 53 53 53 53 53 53 53 53 53 53 53 54 54 22 22 22 23 23 23 23 23 23 23 23 23 23 23 23 24 23 24 24 24 24 24 25 25 25 25 25 25 25 25 25 25 25 25 25 25 25 26 26 26 26 26 26 26 27 27 27 27 27 27 27 27 27 27 27 28 28 28 28 28 28 28 28 28 28 28 28 29 29 29 29 29 29 29 30 30 30 30 30 30 30 30 30 30 30 30 30 31 31 31 31 31 31 31 31 32 32 32 32 32 32 32 32 32 32 32 32 32 33 33 33 33 33 33 33 33 33 33 34 33 34 34 34 34 34 34 34 34 34 34 35 35 35 35 35 35 35 35 35 35 35 35 36 35 35 35 36 36 36 36 36 36 36 36 36 36 36 36 36 36 36 36 36 37 37 37 37 37 37 37 37 37 37 37 37 37 37 37 37 38 38 38 38 38 38 38 38 38 38 38 38 38 38 40 40 40 40 40 40 40 40 40 40 40 40 40 40 40 40 40 40 40 41 41 41 41 41 41 41 41 41 41 41 41 41 41 41 42 42 42 42 42 42 42 42 42 42 42 42 42 42 42 42 43 43 43 43 43 43 43 43 43 43 43 43 43 43 43 43 44 44 43 43 43 43 43 43 43 43 44 44 44 44 44 44 44 44 44 44 44 44 44 44 44 44 44 44 44 44 44 44 45 45 44 44 44 44 44 43 44 45 45 45 44 45 45 45 45 45 45 45 44 44 45 45 45 45 46 46 46 45 45 46 46 46 45 46 46 45 46 47 46 45 50 50 50 51 51 51 51 52 52 52 52 52 53 53 52 52 53 53 53 53 53 54 54 54 54 53 53 52 53 53 53 53 53 54 54 54 54 54 54 54 22 22 22 22 23 23 23 23 23 23 23 23 23 23 23 23 23 23 24 24 24 24 24 24 25 25 25 25 25 25 25 25 25 25 25 25 25 25 26 26 26 26 26 26 27 27 27 27 27 27 27 27 27 27 27 28 28 28 28 28 28 28 28 28 28 28 29 29 29 29 29 29 29 29 29 30 30 30 30 30 30 30 30 30 30 30 30 31 31 31 31 31 31 31 31 32 32 32 32 32 32 32 32 32 32 32 32 32 33 33 33 33 33 33 33 33 33 33 33 34 34 34 34 34 34 34 34 34 34 34 34 34 34 34 35 35 35 35 35 35 35 35 35 35 35 35 35 36 36 36 36 36 36 36 36 36 36 36 36 36 36 37 37 37 37 37 37 37 37 37 37 37 37 37 37 37 37 37 38 38 38 38 38 38 38 38 38 38 38 38 38 38 38 40 40 40 40 40 40 40 40 40 40 40 40 40 40 40 40 40 40 41 41 41 41 41 41 41 41 41 41 41 41 41 41 41 41 42 42 42 42 42 42 42 42 42 42 42 42 42 42 42 42 43 43 43 43 43 43 43 43 43 43 43 43 43 43 43 44 44 44 44 43 43 43 43 43 44 44 44 44 44 44 44 44 44 44 44 44 44 44 44 44 44 44 44 45 45 44 44 45 45 45 44 44 44 44 44 44 44 45 45 45 45 45 45 45 45 46 46 45 45 44 45 46 46 46 46 46 45 45 45 46 46 46 46 47 46 45 46 47 47 46 50 50 50 51 52 51 51 52 52 52 53 52 53 53 53 53 53 53 53 53 53 54 54 54 54 53 53 52 53 53 53 53 53 54 54 54 54 54 54 54 55 55 55 55 55 55 55 55 55 22 22 22 22 22 23 23 23 23 23 23 23 23 23 23 23 23 23 23 24 24 24 24 24 24 24 24 24 24 24 25 26 26 25 25 25 25 25 26 26 26 26 26 27 27 27 27 27 27 27 27 27 27 27 27 28 28 28 28 28 28 28 28 28 28 28 29 29 29 29 29 29 29 29 29 30 30 30 30 30 30 30 30 30 30 31 31 31 31 31 31 31 31 31 31 31 31 32 32 32 32 32 32 32 32 32 32 33 33 33 33 33 33 33 33 33 33 33 33 34 34 34 34 34 34 34 34 34 34 34 34 34 35 35 35 35 35 35 35 35 35 35 35 35 35 35 35 35 36 36 36 36 36 36 36 36 36 36 36 36 37 36 36 37 37 37 37 37 37 37 37 37 37 37 37 37 37 37 38 38 38 38 38 38 38 38 38 38 38 38 38 38 38 39 39 39 40 40 40 40 40 40 40 40 40 40 40 40 40 40 40 41 41 41 41 41 41 41 41 41 41 41 41 41 41 41 41 42 42 42 42 42 42 42 42 42 42 42 42 42 42 42 42 43 43 43 43 43 43 43 43 43 43 43 43 43 43 44 44 44 44 44 44 44 44 44 44 44 44 44 44 44 44 44 44 44 44 44 44 44 44 44 44 44 44 45 45 44 44 44 45 45 45 44 44 44 44 45 45 45 44 44 45 45 45 45 45 46 46 46 45 44 45 45 46 46 45 45 45 45 45 45 45 46 46 46 47 46 46 46 46 47 47 46 49 50 50 51 51 52 52 51 51 52 52 52 52 52 52 53 53 53 53 53 53 53 53 53 53 53 53 53 53 53 53 53 54 54 54 54 54 54 54 54 54 54 55 55 55 55 55 55 55 55 55 55 22 22 22 22 22 22 22 23 23 23 23 23 23 23 23 23 23 23 23 23 23 24 24 23 24 24 24 24 24 24 24 25 25 25 26 26 25 25 25 25 26 26 26 26 26 27 26 26 27 27 27 27 27 27 27 27 28 27 28 28 28 28 28 28 28 28 28 29 29 29 29 29 29 29 29 29 29 30 30 30 30 30 30 30 30 30 31 31 31 31 31 31 31 31 31 31 31 31 31 32 32 32 32 32 32 32 32 32 33 33 33 33 33 33 33 33 33 33 33 33 33 34 33 34 34 34 34 34 34 34 34 35 35 35 35 35 35 35 35 35 35 35 35 35 35 35 35 35 36 36 36 36 36 36 36 36 36 36 36 36 37 37 36 36 36 36 37 37 37 37 37 37 37 37 37 37 37 37 37 37 37 37 38 37 37 38 38 38 38 38 38 38 38 38 39 39 39 39 40 40 40 40 40 40 40 40 40 40 40 40 40 40 41 41 41 41 41 41 41 41 41 41 41 41 41 41 41 42 42 42 42 42 42 42 42 42 42 42 42 42 42 42 42 42 43 43 43 43 43 43 43 43 43 43 43 43 43 43 44 44 44 44 44 44 44 44 44 44 44 44 44 44 44 44 44 44 44 44 44 44 44 44 44 44 44 44 44 45 45 44 44 45 45 45 44 44 44 45 45 45 45 45 45 45 45 45 45 45 45 46 46 45 45 46 46 46 45 46 46 45 46 46 46 45 46 47 47 47 46 46 46 46 47 48 46 46 49 50 51 51 52 52 52 51 52 52 52 53 52 52 52 52 53 53 53 53 53 53 53 53 53 53 54 53 53 53 53 54 54 54 54 54 54 54 54 54 54 54 55 55 55 55 55 55 55 56 56 56 56 56 22 22 22 22 22 22 22 22 22 22 23 23 23 23 23 23 23 23 23 23 23 23 23 23 23 24 24 24 24 24 24 24 25 24 25 25 25 26 26 25 25 26 26 26 26 26 26 26 26 26 27 27 27 27 27 27 27 27 27 27 28 28 28 28 28 28 28 28 29 28 29 29 29 29 29 29 29 29 30 30 30 30 30 30 30 30 30 31 31 31 31 31 31 31 31 31 31 31 31 32 32 32 32 32 32 32 32 32 33 33 33 33 33 33 33 33 33 33 33 33 33 33 33 33 34 34 34 34 34 34 34 34 34 35 35 35 35 35 35 35 35 35 35 35 35 35 35 35 35 35 36 36 36 36 36 36 36 36 36 36 36 36 36 36 36 36 36 36 37 37 37 37 37 37 37 37 37 37 37 37 37 37 37 37 37 37 37 37 38 38 38 38 38 38 38 39 39 39 39 39 40 40 40 40 40 40 40 40 40 40 40 40 40 40 41 41 41 41 41 41 41 41 41 41 41 41 41 41 42 42 42 42 42 42 42 42 42 42 42 42 42 42 42 42 42 42 43 43 43 43 43 43 43 43 43 43 43 43 43 43 44 44 44 44 44 44 44 44 44 44 44 44 44 44 44 44 44 44 44 44 44 44 44 44 44 45 45 45 45 45 45 45 44 45 45 44 44 44 45 44 44 44 44 45 45 45 45 45 45 45 46 46 46 46 46 46 46 46 46 46 46 46 46 46 46 46 47 47 47 47 46 46 47 47 47 47 47 46 49 50 51 51 51 51 51 51 51 52 52 52 53 53 52 52 52 52 53 53 53 53 53 53 53 53 53 53 53 53 53 53 54 54 54 54 54 54 54 54 55 55 55 55 55 55 55 55 55 56 56 56 56 56 56 56 22 22 22 22 22 22 22 22 23 23 23 23 23 23 23 23 23 23 23 23 23 23 23 24 24 24 24 24 24 24 24 25 25 25 25 25 25 25 26 26 25 26 26 26 26 26 26 26 26 26 26 26 27 27 27 27 27 27 27 27 28 28 28 28 28 28 28 28 28 28 29 29 29 29 29 29 29 29 30 30 30 30 30 30 30 30 30 30 31 31 31 31 31 31 31 31 31 32 32 32 32 32 32 32 32 32 32 33 33 33 33 33 33 33 33 33 33 33 33 34 34 34 34 34 34 34 34 34 34 34 34 34 35 35 35 35 35 35 35 35 35 35 35 35 35 36 36 36 36 36 36 36 36 37 37 37 37 37 36 36 36 36 36 37 37 37 37 37 37 37 37 37 37 37 37 38 38 37 38 38 37 37 37 38 38 38 38 38 38 38 38 38 38 38 38 40 40 40 40 40 40 40 40 40 40 40 41 41 41 41 41 41 41 41 41 41 41 42 42 42 42 42 42 42 42 42 42 42 42 42 42 42 42 42 43 43 43 43 42 42 42 43 43 43 43 43 43 43 43 43 43 43 44 44 44 44 44 44 44 44 44 44 44 44 44 44 44 44 44 44 44 45 44 44 44 44 44 44 44 44 44 44 45 45 45 45 45 45 45 45 45 45 45 46 45 45 45 45 45 46 46 46 46 45 46 46 46 46 46 46 47 47 47 47 47 47 47 47 48 47 47 47 47 47 46 47 47 47 48 48 47 47 48 48 48 48 47 46 50 51 51 52 52 52 52 52 52 52 53 53 53 53 53 53 53 53 53 53 53 53 54 54 54 54 54 54 54 54 53 54 54 54 54 54 55 55 55 55 55 55 55 55 55 56 56 56 56 56 56 56 56 56 56 56 56 56 56 21 21 21 22 22 22 22 22 22 22 22 22 22 22 23 23 23 23 23 23 23 23 23 24 24 24 24 24 24 24 24 24 25 25 25 25 25 25 25 25 25 26 26 26 26 26 26 26 26 26 26 26 26 26 26 27 27 27 27 27 27 27 27 28 28 28 28 28 28 28 28 28 28 29 29 29 29 29 29 29 29 29 29 30 30 30 30 30 30 30 30 30 30 31 31 31 31 31 31 31 31 32 32 32 32 32 32 32 32 32 33 33 33 33 33 33 33 33 33 33 33 34 34 34 34 34 34 34 34 34 34 34 34 34 35 35 35 35 35 35 35 35 35 35 35 35 35 35 36 36 36 36 36 36 36 36 37 37 37 37 36 36 36 36 36 36 37 37 37 37 37 37 37 37 37 37 37 37 37 37 37 37 37 37 37 38 38 38 38 38 38 38 38 38 38 38 38 39 40 40 40 40 40 40 40 40 40 40 41 41 41 41 41 41 41 41 41 41 41 41 42 42 42 42 42 42 42 42 42 42 42 42 42 42 42 42 42 43 43 43 43 42 42 42 43 43 43 43 43 43 43 43 43 43 43 44 44 44 44 44 44 44 44 44 44 44 44 44 44 44 44 44 44 44 45 45 44 44 44 44 44 44 44 44 44 44 45 45 45 45 45 45 45 46 46 46 46 45 45 45 44 45 45 46 46 46 46 46 46 46 46 46 46 46 46 47 47 47 47 47 47 48 48 48 48 47 47 47 47 47 48 48 48 48 48 48 48 48 48 47 47 50 50 51 51 52 52 52 52 52 52 53 53 53 53 53 53 53 53 53 53 53 53 53 53 53 54 54 54 54 54 54 53 54 54 54 54 54 54 55 55 55 55 55 55 55 55 55 56 56 56 56 56 56 56 56 56 56 56 57 57 57 21 21 21 22 22 22 22 22 22 22 22 22 22 22 22 23 23 23 23 23 23 24 24 24 24 24 24 24 24 24 25 25 25 25 25 25 25 25 25 25 25 26 26 26 26 26 26 26 26 26 26 26 26 26 27 27 27 27 27 27 27 27 27 27 28 28 28 28 28 28 28 28 28 29 29 29 29 29 29 29 29 29 30 30 30 30 30 30 30 30 30 30 31 31 31 31 31 31 31 31 31 32 32 32 32 32 32 32 32 32 32 33 33 33 33 33 33 33 33 33 33 33 34 34 34 34 34 34 34 34 34 34 34 34 35 35 35 35 35 35 35 35 35 35 35 35 35 35 36 36 36 36 36 36 36 36 37 37 37 37 37 36 37 37 37 37 37 37 37 37 37 37 37 37 37 37 37 37 37 37 37 37 37 38 37 38 38 38 38 38 38 38 38 38 38 38 38 39 40 40 40 40 40 40 40 41 41 41 41 41 41 41 41 41 41 41 41 41 41 42 42 42 42 42 42 42 42 42 42 42 42 42 42 42 42 42 43 43 43 43 43 42 42 43 43 43 43 43 43 43 43 43 43 43 43 44 44 44 44 44 44 44 44 44 44 44 44 44 44 45 45 45 45 45 45 45 45 44 44 44 44 44 44 44 45 45 45 45 45 45 45 45 45 45 45 46 45 45 44 44 44 45 46 46 46 46 46 46 46 46 46 46 46 46 47 47 47 47 47 47 47 48 48 47 48 48 48 48 47 47 48 48 49 48 48 48 48 47 47 48 47 47 50 50 51 51 51 52 52 52 52 52 53 53 53 53 53 53 53 54 53 53 53 54 54 54 53 53 54 54 54 54 54 54 54 54 54 54 54 54 54 54 55 55 55 55 55 55 55 55 55 56 56 56 56 56 56 56 56 56 57 57 57 57 57 21 21 22 22 22 22 22 22 22 22 22 22 23 22 22 23 23 23 23 23 23 23 23 23 24 24 24 24 24 24 24 25 25 25 25 25 25 25 25 25 25 26 26 26 26 26 26 26 26 26 26 26 26 27 27 27 27 27 27 27 27 27 28 28 28 28 28 28 28 28 28 28 29 29 29 29 29 29 29 29 29 29 29 30 30 30 30 30 30 30 30 30 31 31 31 31 31 31 31 32 32 32 32 32 32 32 32 32 32 32 33 33 33 33 33 33 33 33 33 33 33 34 34 34 34 34 34 34 34 34 34 34 34 34 34 35 35 35 35 35 35 35 35 35 35 35 35 36 36 36 36 36 36 36 36 36 36 37 37 37 37 37 37 37 37 37 37 37 37 37 37 37 37 37 37 37 37 37 37 37 37 38 38 38 38 38 38 38 38 38 38 38 38 38 39 39 39 40 40 40 40 40 41 41 41 41 41 41 41 41 41 41 41 41 41 41 41 41 42 42 42 42 42 42 42 42 42 42 42 42 42 42 42 42 43 43 43 43 43 43 42 43 43 43 43 43 43 43 43 43 43 43 43 44 44 44 44 44 44 44 44 44 44 44 44 44 44 44 44 45 45 45 45 45 45 45 45 45 45 45 45 45 44 45 45 45 45 45 45 45 45 45 45 45 45 45 45 44 45 45 46 46 46 46 46 46 46 46 46 46 46 46 46 47 47 47 47 47 47 47 47 47 47 48 48 48 48 48 47 48 48 48 49 48 48 47 47 47 47 48 47 50 50 51 51 51 51 52 52 52 53 53 53 53 53 53 53 53 53 53 54 54 54 54 54 54 54 54 54 54 54 54 54 54 54 54 54 54 54 54 54 54 54 54 55 55 55 55 55 55 55 56 56 56 56 56 56 56 56 56 56 57 57 57 57 21 21 21 21 22 22 22 22 22 22 22 22 23 22 22 22 23 23 23 23 23 23 23 23 23 24 24 24 24 24 24 24 24 25 25 25 25 25 25 25 25 26 26 26 26 26 26 26 26 26 26 26 26 27 27 27 27 27 27 27 27 27 28 28 28 28 28 28 28 28 28 28 28 29 29 29 29 29 29 29 29 29 29 30 30 30 30 30 30 30 30 31 31 31 31 31 31 31 31 32 32 32 32 32 32 32 32 32 32 32 32 33 33 33 33 33 33 33 33 33 33 34 34 34 34 34 34 34 34 34 34 34 34 35 35 35 35 35 35 35 35 35 35 35 35 35 35 36 36 36 36 36 36 36 36 36 36 37 37 37 37 37 37 37 37 37 37 37 37 37 37 37 37 37 37 37 37 37 37 38 37 37 38 38 38 38 38 38 38 38 38 39 39 39 39 39 39 40 40 40 40 40 41 41 41 41 41 41 41 41 41 41 41 41 41 41 41 41 42 42 42 42 42 42 42 42 42 42 42 42 42 42 42 42 43 43 43 43 43 43 42 43 43 43 43 43 43 43 43 43 43 43 43 44 44 44 44 44 44 44 44 44 44 44 44 44 44 44 45 45 45 45 45 45 45 45 45 45 45 45 45 45 45 45 45 45 45 45 45 45 45 45 45 45 45 45 45 44 45 45 45 46 46 46 46 46 46 46 46 46 46 46 46 47 47 47 47 47 47 47 47 48 47 47 48 48 48 49 48 48 48 49 49 49 48 48 47 47 47 48 47 47 50 51 51 51 51 52 52 52 53 53 53 53 53 53 53 53 53 53 53 53 54 54 54 54 54 54 54 54 54 54 54 54 54 54 54 54 54 54 54 54 54 54 55 56 56 56 56 56 56 56 56 57 57 57 57 57 57 20 21 21 21 21 21 21 21 22 22 22 22 22 22 22 22 23 23 23 23 23 23 23 23 23 23 23 24 24 24 24 24 24 24 24 25 25 25 25 25 25 25 25 25 26 26 26 26 26 26 26 26 26 26 27 27 27 27 27 27 27 27 27 27 28 27 28 28 28 28 28 28 28 28 28 29 29 29 29 29 29 29 29 29 30 30 30 30 30 30 30 30 30 30 31 31 31 31 31 31 31 31 32 32 32 32 32 32 32 32 32 32 32 32 33 33 33 33 33 33 33 33 33 33 34 34 34 34 34 34 34 34 34 34 34 35 35 34 35 35 35 35 35 35 35 35 35 35 35 36 36 36 36 36 36 36 36 36 36 37 37 37 37 37 37 37 37 37 37 37 37 37 37 37 37 37 37 37 37 37 37 38 38 37 38 38 38 38 38 38 38 38 38 38 39 39 39 39 39 40 40 40 40 40 41 41 41 41 41 41 41 41 41 41 41 41 41 41 41 41 42 42 42 42 42 42 42 42 42 42 42 42 42 42 42 43 43 43 43 43 43 43 42 43 43 43 43 43 43 43 43 43 43 43 44 44 44 44 44 44 44 44 44 44 44 44 44 44 44 44 45 45 45 45 45 45 45 45 45 45 45 45 45 45 45 45 45 45 45 45 45 45 45 45 45 45 45 45 45 45 45 45 46 46 46 46 46 46 46 46 46 46 46 46 47 47 47 47 47 47 47 47 47 47 47 47 48 48 48 48 48 49 48 48 48 49 49 48 48 48 48 47 48 48 48 50 50 50 51 51 52 52 52 53 53 53 53 53 53 53 53 53 53 53 53 53 53 53 54 54 54 54 54 54 54 54 54 54 54 54 54 54 54 54 54 54 54 56 56 56 56 56 56 56 56 57 57 57 57 57 20 20 21 21 21 21 21 21 22 22 22 22 22 22 22 22 23 23 23 23 23 23 23 23 23 23 23 24 24 24 24 24 24 24 24 24 25 25 25 25 25 25 25 25 25 26 26 26 26 26 26 26 26 26 27 27 27 27 27 27 27 27 27 27 28 28 28 28 28 28 28 28 28 28 29 29 29 29 29 29 29 29 29 30 30 30 30 30 30 30 30 30 30 30 31 31 31 31 31 31 31 31 32 32 32 32 32 32 32 32 32 32 32 32 33 33 33 33 33 33 33 33 33 33 34 34 34 34 34 34 34 34 34 34 34 34 34 34 35 35 35 35 35 35 35 35 35 35 35 36 36 36 36 36 36 36 36 36 36 36 37 37 37 37 37 37 37 36 36 37 37 37 37 37 37 37 37 37 37 37 38 38 37 37 38 38 38 38 38 38 38 38 38 38 38 38 39 39 39 40 40 40 40 40 40 41 41 41 41 41 41 41 41 41 41 41 41 41 41 41 41 42 42 42 42 42 42 42 42 42 42 42 42 42 42 43 43 43 43 43 43 43 43 43 43 43 43 43 43 43 43 43 43 43 44 44 44 44 44 44 44 44 44 44 44 44 44 44 44 44 45 45 45 45 45 45 45 45 45 45 45 45 45 45 45 45 45 45 45 45 44 45 45 45 45 45 45 45 45 44 45 46 46 46 46 46 45 46 46 46 46 46 46 46 47 47 47 47 47 47 47 47 47 47 48 48 48 48 48 48 48 49 49 48 48 48 48 48 48 48 48 48 48 48 49 48 48 50 51 51 51 52 52 52 52 52 53 53 53 53 53 53 53 53 53 53 53 53 53 53 54 54 54 54 54 54 54 54 54 54 54 54 54 54 54 54 54 54 54 56 56 56 56 56 56 56 57 57 20 20 20 20 20 20 20 20 20 21 21 21 21 21 22 22 22 22 22 22 22 22 23 23 23 23 23 23 23 23 23 23 23 24 24 24 24 24 24 24 24 24 25 25 25 25 25 25 25 25 26 26 26 26 26 26 26 26 26 27 27 27 27 27 27 27 27 27 27 27 28 28 28 28 28 28 28 28 28 28 29 29 29 29 29 29 29 29 29 29 29 30 30 30 30 30 30 30 30 30 31 31 31 31 31 31 31 31 31 32 32 32 32 32 32 32 32 32 32 32 33 33 33 33 33 33 33 33 33 33 33 34 34 34 34 34 34 34 34 34 34 34 34 34 35 35 35 35 35 35 35 35 35 35 35 35 36 36 36 36 36 36 36 36 36 37 37 37 37 37 37 36 37 36 36 37 37 37 37 37 37 37 37 37 37 37 37 38 38 38 38 37 38 38 38 38 38 39 38 38 39 39 39 39 39 40 40 40 40 40 41 41 41 41 41 41 41 41 41 41 41 41 41 41 41 41 41 42 42 42 42 42 42 42 42 42 42 42 42 42 43 43 43 43 43 43 43 43 43 43 43 43 43 43 43 43 43 43 43 43 44 44 44 44 44 44 44 44 44 44 44 44 44 44 44 44 44 44 45 45 45 45 45 45 45 45 45 45 45 45 45 45 45 45 45 45 45 44 45 45 45 45 45 45 45 45 45 45 45 46 46 45 46 46 46 47 46 46 47 46 47 47 47 47 47 47 47 47 47 48 48 48 48 48 48 48 48 49 49 48 48 48 48 48 48 48 48 48 48 48 48 48 48 48 50 51 51 51 51 52 52 52 52 53 53 53 53 53 53 53 53 53 53 53 53 53 53 53 53 54 54 54 54 54 54 54 54 54 54 54 54 54 54 54 54 54 56 56 56 56 20 20 20 20 20 20 20 20 20 20 21 21 21 21 21 22 22 22 22 22 22 22 23 23 23 23 23 23 23 23 23 23 23 23 23 24 24 24 24 24 24 24 25 25 25 25 25 25 25 25 25 26 26 26 26 26 26 26 26 26 26 27 27 27 27 27 27 27 27 27 27 28 28 28 28 28 28 28 28 28 29 29 29 29 29 29 29 29 29 29 29 30 30 30 30 30 30 30 30 30 31 31 31 31 31 31 31 31 31 32 32 32 32 32 32 32 32 32 32 32 33 33 33 33 33 33 33 33 33 33 33 34 34 34 34 34 34 34 34 34 34 34 34 34 35 35 35 35 35 35 35 35 35 35 35 35 36 36 36 36 36 36 36 36 36 36 36 37 37 37 37 37 37 37 37 37 37 37 37 37 37 37 37 37 37 37 37 37 38 38 38 38 38 38 38 38 39 38 38 39 39 39 39 39 39 40 40 40 40 41 41 41 41 41 41 41 41 41 41 41 41 41 41 41 41 41 41 41 42 42 42 42 42 42 42 42 42 42 42 43 43 43 43 43 43 43 43 43 43 43 43 43 43 43 43 43 43 43 43 43 43 44 44 44 44 44 44 44 44 44 44 44 44 44 44 44 44 44 45 45 45 45 45 45 45 45 45 46 45 45 45 46 45 45 45 45 45 45 45 45 45 45 45 45 46 46 46 45 45 46 46 46 46 46 46 47 46 47 47 46 47 47 47 47 47 47 47 48 48 48 48 48 48 48 48 48 48 49 49 48 48 48 48 48 48 48 48 49 49 48 49 48 48 48 50 50 51 51 51 51 52 52 53 53 53 53 53 53 53 53 53 53 53 52 53 53 53 53 53 53 54 54 54 54 54 54 54 54 54 54 54 54 54 54 54 54 54 19 20 20 20 20 20 20 20 20 20 21 21 21 21 21 21 21 22 22 22 22 22 22 22 23 23 23 23 23 23 23 23 23 23 23 23 24 24 24 24 24 24 25 24 25 25 25 25 25 25 25 26 26 26 26 26 26 26 26 26 26 26 27 27 27 27 27 27 27 27 27 28 28 28 28 28 28 28 28 28 28 28 29 29 29 29 29 29 29 29 29 29 30 30 30 30 30 30 30 30 30 31 31 31 31 31 31 31 31 32 32 32 32 32 32 32 32 32 32 32 32 32 33 33 33 33 33 33 33 33 33 33 34 34 34 34 34 34 34 34 34 34 34 34 34 34 34 35 35 35 35 35 35 35 35 36 36 36 36 36 36 36 36 36 36 36 36 36 37 37 37 37 37 37 37 37 37 37 37 37 37 37 37 37 37 37 37 37 37 38 38 38 38 38 38 39 39 38 39 39 39 39 39 39 39 40 40 40 40 40 41 41 41 41 41 41 41 41 41 41 41 41 41 41 41 42 41 41 42 42 42 42 42 42 42 42 42 42 42 43 43 43 43 43 43 43 43 43 43 43 43 43 43 43 44 44 43 43 43 43 43 44 44 44 44 44 44 44 44 44 44 44 44 44 44 44 44 44 45 45 45 45 45 45 45 45 45 45 45 45 46 46 46 46 45 45 45 46 45 45 45 45 46 46 46 46 45 45 45 46 46 46 46 46 46 47 46 47 47 47 47 47 47 47 47 47 48 48 48 48 48 48 48 48 49 49 49 49 48 48 48 48 48 48 48 48 49 49 49 48 49 48 48 48 50 50 51 51 52 52 52 52 53 53 53 53 53 53 53 53 53 53 53 53 53 53 53 53 53 53 54 54 54 54 54 54 54 54 54 55 54 54 54 54 54 54 55 19 19 20 20 20 20 20 20 20 20 20 21 21 21 21 21 21 22 22 22 22 22 22 22 23 23 23 23 23 23 23 23 23 23 23 23 23 24 24 24 24 24 24 24 25 25 25 25 25 25 25 26 26 26 26 26 26 26 26 26 26 26 27 27 27 27 27 27 27 27 27 27 28 28 28 28 28 28 28 28 28 28 28 28 29 29 29 29 29 29 29 29 29 30 30 30 30 30 30 30 30 31 31 31 31 31 31 31 31 32 32 32 32 32 32 32 32 32 32 32 32 32 33 33 33 33 33 33 33 33 33 33 34 34 34 34 34 34 34 34 34 34 34 34 34 34 35 35 35 35 35 35 35 35 35 36 36 36 36 36 36 36 36 36 36 36 36 36 36 36 37 37 37 37 36 37 37 37 37 37 37 37 37 37 37 37 37 37 37 38 38 38 38 38 38 38 39 39 38 38 39 39 39 39 39 40 40 40 41 41 41 41 41 41 41 41 41 41 41 41 41 41 41 41 42 41 41 41 41 42 42 42 42 42 42 42 42 42 42 43 43 43 43 43 43 43 43 43 43 43 43 43 43 43 43 44 44 44 43 43 43 44 44 44 44 44 44 44 44 44 44 44 45 44 45 45 45 44 44 44 44 45 45 45 45 45 45 45 45 46 46 46 46 46 46 46 46 46 45 45 45 46 46 46 46 45 45 45 46 46 46 46 46 46 47 47 46 47 46 47 47 47 47 47 47 48 48 47 48 48 48 48 48 48 49 49 49 49 48 48 49 48 48 48 48 48 49 49 49 49 49 49 48 48 48 49 49 50 50 50 51 51 52 52 53 53 53 53 53 53 53 53 53 53 53 53 53 53 53 53 53 53 53 53 54 54 54 54 54 54 54 54 55 54 54 54 54 54 54 54 19 19 20 21 21 21 21 20 20 20 21 21 21 21 21 21 21 22 22 22 22 22 22 22 23 23 23 23 23 23 23 23 23 23 23 23 23 24 24 24 24 24 24 25 25 25 25 25 26 26 26 26 26 26 25 25 26 26 26 26 26 26 26 26 26 27 27 27 27 27 27 27 27 28 28 28 28 28 28 28 28 28 28 29 29 29 29 29 29 29 29 29 29 30 30 30 30 30 30 30 31 31 31 31 31 31 31 31 32 32 32 32 32 32 32 32 32 32 32 32 33 33 33 33 33 33 33 33 33 33 33 33 34 34 34 34 34 34 34 34 34 34 34 34 35 35 35 35 35 35 35 35 35 35 36 36 36 36 36 36 36 36 36 36 36 36 36 36 37 37 37 37 36 36 36 36 37 37 37 37 37 37 37 37 37 37 37 37 38 38 38 38 38 38 38 38 39 39 38 38 39 39 39 39 40 40 41 41 41 41 41 41 41 41 41 41 41 41 41 41 41 41 41 41 41 42 42 41 42 42 42 42 42 42 42 42 42 43 43 43 43 43 43 43 43 43 43 43 43 43 43 43 43 43 43 43 44 44 43 43 44 44 44 44 44 44 44 44 44 44 44 44 45 45 45 45 44 44 44 45 45 45 45 45 45 45 45 45 45 46 46 46 46 46 46 46 45 45 45 45 45 46 46 46 45 45 46 46 46 46 46 46 47 47 47 46 46 46 46 46 47 47 47 47 47 47 47 48 48 48 48 48 48 48 49 49 48 48 48 48 49 49 49 49 48 49 49 49 49 49 49 49 49 48 49 49 49 49 50 50 51 51 51 52 52 52 53 53 53 53 53 53 53 53 54 53 53 53 54 54 53 53 54 53 53 53 53 54 54 54 54 54 54 55 55 54 54 54 54 54 54 19 19 19 20 20 20 21 21 21 20 21 21 21 21 21 21 21 22 22 22 22 22 22 22 22 23 23 23 23 23 23 23 23 23 23 23 23 24 24 24 24 24 24 25 25 25 25 25 25 26 26 26 26 26 25 25 26 26 26 26 26 26 26 27 26 26 26 27 27 27 27 27 27 27 28 28 28 28 28 28 28 28 28 28 28 28 29 29 29 29 29 29 30 30 30 30 30 30 30 30 30 31 31 31 31 31 31 31 31 32 32 32 32 32 32 32 32 32 32 32 33 33 33 33 33 33 33 33 33 33 33 33 33 34 34 34 34 34 34 34 34 34 34 34 34 35 35 35 35 35 35 35 35 35 36 36 36 36 36 36 36 36 36 36 37 37 37 37 37 37 37 37 37 37 36 36 37 37 37 37 37 37 37 37 37 37 37 38 38 38 38 38 38 38 38 38 38 39 39 38 39 39 39 39 40 40 41 41 41 41 41 41 41 41 41 41 41 41 41 41 41 42 42 42 42 42 42 42 42 42 42 42 42 42 42 42 43 43 43 43 43 43 43 43 43 43 43 43 43 43 43 43 43 43 43 43 43 44 44 43 44 44 44 44 44 44 44 44 44 44 45 44 45 45 45 45 45 44 44 45 45 45 45 45 45 45 45 46 46 46 46 46 46 46 46 46 45 45 46 45 46 46 46 46 45 45 46 46 46 46 46 46 47 46 46 46 46 46 46 46 47 47 47 47 47 47 47 48 48 48 48 48 48 49 49 49 49 49 49 49 49 49 49 49 49 49 49 49 49 49 49 49 49 49 49 49 49 49 50 49 50 51 51 51 52 52 52 53 53 53 53 53 53 53 53 53 54 54 54 54 54 54 53 53 53 54 53 53 54 54 54 54 54 55 55 54 54 54 54 54 19 19 19 19 20 20 21 21 21 21 21 21 21 22 22 21 21 21 22 22 22 22 23 23 23 23 22 23 23 23 23 23 23 23 23 23 24 24 24 24 24 25 24 25 25 25 25 25 25 25 26 26 26 25 25 25 26 26 26 26 26 26 27 27 27 27 27 27 27 27 27 27 27 27 27 27 28 28 28 28 28 28 28 28 29 29 29 29 29 30 30 30 30 30 30 30 30 30 30 30 31 31 31 31 31 31 31 31 32 32 32 32 32 32 32 32 32 32 33 33 33 33 33 33 33 33 33 33 33 33 33 33 33 34 34 34 34 34 34 34 34 34 34 34 34 35 35 35 35 35 35 35 35 36 36 36 36 36 36 36 36 36 37 36 37 37 36 36 36 37 37 37 37 37 37 37 37 37 37 37 37 37 37 37 37 37 37 37 38 38 38 38 38 38 38 38 38 39 38 38 39 39 39 40 41 41 41 41 41 41 41 41 41 41 41 41 41 41 41 42 42 42 42 42 42 42 42 42 42 42 42 42 42 42 42 43 43 43 43 43 43 43 43 43 43 43 43 43 43 43 43 43 43 43 44 43 43 44 44 44 44 44 44 44 44 44 44 44 44 45 45 45 45 45 45 45 45 44 45 45 45 45 45 45 45 45 46 46 46 46 46 46 46 46 46 45 45 46 46 46 46 46 46 45 46 46 46 46 46 46 47 46 46 46 46 46 46 47 47 47 47 48 47 47 48 48 47 48 48 48 48 48 48 49 49 49 49 49 49 49 50 50 49 49 49 49 49 49 49 49 49 49 49 49 49 49 49 49 49 49 49 50 50 50 50 50 50 51 51 52 52 52 52 53 53 53 53 53 53 53 53 53 53 54 54 54 54 54 54 54 53 53 53 53 53 54 54 54 19 19 19 19 19 20 20 21 21 21 21 21 21 22 22 22 21 21 21 22 22 22 23 23 23 23 23 23 23 23 23 23 24 24 23 23 24 24 24 24 24 24 25 25 25 25 25 25 25 25 26 26 26 25 25 25 25 26 26 26 26 26 27 27 27 27 27 27 27 27 27 27 27 27 27 27 27 28 28 28 28 28 28 28 29 29 29 29 29 30 30 30 30 30 30 30 30 30 30 30 31 31 31 31 31 31 31 31 32 32 32 32 32 32 32 32 32 32 33 33 33 33 33 33 33 33 33 33 33 33 33 33 33 34 34 34 34 34 34 34 34 34 34 34 34 35 35 35 35 35 35 35 35 36 36 36 36 36 36 36 36 36 36 36 36 36 36 36 36 37 37 37 37 37 37 37 37 37 37 37 37 37 37 37 37 37 37 38 38 38 38 38 38 38 38 38 38 38 38 39 39 39 39 40 41 41 41 41 41 41 41 41 41 41 41 41 41 41 41 41 42 42 42 42 42 42 42 42 42 42 42 42 42 42 43 43 43 43 43 43 43 43 43 43 43 43 43 43 43 43 43 43 43 43 44 44 44 44 44 44 44 44 44 44 44 44 44 44 45 45 45 45 45 45 45 45 45 45 45 45 45 45 45 45 45 45 46 46 46 46 46 46 46 46 46 46 46 46 46 46 46 46 46 45 45 46 46 46 46 46 46 46 46 46 46 46 47 47 47 47 47 48 47 47 47 48 48 48 49 48 48 49 49 49 49 49 49 49 49 49 50 50 50 50 50 49 49 49 49 49 49 49 49 49 49 49 49 49 50 49 50 50 50 50 50 50 50 51 51 52 52 52 52 52 52 53 53 53 53 53 53 53 53 53 53 53 54 54 54 54 54 53 53 53 53 54 54 54 19 19 19 19 19 19 20 20 20 21 21 21 21 21 22 22 22 22 22 22 22 22 23 23 23 23 23 23 23 23 23 24 24 24 24 24 24 24 24 24 24 24 24 25 25 25 25 25 25 25 25 25 26 26 26 26 25 25 26 26 26 26 26 27 27 27 27 27 27 27 27 27 27 27 27 28 28 28 28 28 28 28 28 29 29 29 29 29 29 29 30 30 30 30 30 30 30 30 30 31 31 31 31 31 31 31 31 31 31 31 31 32 32 32 32 32 32 32 33 33 33 33 33 33 33 33 33 33 33 33 33 33 33 33 34 34 34 34 34 34 34 34 34 34 34 34 35 35 35 35 35 35 35 36 36 36 36 36 36 36 36 36 36 36 36 36 36 36 36 37 37 37 37 37 37 37 37 37 37 37 37 37 37 37 37 37 38 38 38 38 38 38 38 38 38 38 38 38 38 39 39 39 39 40 41 41 41 41 41 41 41 41 41 41 41 41 41 41 41 42 42 42 42 42 42 42 42 42 42 42 42 42 42 42 43 43 43 43 43 43 43 43 43 43 43 43 43 43 43 43 43 44 44 44 44 44 44 44 44 44 44 44 44 44 44 44 44 44 45 45 45 45 45 45 45 45 45 45 45 45 45 45 45 45 45 46 46 46 46 46 46 46 46 46 46 46 46 46 46 46 46 46 46 45 45 45 46 46 46 46 46 46 46 46 46 47 47 47 47 47 48 48 48 47 47 47 47 48 48 49 49 49 49 49 49 49 49 49 49 49 50 50 50 50 50 50 50 49 49 49 49 49 49 49 49 49 50 49 49 50 50 50 50 50 50 51 51 51 51 52 52 52 52 52 52 52 53 53 53 53 53 53 54 54 54 53 53 53 54 54 54 54 53 53 54 54 54 54 54 19 19 19 19 19 19 20 20 20 20 21 21 21 21 21 22 22 22 22 22 22 22 23 23 23 23 23 23 23 23 23 24 24 24 24 24 24 24 24 24 24 24 24 24 25 25 25 25 25 25 25 25 26 25 26 26 26 26 26 26 26 26 26 27 27 27 27 27 27 27 27 27 28 28 28 28 28 28 28 28 28 28 29 29 29 29 29 29 29 30 30 30 30 30 30 30 30 30 31 31 31 31 31 31 31 31 31 31 31 31 32 32 32 32 32 32 32 32 33 33 33 33 33 33 33 33 33 33 33 33 33 33 33 34 34 34 34 34 34 34 34 34 34 34 34 34 34 35 35 35 35 35 35 35 36 36 36 36 36 36 36 36 36 36 36 36 36 36 37 37 37 36 37 37 37 37 37 37 37 37 37 37 37 37 37 37 38 38 38 38 38 38 38 38 38 38 38 38 38 38 39 39 39 40 40 41 41 41 41 41 41 41 41 41 41 41 41 41 41 42 42 42 42 42 42 42 42 42 42 42 42 42 42 43 43 43 43 43 43 43 43 43 43 43 43 43 43 43 43 43 43 43 44 44 44 44 44 44 44 44 44 44 44 44 44 44 44 44 45 45 45 45 45 45 45 45 45 45 45 45 45 45 45 45 45 45 46 46 46 46 46 46 46 46 46 46 46 46 46 46 46 46 46 46 46 46 46 46 46 46 46 46 46 47 46 46 47 47 47 48 48 48 48 47 47 47 47 48 48 48 49 49 49 49 49 49 49 49 49 49 50 50 50 50 50 50 50 49 49 49 49 49 49 50 50 50 50 50 50 50 50 50 50 50 50 50 50 51 51 52 52 52 52 52 52 52 52 53 53 53 53 53 54 54 54 54 53 53 54 54 54 54 53 54 54 54 54 54 54 19 19 19 19 19 19 20 20 20 21 21 21 21 21 22 22 22 22 22 22 22 22 23 23 23 23 23 23 23 23 23 24 23 23 24 24 24 24 24 24 24 24 24 25 25 25 25 25 25 25 25 26 25 26 26 26 26 26 26 26 26 26 26 27 27 27 27 27 28 28 28 28 28 28 28 28 28 28 28 29 29 29 29 29 29 29 29 29 30 30 30 30 30 30 30 30 30 30 31 31 31 31 31 31 31 31 31 31 32 32 32 32 32 32 32 32 32 32 32 32 33 33 33 33 33 33 33 33 33 33 33 34 34 34 34 34 34 34 34 34 34 34 34 34 34 34 35 35 35 35 35 35 35 36 36 36 36 36 36 36 36 36 36 36 36 36 36 36 36 37 36 37 37 37 37 37 37 37 37 37 37 37 37 37 37 38 38 38 38 38 38 38 38 38 38 39 39 39 39 39 39 39 40 40 40 41 41 41 41 41 41 41 41 41 41 41 41 42 42 42 42 42 42 42 42 42 42 42 42 42 42 42 43 43 43 43 43 43 43 43 43 43 43 43 43 43 43 43 43 43 43 44 44 44 44 44 44 44 44 44 44 44 44 44 44 44 44 44 45 45 45 45 45 45 45 45 45 45 45 45 45 45 45 45 45 45 45 45 46 46 46 46 46 47 47 46 46 46 46 47 47 46 46 46 46 46 46 46 46 46 46 46 47 47 46 47 47 47 47 47 48 48 48 47 47 47 48 48 48 48 49 49 49 49 49 49 49 49 49 50 49 49 50 50 50 50 49 50 49 49 49 50 50 50 50 50 50 50 50 50 50 50 50 50 51 51 51 52 52 52 52 52 52 52 52 52 53 53 53 53 53 53 53 54 54 53 53 54 54 54 54 54 54 54 54 54 54 54 54 19 19 19 19 19 20 20 20 20 20 21 21 21 22 22 22 23 23 22 22 22 22 23 23 23 23 23 23 23 24 24 23 23 23 23 23 23 24 24 24 24 24 24 25 25 25 25 25 25 26 26 26 25 26 26 26 26 26 26 26 26 26 27 27 27 27 27 28 28 28 28 28 28 28 28 28 28 29 29 29 29 29 29 29 29 29 29 29 29 29 30 30 30 30 30 30 30 30 30 31 31 31 31 31 31 31 31 32 32 32 32 32 32 32 32 32 32 32 32 32 33 33 33 33 33 33 33 33 33 33 34 34 34 34 34 34 34 34 34 34 34 34 34 34 34 35 35 35 35 35 35 35 36 36 36 36 36 36 36 36 36 36 36 36 36 36 36 36 36 36 37 36 37 37 37 37 37 37 37 37 37 37 37 37 37 38 38 38 38 38 38 38 38 38 38 39 39 39 39 39 39 39 40 40 41 41 41 41 41 41 41 41 41 41 41 41 41 42 42 42 42 42 42 42 42 42 42 42 42 42 42 42 43 43 43 43 43 43 43 43 43 43 43 43 43 43 43 43 43 43 43 44 44 44 44 44 44 44 44 44 44 44 44 44 44 44 44 44 44 45 45 45 45 45 45 45 45 45 45 45 45 45 45 45 45 45 45 46 46 46 46 46 46 47 47 47 46 46 46 46 47 47 46 46 46 46 46 47 46 46 46 47 47 47 47 47 47 47 47 47 47 48 48 47 47 47 48 48 48 48 49 49 49 49 48 49 49 50 50 49 49 49 49 50 50 50 50 50 50 49 50 50 50 50 50 50 50 50 50 50 50 50 50 50 51 51 51 52 52 52 53 53 53 53 53 53 53 53 53 53 53 53 54 53 54 53 53 53 53 54 54 54 54 54 54 54 54 54 54 54 19 19 19 19 20 20 20 20 20 20 21 21 21 21 22 22 22 22 22 22 22 22 23 23 23 23 23 23 23 24 24 23 23 23 23 23 24 24 24 24 24 24 25 25 25 25 25 25 25 25 26 26 26 26 26 26 26 26 26 26 26 26 26 27 27 27 27 28 28 28 28 28 28 28 28 28 28 28 28 28 28 29 29 29 29 29 29 29 29 29 30 30 30 30 30 30 30 30 30 30 31 31 31 31 31 31 31 32 32 32 32 32 32 32 32 32 32 32 32 32 33 33 33 33 33 33 33 33 33 33 34 34 34 34 34 34 34 34 34 34 34 34 34 34 34 35 35 35 35 35 35 35 35 35 35 36 36 36 36 36 36 36 36 36 36 36 36 36 37 36 37 36 37 37 37 37 37 37 37 37 38 38 38 38 38 38 38 38 38 38 38 38 38 38 38 38 39 39 39 39 39 39 40 40 40 41 41 41 41 41 41 41 41 41 41 41 41 41 42 42 42 42 42 42 42 42 42 42 42 42 42 42 43 43 43 43 43 43 43 43 43 43 43 43 43 43 43 43 43 43 44 44 44 44 44 44 44 44 44 44 44 44 44 44 44 44 44 44 45 45 45 45 45 45 45 45 45 45 45 45 45 45 45 45 45 46 46 46 46 46 46 46 46 46 47 47 47 46 46 47 47 47 46 46 46 46 46 47 46 46 47 47 47 47 47 47 47 48 48 47 47 48 48 48 47 47 47 48 48 48 49 49 49 48 48 49 49 50 50 49 49 49 50 50 50 50 50 50 50 50 50 50 50 51 51 51 51 50 50 50 50 50 50 50 51 51 52 52 52 52 53 53 52 53 53 53 53 53 53 53 53 53 53 53 54 54 53 53 53 54 54 54 54 54 54 54 54 54 55 55 54 18 19 19 20 20 20 20 20 20 20 21 21 21 21 21 21 22 22 22 22 22 22 22 23 23 23 23 23 23 23 23 23 23 23 23 23 23 23 24 24 24 24 25 25 25 25 25 25 25 25 25 25 26 25 26 26 26 26 26 26 26 26 26 26 27 27 27 27 27 27 28 28 28 28 28 28 28 28 29 28 29 29 29 29 29 29 29 29 29 29 29 30 30 30 30 30 30 30 30 30 30 30 31 31 31 31 31 31 32 32 32 32 32 32 32 32 32 32 32 32 33 33 33 33 33 33 33 33 33 33 33 34 34 34 34 34 34 34 34 34 34 34 34 34 34 34 35 35 35 35 35 35 35 35 35 35 35 35 35 36 36 36 36 36 36 36 36 36 37 37 37 37 37 37 37 37 37 37 37 37 37 37 37 38 38 38 38 38 38 38 38 38 38 38 38 38 38 39 39 39 39 39 39 40 40 40 41 41 41 41 41 41 41 41 41 41 41 41 41 42 42 42 42 42 42 42 42 42 42 42 42 42 42 43 43 43 43 43 43 43 43 43 43 43 43 43 43 43 43 43 44 44 44 44 44 44 44 44 44 44 44 44 44 44 44 44 44 44 44 44 45 45 45 45 45 45 45 45 45 45 45 45 45 45 46 46 46 46 46 46 46 46 46 47 47 47 47 47 47 47 47 47 47 46 46 46 46 46 47 46 46 47 47 47 48 47 47 47 47 48 48 47 48 48 48 47 47 47 47 48 48 49 49 48 48 48 49 49 49 49 49 49 50 50 50 50 50 51 50 51 50 51 50 50 50 50 50 51 51 51 51 50 50 50 51 51 51 51 51 52 52 53 53 53 53 53 53 53 53 53 53 53 53 53 53 53 53 53 53 54 54 54 54 54 54 54 54 54 54 55 55 55 55 18 18 18 18 19 19 19 19 20 20 20 20 20 20 20 21 22 22 22 22 22 22 22 22 22 23 23 23 23 23 23 23 23 23 23 24 24 24 23 23 24 24 24 24 24 25 25 25 25 25 25 25 25 25 25 25 25 25 26 26 26 26 26 26 26 27 27 27 27 27 27 28 28 28 28 28 28 28 28 28 28 28 29 29 29 29 29 29 29 29 29 29 29 29 30 30 30 30 30 30 30 30 30 30 31 31 31 31 31 31 31 32 32 32 32 32 32 32 32 32 32 33 33 33 33 33 33 33 33 33 33 33 33 34 34 34 34 34 34 34 34 34 34 34 34 34 34 34 34 34 34 34 35 35 35 35 35 35 35 35 36 36 36 36 36 36 36 36 36 36 37 37 37 37 37 37 37 37 37 37 37 37 37 37 37 38 38 38 38 38 38 38 38 38 38 38 38 38 38 38 39 39 39 39 39 40 40 40 40 41 41 41 41 41 41 41 41 41 41 41 41 42 42 42 42 42 42 42 42 42 42 42 42 42 42 43 43 43 43 43 43 43 43 43 43 43 43 43 43 43 43 43 43 44 44 43 44 44 44 44 44 44 44 44 44 44 44 44 44 44 44 45 45 45 45 45 45 45 45 45 45 45 45 45 45 46 46 46 46 46 46 46 46 46 46 46 47 47 47 47 47 47 46 47 47 46 46 46 46 46 47 46 46 46 47 47 47 48 47 47 47 47 48 48 48 48 48 48 48 48 48 48 48 49 48 48 48 49 49 49 49 49 49 49 49 50 50 50 50 50 50 50 50 51 50 50 50 50 50 50 51 51 51 51 51 50 51 51 51 51 52 52 52 53 53 53 53 53 53 53 53 53 53 53 53 53 54 54 53 53 53 54 54 54 54 54 54 54 54 54 54 55 55 55 55 18 18 18 18 18 18 19 19 19 19 20 20 20 20 20 20 21 21 21 22 22 22 22 22 22 22 22 22 23 23 23 23 23 23 23 23 23 23 24 23 23 24 24 24 24 24 24 25 25 25 25 25 25 25 25 25 25 25 25 25 26 26 26 26 26 26 27 27 27 27 27 27 27 28 28 28 28 28 28 28 28 28 28 28 29 29 29 29 29 29 29 29 29 29 29 29 30 30 30 30 30 30 30 30 30 30 31 31 31 31 31 31 31 31 32 32 32 32 32 32 32 32 33 33 33 33 33 33 33 33 33 33 33 33 33 34 34 34 34 34 34 34 34 34 34 34 34 34 34 34 34 34 34 34 35 35 35 35 36 36 36 36 36 36 36 36 36 36 36 36 36 36 37 37 37 37 37 37 37 37 37 37 37 37 37 37 38 38 38 38 38 38 38 38 38 38 38 38 38 38 38 38 39 39 39 39 39 40 40 40 40 41 41 41 41 41 41 41 41 41 41 41 41 42 42 42 42 42 42 42 42 42 42 42 42 42 42 43 43 43 43 43 43 43 43 43 43 43 43 43 43 43 43 43 44 43 43 43 44 44 44 44 44 44 44 44 44 44 44 44 44 44 44 45 45 45 45 45 45 45 45 45 45 45 45 45 46 46 46 46 46 46 46 46 46 46 46 46 47 47 47 47 47 47 47 47 47 46 46 47 46 46 47 46 47 47 46 46 47 47 47 47 48 47 47 48 48 48 48 48 48 48 48 48 48 49 48 49 49 49 49 49 49 49 49 50 49 50 50 50 50 50 50 50 50 50 51 51 50 50 50 50 50 51 51 50 50 50 50 51 51 51 52 52 53 53 53 53 53 53 53 53 53 53 53 53 53 54 54 54 54 53 54 54 54 54 54 54 54 54 54 54 54 54 55 55 55 18 18 18 18 18 19 19 19 19 19 19 20 20 20 21 20 21 21 21 22 22 22 22 22 22 22 22 22 22 22 23 23 23 23 23 23 23 23 23 23 24 24 24 24 24 24 24 25 25 25 25 25 25 25 25 25 25 25 25 25 26 26 26 26 26 26 27 27 27 27 27 27 28 28 28 28 28 28 28 28 28 28 28 28 28 29 29 29 29 29 29 29 29 29 29 29 30 30 30 30 30 30 30 30 30 30 31 31 31 31 31 31 31 31 31 32 32 32 32 32 32 32 33 33 33 33 33 33 33 33 33 33 33 33 33 33 33 34 34 34 34 34 34 34 34 34 34 34 34 34 35 35 34 34 34 35 35 35 35 36 36 36 36 36 36 36 36 36 36 36 36 36 37 37 37 37 37 37 37 37 37 37 37 37 37 37 38 38 38 38 38 38 38 38 38 38 38 38 38 38 38 38 39 39 39 39 39 40 40 41 41 41 41 41 41 41 41 41 41 41 41 41 41 42 42 42 42 42 42 42 42 42 42 42 42 42 42 43 43 43 43 43 43 43 43 43 43 43 43 43 43 43 43 43 44 43 44 44 44 44 44 44 44 44 44 44 44 44 44 44 44 44 44 45 45 45 45 45 45 45 45 45 45 45 45 45 45 46 46 46 46 46 46 46 46 47 46 46 47 47 47 47 47 47 47 47 47 46 46 46 46 46 46 46 47 47 47 47 46 47 47 47 48 48 47 48 48 48 48 48 48 48 48 48 48 48 48 49 49 49 50 50 50 49 49 49 49 50 50 50 50 50 50 50 50 50 51 51 51 51 50 50 51 51 51 51 50 50 50 51 51 52 52 52 53 53 53 53 53 53 53 53 53 53 53 53 53 53 53 54 54 54 54 54 54 54 54 54 54 55 55 54 54 54 55 55 55 54 18 18 19 19 18 19 19 19 19 19 19 19 20 20 20 21 21 22 22 22 22 21 21 21 22 22 22 22 22 22 23 23 23 23 23 24 23 23 23 24 24 24 24 24 24 24 24 24 25 25 25 25 25 25 25 25 25 25 25 25 25 26 26 26 26 26 27 27 27 27 27 27 28 28 28 28 28 28 28 28 28 28 28 29 29 29 29 29 29 29 29 29 29 29 30 30 30 30 30 30 30 30 30 30 30 31 31 31 31 31 31 31 31 31 31 31 32 32 32 32 32 32 33 33 33 33 33 33 33 33 33 33 33 33 33 33 33 33 34 34 34 34 34 34 34 34 34 34 34 35 35 35 35 35 34 35 35 35 35 36 36 36 36 36 36 36 36 36 36 36 36 36 37 37 37 37 37 37 37 37 37 37 37 37 37 37 38 38 38 38 38 38 38 38 38 38 38 38 38 38 38 38 38 39 39 39 39 40 40 41 41 41 41 41 41 41 41 41 41 41 41 41 41 41 42 42 42 42 42 42 42 42 42 42 42 42 42 43 43 43 43 43 43 43 43 43 43 43 43 43 44 43 43 43 44 44 44 44 44 44 44 44 44 44 44 44 44 44 45 45 45 45 44 45 45 45 45 45 45 45 45 45 46 46 46 46 46 46 46 46 46 46 46 46 46 46 46 46 47 47 47 46 47 47 47 47 47 46 46 46 46 46 46 47 47 47 47 47 46 47 47 47 48 48 48 48 48 48 48 49 49 49 48 48 48 48 49 49 49 49 49 50 50 50 49 49 50 50 50 50 50 50 50 50 50 50 51 51 51 51 51 51 51 51 51 51 50 50 50 51 51 51 51 52 52 53 53 53 53 53 53 53 53 53 53 53 53 53 53 53 53 53 54 54 54 54 54 54 55 55 54 54 54 54 55 55 55 54 17 17 18 18 19 19 19 19 20 19 19 20 20 20 20 20 21 21 22 22 22 22 21 21 21 22 22 22 22 22 22 22 23 23 23 23 23 23 24 24 24 24 24 24 24 24 24 24 24 25 25 25 25 25 25 25 25 25 25 25 25 26 26 26 26 26 26 27 27 27 27 27 27 28 28 28 28 28 28 28 28 29 29 29 29 29 29 29 29 29 29 29 30 30 30 30 30 30 30 30 30 30 30 31 31 31 31 31 31 31 31 32 32 32 32 32 31 32 32 32 32 32 32 32 33 33 33 33 33 33 33 33 33 33 33 33 33 33 34 34 34 34 34 34 34 34 35 35 35 35 35 34 35 35 35 35 35 35 35 35 35 36 36 36 36 36 36 36 36 36 36 36 36 36 37 37 37 37 37 37 37 37 37 37 37 37 37 37 38 38 38 38 38 38 38 38 38 38 38 38 38 38 38 39 39 39 39 39 40 40 40 41 41 41 41 41 41 41 41 41 41 41 41 41 41 42 42 42 42 42 42 42 42 42 42 42 42 42 43 43 43 43 43 43 43 43 43 43 43 43 44 44 43 43 43 44 44 44 44 44 44 44 44 44 44 44 44 44 44 45 45 45 45 45 45 45 45 45 45 45 45 45 45 45 46 46 46 46 46 46 46 46 46 46 46 46 46 46 46 47 47 47 47 47 47 47 47 46 46 46 47 46 46 47 47 47 47 47 46 47 47 48 48 48 48 48 48 49 48 48 48 48 48 49 49 49 48 48 49 49 49 49 50 50 50 49 49 49 50 50 50 50 50 50 50 50 50 51 51 51 51 51 51 51 51 51 51 51 50 50 51 51 51 52 52 52 53 53 53 53 53 53 53 53 53 53 53 53 54 54 53 54 53 54 54 54 54 54 54 54 55 54 54 54 54 54 55 55 54 17 18 19 19 19 20 20 20 20 20 20 20 21 21 21 21 21 22 22 22 22 22 21 21 22 22 22 22 22 22 22 22 23 23 23 23 24 24 24 24 24 24 24 24 24 24 25 25 25 25 25 25 25 25 25 25 25 25 25 25 26 26 26 26 26 26 26 27 27 27 27 28 28 28 28 28 28 28 28 29 29 29 29 29 29 29 29 29 29 29 29 29 30 30 30 30 30 30 30 30 30 31 31 31 31 31 31 31 31 32 32 32 32 31 32 31 32 32 32 32 32 32 32 33 33 33 33 33 33 33 33 33 33 33 33 34 34 34 34 34 34 34 34 34 35 35 35 34 34 35 35 35 35 35 35 35 35 35 35 36 36 36 36 36 36 36 36 36 36 36 36 36 36 36 37 37 37 37 37 37 37 37 37 37 37 37 38 38 38 38 38 38 38 38 38 38 38 38 38 38 39 39 39 39 39 39 40 40 40 41 41 41 41 41 41 41 41 41 41 41 41 41 41 42 42 42 42 42 42 42 42 42 42 42 42 43 43 43 43 43 43 43 43 43 43 43 43 43 44 44 43 43 43 43 44 44 44 44 44 44 44 44 44 44 44 44 44 44 45 45 45 45 45 45 45 45 45 45 45 45 45 45 46 45 46 46 46 46 46 46 46 46 47 46 46 46 46 47 47 47 48 48 48 47 46 46 46 47 47 47 46 47 47 47 47 47 47 47 47 47 47 48 48 49 49 49 48 48 48 48 48 48 48 48 49 48 49 49 49 49 49 50 49 49 49 49 49 50 50 50 49 50 50 50 50 51 51 51 51 51 51 51 51 51 51 51 50 50 51 51 51 51 52 52 52 53 53 53 53 53 53 53 53 53 53 54 54 54 54 54 54 54 54 54 54 54 54 54 54 54 54 55 54 55 55 55 54 54 17 18 18 18 18 19 19 19 20 20 20 20 20 20 20 20 21 21 21 22 22 22 22 21 21 21 22 22 22 22 22 22 22 23 23 23 24 24 24 24 24 24 24 24 24 25 24 25 25 25 25 25 25 25 25 25 25 25 25 26 26 25 25 26 26 26 26 26 27 27 27 27 27 28 28 28 28 28 28 28 28 28 29 29 29 29 29 29 29 29 29 29 29 29 30 30 30 30 30 30 30 30 30 31 31 31 31 31 31 31 32 32 32 32 32 32 32 32 32 32 32 32 32 32 33 33 33 33 33 33 33 33 33 33 34 34 34 34 34 34 34 34 34 34 34 35 35 35 35 35 35 35 35 35 35 35 35 35 35 35 36 36 36 36 36 36 36 36 37 37 37 37 37 36 36 37 37 37 37 37 37 37 37 37 37 38 38 38 38 38 38 38 38 38 38 38 38 38 38 38 38 38 38 39 39 39 39 40 40 40 40 41 41 41 41 41 41 41 41 41 41 41 41 42 42 42 42 42 42 42 42 42 42 42 42 43 43 43 43 43 43 43 43 43 43 43 43 43 44 44 44 43 43 43 43 44 44 44 44 44 44 44 44 44 44 44 44 44 45 45 45 45 45 45 45 45 45 45 45 45 45 45 45 45 46 46 46 46 46 45 46 46 46 46 47 47 47 46 46 47 47 47 48 48 47 47 47 47 47 47 47 47 47 48 47 47 47 47 47 47 47 47 47 48 48 49 48 48 48 48 48 48 49 49 49 49 49 50 49 49 49 49 50 50 50 49 50 50 49 50 49 49 49 50 50 50 51 51 51 51 51 52 51 51 51 51 51 51 50 51 51 51 52 52 52 53 53 53 53 53 53 53 53 53 53 53 53 54 54 54 54 54 54 54 54 54 54 54 54 55 55 55 55 55 55 55 55 54 54 18 18 18 18 19 19 18 19 19 19 20 20 20 20 20 20 21 21 21 22 22 22 22 21 22 22 23 22 22 22 22 22 22 23 23 24 24 24 24 24 24 24 24 24 24 25 25 25 24 25 25 25 25 25 25 25 25 25 26 26 26 26 26 26 26 26 27 27 27 27 27 27 27 28 28 28 28 28 28 28 28 28 29 29 29 29 29 29 29 29 29 29 30 30 30 30 30 30 30 30 30 30 30 31 31 31 31 31 31 31 31 31 32 32 31 31 32 32 32 32 32 32 32 32 33 33 33 33 33 33 33 33 33 34 34 34 34 34 34 34 34 35 35 35 35 35 35 35 35 35 35 35 35 35 35 35 35 35 36 35 36 36 36 36 36 36 36 36 36 37 37 37 36 36 37 37 37 37 37 37 37 37 37 37 38 38 38 38 38 38 38 38 38 38 38 38 38 38 38 38 38 39 39 39 39 39 41 41 41 41 41 41 41 41 41 41 41 41 41 41 41 41 42 42 42 42 42 42 42 42 42 42 42 42 42 43 43 43 43 43 43 43 43 43 43 43 43 44 44 44 43 43 43 44 44 44 44 44 44 44 44 44 44 44 44 44 44 45 45 45 45 45 45 45 45 45 45 45 45 45 45 45 46 46 46 46 46 46 46 46 47 46 46 47 47 47 47 46 47 47 47 47 47 47 47 47 47 48 48 48 48 48 48 48 47 47 47 48 47 47 48 47 47 48 48 48 48 48 48 48 48 49 49 49 48 49 49 49 49 49 50 50 50 50 50 50 50 49 49 50 50 50 49 50 50 50 51 51 51 51 51 51 51 51 51 51 51 50 51 51 52 52 52 52 53 53 53 53 53 53 53 53 53 53 53 53 54 54 54 54 54 54 54 54 54 54 54 55 55 55 55 54 54 55 55 55 54 54 54 18 18 19 18 18 19 19 19 20 20 21 20 20 21 21 21 21 21 22 22 22 22 22 23 23 23 23 23 23 23 23 23 23 24 24 24 24 24 24 24 24 24 24 25 25 24 24 25 25 25 25 25 25 26 25 25 25 26 26 26 26 26 26 26 26 27 27 27 27 27 28 28 28 28 28 28 28 28 28 28 28 29 29 29 29 29 29 29 29 29 30 30 30 30 30 30 30 30 30 30 30 31 31 31 31 31 31 31 31 31 32 32 31 31 32 32 32 32 32 32 32 32 33 33 33 33 33 33 33 33 33 33 33 34 34 34 34 34 34 34 34 34 35 35 35 35 35 35 35 35 35 35 35 35 35 35 35 35 35 35 36 36 36 36 36 36 36 36 36 37 37 37 37 37 37 37 37 37 37 37 37 37 38 38 38 38 38 38 38 38 38 38 38 38 38 38 38 38 38 39 39 39 39 39 41 41 41 41 41 41 41 41 41 41 41 41 41 41 41 42 42 42 42 42 42 42 42 42 42 42 42 42 42 42 43 43 43 43 43 43 43 43 43 43 44 44 44 44 44 43 43 43 44 44 44 44 44 44 44 44 44 44 44 44 44 44 45 45 45 45 45 45 45 45 45 45 45 45 45 46 46 46 46 46 45 46 46 46 46 47 46 47 47 47 47 46 47 47 47 47 47 47 47 48 48 47 47 48 48 48 48 48 48 48 48 48 47 47 48 48 47 48 49 48 48 48 48 48 48 48 48 49 49 50 49 49 49 50 50 50 50 50 50 50 51 50 50 50 49 49 50 49 50 50 51 51 51 51 51 51 51 51 51 51 51 51 51 51 51 52 52 52 53 53 53 53 53 53 53 53 53 53 53 54 54 54 54 54 54 54 54 54 54 54 54 55 55 55 55 55 54 55 55 55 54 54 54 54 18 18 19 18 18 18 19 19 19 20 21 21 21 20 21 21 20 21 22 22 22 22 22 23 23 23 23 23 24 24 23 23 23 23 24 24 24 24 24 24 24 24 24 25 25 24 24 25 25 25 26 26 26 26 25 25 25 25 26 26 26 26 26 26 26 26 27 27 27 27 28 28 28 28 28 28 28 28 28 28 28 29 29 29 29 29 29 29 30 30 30 30 30 30 30 30 30 30 30 30 30 30 31 31 31 31 31 31 31 31 32 32 31 32 32 32 32 32 32 32 32 33 33 33 33 33 33 33 33 33 33 33 33 34 34 34 34 34 34 34 34 34 34 34 35 35 35 35 35 35 35 35 35 35 35 35 35 35 35 35 35 36 36 36 36 36 36 36 36 36 37 37 37 37 37 37 37 37 37 37 37 37 38 38 38 38 38 38 38 38 38 38 38 38 38 38 38 38 39 39 39 39 39 39 41 41 41 41 41 41 41 41 41 41 41 41 41 42 42 42 42 42 42 42 42 42 42 42 42 42 42 42 42 42 43 43 43 43 43 43 43 43 43 43 44 44 44 44 44 43 43 44 44 44 44 44 44 44 44 44 44 44 44 45 45 45 45 45 45 45 45 45 45 45 45 45 45 45 45 46 46 46 46 46 46 46 46 46 46 46 47 47 47 47 46 46 47 48 47 47 47 47 48 48 47 47 48 48 48 48 48 47 48 48 48 48 48 48 48 48 48 48 49 49 49 49 49 49 49 49 49 49 49 50 50 49 49 50 50 50 51 51 51 51 51 51 50 49 49 50 50 50 50 50 50 50 51 51 51 51 51 51 51 51 51 51 51 51 51 52 52 53 53 53 53 53 53 53 53 53 53 53 54 54 54 54 54 54 54 54 54 54 54 54 54 55 55 55 55 55 54 55 55 55 54 54 54 54 54 18 18 18 18 18 19 20 19 19 20 20 21 21 20 20 20 21 22 22 22 22 22 22 22 22 22 23 23 24 24 24 24 23 23 24 24 24 24 24 24 24 24 24 24 25 24 24 25 25 25 26 26 26 26 25 25 25 25 26 26 26 26 26 26 26 26 27 27 27 27 27 28 28 28 28 28 28 28 28 28 28 29 29 29 29 29 29 30 30 30 30 30 30 30 30 30 30 30 30 30 30 30 31 31 31 31 31 31 31 31 31 31 31 32 32 32 32 32 32 32 33 33 33 33 33 33 33 33 33 33 33 33 33 34 34 34 34 34 34 34 34 34 34 35 35 35 35 35 35 35 35 35 35 35 36 36 36 36 36 36 36 36 36 36 36 36 36 36 36 36 37 37 37 37 37 37 37 37 37 37 37 37 38 38 38 38 38 38 38 38 38 38 38 38 38 38 39 39 39 39 39 39 39 39 41 41 41 41 41 41 41 41 41 41 41 41 42 42 42 42 42 42 42 42 42 42 42 42 42 42 43 42 42 42 43 43 43 43 43 43 43 43 43 43 44 44 44 44 44 44 43 43 44 44 44 44 44 44 44 44 44 44 44 44 45 45 45 45 45 45 45 45 45 45 45 45 45 45 45 46 46 46 46 46 46 46 46 46 46 46 47 47 47 46 46 46 47 47 47 47 47 47 47 48 47 47 48 47 48 48 48 47 48 48 48 49 49 49 48 49 49 49 49 49 49 49 49 49 49 49 49 49 49 50 50 50 49 50 50 50 51 51 51 51 51 51 50 50 50 50 50 50 50 50 50 50 50 51 51 51 51 51 51 51 51 51 52 52 51 52 52 53 53 53 53 53 53 53 53 53 53 53 53 53 54 54 54 54 54 54 54 54 54 54 55 55 55 55 55 55 55 55 55 55 54 54 54 54 54 54 18 19 19 19 19 19 20 20 20 20 21 20 20 20 20 21 21 21 21 21 21 22 22 22 22 22 23 23 24 24 24 24 24 24 24 24 24 23 24 24 24 24 25 25 24 24 24 25 25 26 26 26 26 25 25 26 26 26 26 26 26 26 26 27 27 27 27 27 27 27 28 28 28 28 28 28 28 28 28 28 28 29 29 29 29 29 29 30 30 30 30 30 30 30 30 30 30 30 30 30 30 31 31 31 31 31 31 31 31 31 31 31 32 32 32 32 32 32 33 33 33 33 33 33 33 33 33 33 33 33 33 33 34 34 34 34 34 34 34 34 34 34 35 35 35 35 35 35 35 35 35 35 35 36 36 36 36 36 36 36 36 36 36 36 36 36 36 36 36 36 37 37 37 37 37 37 37 37 37 37 37 38 38 38 38 38 38 38 38 38 38 38 38 38 39 39 39 39 39 39 39 39 39 41 41 41 41 41 41 41 41 41 41 41 41 42 42 42 42 42 42 42 42 42 42 42 42 42 42 42 42 42 42 43 43 43 43 43 43 43 43 43 44 44 44 44 44 44 44 44 44 44 44 44 44 44 44 44 44 44 44 44 44 45 45 45 45 45 45 45 45 45 45 45 45 45 45 45 46 46 46 46 46 46 46 46 46 46 46 46 47 46 46 46 46 46 46 47 47 48 47 47 48 47 47 48 47 48 48 47 47 48 48 48 49 49 49 49 49 49 49 49 49 49 49 49 49 49 49 49 49 49 50 50 50 50 50 50 50 50 50 50 51 51 51 50 50 50 50 50 50 50 50 50 50 50 50 51 51 51 51 51 51 51 52 52 52 52 52 52 53 53 53 53 53 53 53 53 53 53 53 54 54 54 54 54 54 54 54 54 54 54 55 55 55 55 55 55 55 55 55 55 55 54 54 54 54 54 54 54 18 19 19 19 19 20 20 20 20 20 20 20 21 21 21 21 21 21 21 21 22 22 22 22 22 23 24 24 24 24 24 24 24 24 24 24 24 24 24 25 25 25 25 25 25 25 25 26 26 26 26 25 25 25 25 26 26 26 26 27 27 27 27 27 27 27 27 27 27 28 28 28 28 28 28 28 28 28 28 29 29 29 29 29 29 29 29 30 30 30 30 30 30 30 30 30 30 30 30 30 31 31 31 31 31 31 31 31 32 32 32 32 32 32 32 32 33 33 33 33 33 33 33 33 33 33 33 33 33 33 34 34 34 34 34 34 34 34 34 34 34 34 34 35 35 35 35 35 35 35 35 36 36 36 36 36 36 36 36 36 36 36 36 37 37 36 36 36 36 36 37 37 37 37 37 37 37 38 38 38 38 38 38 38 38 38 38 38 38 38 39 39 39 39 39 39 39 39 39 39 39 41 41 41 41 41 41 41 41 41 41 41 41 42 42 42 42 42 42 42 42 42 42 42 42 43 43 43 43 42 42 43 43 43 43 43 43 43 43 43 44 44 44 44 44 44 44 44 44 44 44 44 44 44 44 44 45 45 44 44 44 45 45 45 45 45 45 45 45 45 45 45 46 45 45 45 46 46 46 46 46 46 46 46 46 47 46 46 46 46 46 46 46 46 46 47 47 48 48 47 47 47 47 48 47 48 48 47 48 48 48 48 49 49 48 49 49 49 49 49 49 49 49 49 49 49 49 49 49 50 50 50 50 50 50 50 50 50 50 50 50 51 51 50 50 50 50 49 49 50 50 51 51 51 51 51 51 51 51 51 52 52 52 52 52 53 52 52 52 53 53 53 53 53 53 53 53 53 53 53 54 54 54 54 54 54 54 54 54 54 55 55 55 55 55 55 55 55 55 55 55 54 54 54 54 54 54 54 54 18 18 18 19 19 19 19 19 20 20 20 20 20 21 21 21 22 21 21 22 22 22 22 22 23 23 23 24 23 24 25 24 25 25 24 24 24 24 24 24 25 25 25 25 25 25 25 25 26 26 26 26 26 26 25 26 26 26 26 27 27 27 27 27 27 27 27 27 28 28 28 28 28 28 28 28 28 28 28 29 29 29 29 29 29 29 29 30 30 30 30 30 30 30 30 30 30 30 31 31 31 31 31 31 31 31 31 31 32 32 32 32 32 32 32 32 33 33 33 33 33 33 33 33 33 33 33 33 33 33 34 34 34 34 34 34 34 34 34 34 34 34 35 35 35 35 35 35 35 35 36 36 36 36 36 36 36 36 36 36 36 36 36 37 37 37 36 36 36 36 37 37 37 37 37 37 37 37 38 38 38 38 38 38 38 38 38 38 38 38 39 39 39 39 39 39 39 39 39 39 39 41 41 41 41 41 41 41 41 41 41 41 42 42 42 42 42 42 42 42 42 42 42 42 42 43 43 43 43 42 42 43 43 43 43 43 43 43 43 44 44 44 44 44 44 44 44 44 44 44 44 44 44 44 44 44 45 45 45 44 45 45 45 45 45 45 45 45 45 45 45 45 46 46 45 45 46 46 46 46 46 46 46 46 46 47 46 46 46 46 46 46 47 46 47 47 47 48 48 48 47 47 47 47 47 47 47 47 48 48 48 48 48 48 48 48 49 49 49 49 49 49 50 49 49 49 49 50 50 50 50 50 50 50 50 50 50 50 51 51 51 51 51 51 50 51 50 50 49 50 50 51 51 51 51 51 51 51 51 52 52 52 52 52 53 52 52 52 52 53 53 53 53 53 53 53 53 53 53 53 53 53 53 53 54 54 54 54 54 54 55 55 55 55 55 55 55 55 55 55 55 54 54 54 54 54 54 54 55 55 55 55 55 18 18 18 18 19 19 20 20 21 21 21 20 20 21 21 21 22 22 22 22 22 23 23 23 23 23 23 24 24 24 25 25 25 25 25 25 24 24 24 25 25 25 25 25 25 26 26 26 26 26 26 26 26 26 27 27 27 27 27 27 27 27 28 28 27 27 27 28 28 28 28 28 28 28 28 29 29 29 29 29 29 29 29 29 29 29 30 30 30 30 30 30 30 30 30 31 31 31 31 31 31 31 31 31 31 32 32 32 32 32 32 32 32 32 33 33 33 33 33 33 33 33 34 34 33 33 33 34 34 34 34 34 34 34 34 34 34 34 34 35 35 35 35 35 35 36 36 36 36 36 36 36 36 36 36 36 36 36 36 37 37 37 37 36 36 36 36 36 37 37 37 37 37 37 37 37 37 38 38 38 38 38 38 38 38 38 38 39 39 39 39 39 39 39 39 39 39 39 41 41 41 41 41 41 41 41 41 41 41 42 42 42 42 42 42 42 42 42 42 42 42 43 43 43 43 43 43 43 43 43 43 43 43 43 43 43 44 44 44 44 44 44 44 44 44 44 44 44 44 44 44 44 44 44 44 45 45 45 45 45 45 45 45 45 45 45 45 45 45 46 46 46 46 46 46 46 46 46 45 45 46 47 47 46 46 46 46 46 47 47 46 47 47 47 48 48 48 47 46 47 47 47 47 47 48 48 48 48 48 48 48 49 48 49 49 48 49 49 49 50 49 49 49 50 50 50 50 50 50 50 50 50 50 50 51 51 51 51 51 52 51 51 52 51 50 49 50 50 51 51 51 51 51 51 51 51 52 52 51 52 52 53 53 52 52 52 52 53 53 53 53 53 53 54 54 53 53 53 54 53 54 54 54 54 54 54 55 55 55 55 55 55 55 55 55 55 55 55 54 54 54 54 54 54 55 55 55 55 55 55 55 55 56 56 56 56 56 56 19 19 20 20 20 21 20 20 20 20 21 21 21 21 22 21 22 23 23 23 22 23 24 23 23 24 24 25 25 25 25 25 25 24 25 25 25 25 25 25 25 25 25 26 26 26 26 26 26 26 26 27 27 27 27 27 27 27 27 27 27 27 28 28 28 28 28 28 28 28 28 28 28 29 29 29 29 29 29 29 29 29 29 30 30 30 30 30 30 30 30 30 31 31 31 31 31 31 31 31 31 32 32 32 32 32 32 32 32 32 33 33 33 33 33 33 33 33 33 34 34 34 34 34 34 34 34 34 34 34 34 35 34 35 35 35 35 35 35 35 35 35 35 35 36 36 36 36 36 36 36 36 36 36 37 37 37 37 37 37 37 37 37 37 37 37 37 37 37 37 38 37 37 37 38 38 38 38 38 38 38 38 38 39 39 39 39 39 39 39 39 39 39 39 41 41 41 41 41 41 41 41 41 42 42 42 42 42 42 42 42 42 42 42 42 42 42 42 42 43 43 43 43 43 43 43 43 43 43 43 44 44 44 44 44 44 44 44 44 44 44 44 44 44 44 44 44 44 44 44 44 44 45 45 45 45 45 45 45 45 45 45 45 45 46 46 46 46 46 46 46 46 46 46 45 45 45 46 46 46 46 46 46 46 47 46 46 46 47 47 48 48 47 47 46 47 47 47 47 47 47 48 48 48 48 48 48 48 48 48 48 48 49 49 49 49 50 50 50 50 50 50 49 49 49 50 50 50 50 50 50 50 51 50 51 51 51 51 51 51 50 50 50 50 51 51 51 51 51 51 51 51 51 52 52 52 52 52 53 53 52 52 52 53 53 53 53 53 54 54 54 54 54 54 54 54 54 54 54 54 54 55 55 55 54 55 55 55 55 55 55 54 55 55 54 54 54 54 54 54 55 55 55 55 55 55 55 55 56 56 56 56 56 56 56 19 19 19 20 20 20 20 20 21 22 21 22 22 23 23 23 23 23 23 23 23 24 24 24 25 25 26 25 25 25 25 25 25 26 25 25 26 26 26 25 26 26 26 26 26 26 27 27 27 27 27 27 27 27 27 27 28 28 28 28 28 28 28 28 28 28 28 28 29 29 29 29 29 29 29 29 29 29 30 30 30 30 30 30 30 30 31 31 31 31 31 31 31 31 31 31 32 32 32 32 32 32 32 32 32 33 33 33 33 33 33 33 33 33 33 33 33 34 34 34 34 34 34 34 34 34 34 35 35 35 35 35 35 35 35 35 35 35 35 36 36 36 36 36 36 36 36 36 37 37 37 37 37 37 37 37 37 37 37 37 37 37 37 37 37 38 38 37 38 38 38 38 38 38 38 39 39 38 39 39 39 39 39 39 39 39 39 39 39 41 41 41 41 41 41 41 41 42 42 42 42 42 42 42 42 42 42 42 42 42 43 43 43 43 43 43 43 43 43 43 43 43 43 43 43 44 44 44 44 44 44 44 44 44 44 44 44 44 44 44 44 44 44 44 45 45 44 44 45 45 45 45 45 45 45 45 45 45 46 46 46 46 46 46 46 46 46 46 46 46 46 46 46 45 45 46 46 46 46 46 46 46 46 47 47 47 47 47 47 47 47 47 47 47 47 47 48 48 48 48 48 48 48 48 48 48 49 49 49 49 49 50 50 50 50 50 49 50 50 50 50 50 50 50 50 50 50 50 50 51 51 51 51 51 50 50 50 50 51 51 51 51 51 51 51 52 52 51 52 52 52 52 52 52 52 52 52 52 52 53 53 53 53 54 54 54 54 54 54 54 54 54 54 54 54 55 55 55 55 54 54 54 54 54 54 55 55 55 55 53 54 54 54 54 54 55 55 55 55 55 55 55 55 56 56 56 56 56 56 56 56 19 19 21 21 21 22 22 23 23 23 23 23 23 23 23 24 24 25 25 24 25 25 25 25 25 25 26 26 26 26 26 26 26 25 26 26 26 27 27 26 26 26 27 27 27 27 27 27 28 28 28 28 28 28 28 28 29 29 29 29 28 28 28 29 29 29 29 29 29 29 29 30 30 30 30 30 30 30 30 31 31 31 31 31 31 31 31 31 32 32 32 32 32 32 32 32 32 32 32 33 33 33 33 33 33 33 33 33 33 34 34 34 34 34 34 34 34 34 34 34 34 34 35 35 35 35 35 35 35 35 35 35 35 36 36 36 36 36 36 36 36 36 37 37 37 37 37 37 38 37 37 38 38 38 38 37 37 37 37 38 38 37 37 38 38 38 38 38 38 38 38 38 39 39 39 39 39 39 39 39 39 39 39 41 41 41 41 41 41 41 41 42 42 42 42 42 42 42 42 42 42 42 42 42 42 42 42 43 43 43 43 43 43 43 43 43 43 43 43 44 44 44 44 44 44 44 44 44 44 44 44 44 44 44 44 44 44 45 45 45 45 45 45 45 45 45 45 45 45 45 45 45 46 46 46 46 46 45 45 45 45 45 46 46 47 47 46 45 45 46 46 46 46 47 46 46 47 47 47 47 48 48 48 47 47 47 47 47 47 48 48 48 48 48 48 48 48 48 48 49 49 48 49 49 49 50 50 50 50 50 50 50 50 50 50 50 50 50 50 50 51 50 50 51 51 51 51 51 50 50 50 50 51 51 51 51 51 51 52 52 51 51 52 52 52 53 53 53 52 52 52 52 52 53 53 53 53 53 54 54 54 54 54 54 54 54 54 54 55 55 55 55 55 54 54 54 54 54 54 55 55 55 55 53 54 54 54 54 54 55 55 55 55 55 55 55 55 56 56 56 56 56 56 56 56 20 21 21 22 22 23 23 22 23 23 23 24 24 24 24 24 24 24 24 25 24 24 24 25 26 27 27 27 27 27 26 25 26 26 26 27 27 27 27 27 27 27 27 27 27 28 28 28 28 28 28 28 28 28 28 28 28 28 28 29 29 29 28 29 29 29 29 29 30 30 30 30 30 30 30 30 30 30 31 31 31 31 31 31 31 32 32 32 32 32 32 32 32 32 32 32 32 32 33 33 33 33 33 33 33 33 33 34 34 34 34 34 34 34 34 34 34 34 34 35 35 35 35 35 35 35 35 35 35 35 35 36 36 36 36 36 36 36 36 36 36 37 37 37 37 37 38 37 37 38 38 38 38 37 37 37 38 38 38 38 38 38 38 38 38 38 38 38 38 38 39 39 39 39 39 39 39 39 39 39 39 41 41 41 41 41 41 41 41 41 41 41 41 42 42 42 42 42 42 42 42 43 43 43 43 43 43 43 43 43 43 43 43 43 43 43 43 44 44 44 44 44 44 44 44 44 44 44 44 44 44 44 44 45 45 45 45 45 45 45 45 45 45 45 45 45 45 45 45 45 45 45 45 45 45 45 45 45 46 45 46 46 47 46 46 46 46 46 46 46 47 47 46 46 46 46 47 47 48 48 48 47 47 47 47 47 47 48 48 48 48 48 48 48 48 48 48 49 48 49 49 49 50 50 50 50 50 50 50 50 51 51 51 50 50 50 50 51 51 51 51 51 51 51 51 51 50 50 50 51 51 51 51 51 52 52 52 52 52 52 52 52 52 52 53 54 53 52 52 52 52 53 53 53 53 53 54 54 54 54 54 54 54 54 54 54 54 54 54 55 55 55 54 54 54 54 55 55 55 55 55 53 54 54 54 54 54 55 55 55 55 55 55 55 55 55 56 56 56 56 56 56 56 21 22 23 23 23 23 22 23 23 24 24 24 25 25 24 24 24 24 24 24 25 25 25 26 26 26 27 27 27 26 26 26 27 27 27 27 26 26 27 27 27 27 27 28 28 28 28 28 28 28 28 28 28 29 29 29 29 29 29 29 29 29 29 29 29 29 30 30 30 30 30 30 30 30 31 30 31 31 31 31 31 32 31 31 31 31 32 32 32 32 32 32 32 32 33 33 33 33 33 33 33 33 33 33 34 34 34 34 34 34 34 34 34 34 34 34 34 35 35 35 35 35 35 35 35 35 35 35 35 36 36 36 36 36 36 36 36 36 36 37 37 37 37 37 37 38 37 38 38 38 37 37 37 38 38 38 38 38 38 38 38 38 38 38 38 38 38 38 38 38 39 39 39 39 39 39 39 39 39 41 41 41 41 41 41 41 41 41 41 41 41 41 42 42 42 42 42 42 42 42 42 43 43 43 43 43 43 43 43 43 43 43 43 43 44 44 44 44 44 44 44 44 44 44 44 44 44 44 44 44 44 45 45 45 45 45 45 45 45 45 45 45 45 45 45 45 45 45 45 45 45 45 46 46 45 46 46 46 46 46 46 46 46 46 46 46 46 46 46 46 46 46 46 46 47 47 47 47 48 47 47 47 47 47 48 48 48 48 48 48 48 48 48 48 48 48 48 49 49 49 49 50 50 50 50 50 50 50 51 51 51 50 50 50 50 51 51 51 51 51 51 51 51 51 50 50 50 51 51 51 51 52 52 52 52 52 52 52 52 52 52 52 52 53 54 53 52 52 52 52 53 53 53 53 54 54 54 54 54 54 54 54 54 54 54 54 54 54 55 55 55 55 55 55 55 55 55 55 55 53 53 54 54 54 54 55 55 55 55 55 55 55 55 55 56 56 56 56 56 56 56 22 22 22 22 22 23 23 24 24 24 24 24 24 24 24 24 25 25 26 26 26 25 25 26 26 26 27 27 27 27 27 27 28 28 27 27 27 26 26 27 27 28 28 28 28 28 28 28 28 28 29 29 29 29 29 29 29 30 30 30 30 29 29 29 29 30 30 30 30 30 30 30 31 31 31 31 31 31 31 31 31 31 31 31 31 31 32 32 32 32 32 32 32 33 33 33 33 33 33 33 33 33 34 34 34 34 34 34 34 34 34 34 34 35 35 35 35 35 35 35 35 35 35 35 35 35 35 35 36 36 36 36 36 36 36 36 36 36 37 37 37 37 37 37 37 37 38 38 38 38 38 38 38 38 38 38 38 38 38 38 38 38 38 38 39 38 38 38 38 38 39 39 39 39 39 39 39 39 41 41 41 41 41 41 41 41 41 41 41 41 41 41 42 42 42 42 42 42 42 42 42 42 43 43 43 43 43 43 43 43 43 43 43 44 44 44 44 44 44 44 44 44 44 44 44 44 44 44 44 44 45 44 45 45 45 45 45 45 45 45 45 45 45 45 45 45 45 45 45 45 45 46 46 46 46 47 47 47 46 46 46 46 46 46 47 46 46 46 46 46 47 47 47 47 48 48 47 47 47 47 47 47 47 48 48 48 48 48 48 48 48 48 48 48 48 48 48 49 49 49 49 50 50 50 50 50 50 50 50 50 50 50 50 50 51 51 51 51 51 51 51 51 51 51 50 50 50 51 51 51 52 52 52 52 52 52 52 52 52 52 52 52 52 53 53 52 52 53 52 52 53 53 53 53 54 54 54 54 54 54 54 54 54 54 54 54 54 55 55 55 55 55 54 55 55 55 55 55 53 53 54 54 54 54 55 55 55 55 55 55 55 55 55 55 56 56 56 56 56 22 22 22 23 23 23 23 23 24 24 24 24 24 24 24 25 25 25 26 26 26 26 26 26 26 26 26 28 27 28 28 28 28 28 27 27 27 27 27 28 28 28 28 28 28 28 28 28 29 29 29 29 29 29 29 29 29 29 29 30 29 29 29 29 29 30 30 30 30 30 30 30 31 31 31 31 31 31 31 31 31 31 31 31 32 32 32 32 32 32 32 32 32 32 33 33 33 33 33 33 33 33 33 33 33 34 34 34 34 34 34 34 34 34 34 34 34 34 35 35 35 35 35 35 35 35 35 36 36 36 36 36 36 36 36 36 36 37 37 37 37 37 37 37 38 38 38 38 38 38 38 38 38 38 38 38 38 38 38 38 38 38 38 38 39 39 38 38 39 39 39 39 39 39 39 39 39 39 41 41 41 41 41 41 41 41 41 41 41 41 41 41 41 42 42 42 42 42 42 42 42 42 42 42 43 43 43 43 43 43 43 43 43 44 44 44 44 44 44 44 44 44 44 44 44 44 44 44 44 44 44 44 45 44 45 45 45 45 45 45 45 45 45 45 45 45 45 45 45 46 46 46 46 46 46 47 47 47 47 47 46 46 46 46 46 46 46 46 46 46 46 46 47 47 48 48 48 47 47 47 47 47 47 47 47 48 48 48 48 48 48 48 48 48 48 48 48 48 49 49 49 50 50 50 50 50 50 50 50 50 50 50 50 51 51 51 51 51 51 51 51 51 52 51 50 50 50 51 51 52 52 52 52 52 52 52 52 52 52 52 52 53 53 53 54 53 53 53 53 53 53 53 53 53 54 54 54 54 54 54 54 54 54 54 54 54 54 55 55 55 54 54 54 55 55 55 55 55 53 53 54 54 54 54 55 55 55 55 55 55 55 55 55 55 56 56 56 56 56 21 22 23 23 23 23 23 23 23 23 23 23 24 24 24 25 25 25 25 25 26 26 27 27 27 26 26 26 26 26 27 27 27 27 27 27 27 27 27 27 28 28 28 27 27 27 28 28 28 28 29 29 29 29 29 29 29 29 30 29 29 29 29 30 30 30 30 30 30 30 30 30 31 31 31 31 31 31 31 31 31 32 32 32 32 32 32 32 32 32 32 32 33 33 33 32 33 33 33 33 33 33 33 33 33 33 33 34 34 34 34 34 34 34 34 34 34 34 35 35 35 35 35 35 35 35 35 35 36 36 36 36 36 36 36 36 36 36 37 37 37 37 37 37 37 37 38 38 38 38 38 38 38 38 38 38 38 38 38 38 38 38 38 38 38 38 39 39 39 39 39 39 39 39 39 39 39 39 39 41 41 41 41 41 41 41 41 41 42 41 41 41 42 42 42 42 42 42 42 42 42 42 42 42 42 43 43 43 43 43 43 43 43 44 44 44 44 44 44 44 44 44 44 44 44 44 44 44 44 44 44 44 44 45 45 45 45 45 45 45 45 45 45 46 45 45 46 46 46 46 46 46 46 46 46 46 47 47 47 47 47 47 47 46 46 46 47 46 46 46 46 46 46 47 47 47 48 48 48 47 47 47 47 47 47 47 47 48 48 48 48 48 48 48 48 48 49 49 49 49 49 49 50 50 50 50 51 51 50 50 50 50 50 50 51 51 51 51 51 51 51 51 51 52 51 50 50 50 50 51 52 52 52 52 52 52 52 52 52 52 52 52 53 53 54 54 53 53 53 53 53 53 53 53 53 54 54 54 54 54 54 54 54 54 54 54 54 55 55 55 55 55 55 55 55 55 55 55 55 53 53 54 54 54 54 54 55 55 55 55 55 55 55 55 55 55 56 56 56 56 22 23 23 23 23 23 23 23 23 24 25 24 25 25 24 25 25 25 25 25 26 26 27 27 27 26 27 26 26 26 27 27 28 29 28 28 27 28 28 28 28 27 27 27 28 28 28 28 28 29 29 29 30 29 29 29 29 29 29 29 29 30 30 30 30 30 30 30 30 31 31 31 31 31 31 31 31 31 31 32 32 32 32 32 32 32 32 32 32 33 33 33 32 32 32 33 33 33 33 33 33 33 33 33 33 34 34 34 34 34 34 34 35 34 34 34 34 35 35 35 35 35 35 36 36 35 35 36 36 36 36 36 36 36 37 37 37 37 37 37 37 37 37 37 38 38 38 38 38 38 38 38 38 38 38 38 38 38 38 38 38 38 38 38 39 39 39 39 39 39 39 39 39 39 39 39 39 41 41 41 41 41 41 41 41 41 42 42 42 41 42 42 42 42 42 42 42 42 42 42 42 42 43 43 43 43 43 43 43 43 43 44 44 44 44 44 44 44 44 44 44 44 44 44 44 44 44 44 44 44 44 45 45 45 45 45 45 45 45 45 45 46 46 46 46 46 46 46 46 46 46 46 46 47 47 47 47 47 47 47 47 47 46 46 47 47 46 46 46 46 46 46 47 47 48 48 48 47 47 47 47 47 47 47 47 47 48 48 48 48 48 48 48 48 48 49 49 49 49 49 50 50 50 50 50 50 51 51 50 50 50 50 51 51 51 51 51 51 51 51 51 51 51 50 50 50 50 51 51 52 52 52 52 52 52 52 52 52 52 52 52 53 53 54 53 53 53 53 53 53 53 53 53 53 54 54 54 54 54 54 54 54 55 55 55 55 55 55 55 55 55 55 55 55 55 55 55 53 53 54 54 54 54 54 55 55 55 55 55 55 55 55 55 55 56 56 56 22 23 23 23 23 23 23 24 24 24 24 24 24 25 25 25 25 25 25 25 25 26 27 28 27 27 27 26 26 27 27 27 28 28 29 28 28 27 28 28 28 28 28 28 28 28 28 29 29 29 29 29 30 29 29 29 29 29 29 29 29 30 30 30 30 30 30 30 30 30 31 31 31 31 31 31 31 32 32 32 32 32 32 32 32 33 33 33 32 33 33 33 32 32 33 33 33 33 33 33 33 33 34 33 33 34 34 34 34 34 34 34 35 35 34 34 35 35 35 35 35 35 35 36 36 36 35 36 36 36 36 37 36 36 36 37 37 37 37 37 37 38 38 38 37 38 38 38 38 38 38 38 38 38 38 38 38 38 38 38 38 38 39 38 39 39 39 39 39 39 39 39 39 39 39 39 39 41 41 41 41 41 41 41 41 41 42 42 42 42 42 42 42 42 42 42 42 42 42 42 43 43 43 43 43 43 43 43 43 43 43 44 44 44 44 44 44 44 44 44 44 44 44 44 44 44 44 44 44 44 45 45 45 45 45 45 45 45 45 45 45 46 46 46 46 46 46 46 46 46 46 46 47 47 47 47 47 47 47 47 47 47 46 46 47 47 46 46 46 46 46 46 47 48 48 48 48 47 47 47 47 47 47 47 47 47 47 47 48 48 48 48 48 48 48 48 49 49 49 49 50 49 49 49 50 50 50 50 50 51 51 51 51 51 51 51 51 51 51 51 51 51 52 51 50 50 50 51 51 51 52 52 52 52 51 52 52 52 52 52 52 52 53 54 54 53 53 53 53 53 53 53 53 54 54 54 54 54 54 54 54 54 54 54 55 55 55 55 55 55 55 55 55 55 55 55 55 53 53 53 54 54 54 54 54 55 55 55 55 55 55 55 55 56 56 23 23 23 23 23 24 23 23 24 24 25 25 25 25 26 26 26 26 26 25 25 26 27 28 28 28 28 26 26 27 28 28 28 28 29 28 27 27 27 27 27 28 29 29 28 28 29 29 29 29 29 29 29 30 30 30 30 29 29 29 29 30 30 30 30 30 30 30 30 30 30 31 31 31 31 31 32 32 32 32 32 32 32 32 32 33 33 33 32 33 33 33 33 32 33 33 33 33 34 34 33 33 33 33 33 34 34 34 34 34 34 34 34 34 35 35 35 35 35 35 36 35 35 36 36 36 36 36 36 36 36 37 37 37 36 37 38 37 37 37 37 37 37 37 38 38 37 38 38 38 38 38 38 38 38 38 38 38 38 38 38 38 38 39 39 39 39 39 39 39 39 39 39 39 39 40 39 41 41 41 41 41 41 41 41 41 42 42 42 42 42 42 42 42 42 42 42 42 42 42 43 43 43 43 43 43 43 43 43 43 43 44 44 44 44 44 44 44 44 44 44 44 44 44 44 44 44 44 44 44 45 45 45 45 45 45 45 45 45 45 45 45 45 46 46 46 46 46 46 46 46 46 47 47 47 47 47 47 47 47 47 47 46 47 47 47 46 46 46 46 47 47 47 48 48 48 48 47 48 48 48 48 48 48 48 47 48 47 47 47 47 47 48 48 48 48 49 49 49 49 49 49 49 49 50 50 50 50 50 50 51 51 51 51 51 51 51 51 51 51 51 51 51 52 51 50 50 51 51 51 51 51 52 52 51 51 52 52 52 52 52 52 53 53 53 54 54 53 53 53 53 53 53 54 54 54 54 54 54 54 54 54 54 54 54 54 55 55 55 54 55 55 55 55 55 55 55 53 53 53 54 54 54 54 54 55 55 55 55 55 55 55 55 55 23 23 23 23 23 23 23 24 24 25 25 25 25 25 25 25 25 26 26 26 26 26 27 27 27 28 29 28 27 27 27 27 28 28 29 28 28 28 28 28 28 28 29 29 29 29 29 29 29 29 29 29 30 30 30 29 29 29 29 29 29 29 30 30 30 31 31 30 30 30 30 30 31 31 31 31 31 32 32 32 32 32 32 32 32 32 32 32 32 33 33 33 33 33 33 33 33 33 33 33 33 33 33 33 34 34 34 34 35 34 34 34 34 34 35 35 35 35 35 35 35 35 35 36 36 36 36 37 37 37 36 37 37 37 37 37 37 37 37 37 37 37 37 37 37 37 37 37 37 38 38 38 38 38 38 38 38 38 38 38 38 38 38 39 39 39 39 39 39 39 39 39 39 40 40 40 40 41 41 41 41 41 42 41 41 42 42 42 42 42 42 42 42 42 42 42 42 42 43 43 43 43 43 43 43 43 43 43 43 43 43 44 44 44 44 44 44 44 44 44 44 44 44 44 44 44 44 44 44 45 45 45 45 45 45 45 45 45 45 45 45 45 45 46 46 46 46 46 46 46 46 46 46 46 47 47 47 47 47 47 47 47 46 47 47 47 47 46 46 46 46 47 48 48 48 48 49 48 48 48 48 48 48 48 48 48 48 48 48 48 48 48 48 48 48 48 48 48 49 49 49 50 49 49 50 50 50 50 50 50 51 51 51 51 51 51 50 51 51 51 51 51 51 51 52 51 51 51 51 51 52 52 52 52 52 52 52 52 52 52 52 52 53 53 53 53 53 53 53 53 53 53 53 54 54 54 54 54 54 54 54 54 54 54 54 54 54 54 54 54 54 54 54 55 55 55 55 54 53 53 54 54 54 54 54 54 55 55 55 55 55 55 55 55 23 23 23 23 24 24 25 24 24 24 24 24 25 26 27 27 27 27 27 27 27 27 28 28 28 28 28 27 27 28 28 29 29 29 29 29 28 28 28 29 29 29 29 29 29 29 29 29 29 30 30 30 30 30 29 29 29 29 29 30 30 31 31 31 31 31 31 31 30 30 31 31 32 32 32 32 32 32 32 32 32 32 32 32 33 33 33 33 33 33 33 34 33 33 33 33 33 33 33 33 33 33 33 34 34 34 35 34 34 34 34 35 35 35 35 35 35 35 35 35 35 35 35 36 36 36 36 37 37 37 37 37 37 38 37 37 37 37 37 37 37 37 37 38 38 38 38 38 38 38 38 38 38 38 38 39 38 38 38 38 39 39 39 39 39 39 39 39 39 40 40 40 40 40 41 41 41 41 42 42 41 42 42 42 42 42 42 42 42 42 42 42 42 42 43 43 43 43 43 43 43 43 43 43 43 43 43 44 44 44 44 44 44 44 44 44 44 44 44 44 44 44 44 44 44 44 45 45 45 45 45 45 45 45 45 45 45 45 45 45 46 46 46 46 46 46 46 46 46 46 47 47 47 47 47 47 47 47 47 47 47 47 47 46 46 46 46 46 47 48 48 49 49 49 48 47 48 48 48 48 48 47 48 48 48 48 48 48 48 48 48 48 49 49 49 49 49 49 50 50 49 50 50 50 50 51 51 51 51 50 51 50 51 51 50 51 51 51 51 51 51 51 52 52 51 51 52 52 52 53 53 52 51 52 52 52 52 52 53 53 53 53 53 53 54 54 53 53 53 53 54 54 54 54 54 54 54 54 54 54 54 54 54 54 55 55 55 55 55 55 55 55 55 55 54 54 54 54 54 54 54 54 54 54 55 55 55 55 55 55 23 23 23 24 24 24 24 24 24 25 25 26 27 27 27 27 27 27 27 27 28 28 28 28 28 28 28 28 28 29 29 30 30 29 28 28 28 29 29 29 29 29 29 29 29 29 30 30 30 30 30 30 30 30 30 29 29 30 30 31 31 31 31 31 31 32 31 31 31 31 31 32 32 32 32 32 32 32 32 32 32 33 33 33 33 33 33 33 33 33 33 32 33 33 33 33 33 34 34 34 33 33 34 34 35 35 34 34 34 34 35 35 35 35 36 35 35 35 35 35 35 35 36 36 36 37 37 37 37 37 37 37 37 37 37 37 37 37 37 37 38 38 37 38 38 38 38 38 38 38 38 38 38 39 38 38 38 38 39 39 39 39 39 39 39 39 40 40 39 39 40 40 41 41 41 41 42 42 42 42 42 42 42 42 42 42 42 42 42 42 42 43 43 43 43 43 43 43 43 43 43 43 43 43 43 43 44 44 44 44 44 44 44 44 44 44 44 44 44 45 44 44 44 44 45 45 45 45 45 45 45 45 45 45 45 45 45 45 46 46 46 46 46 46 46 46 46 46 47 47 47 47 46 46 47 47 47 47 47 47 46 46 46 46 46 47 48 48 48 48 49 48 47 48 48 48 48 48 48 47 48 48 48 48 48 48 49 49 49 49 49 49 50 50 49 50 50 50 50 50 50 50 50 51 51 51 51 51 51 50 50 50 51 50 51 51 51 51 51 51 51 52 53 52 52 52 52 52 53 52 51 51 52 52 52 52 53 53 53 53 53 53 54 54 53 53 53 53 53 54 54 54 54 54 54 54 54 55 55 55 55 55 55 55 55 55 55 55 55 55 55 55 54 54 54 54 54 54 54 54 54 54 54 55 55 55 23 23 23 24 24 24 24 25 25 25 25 26 27 27 27 26 27 28 28 28 29 28 28 28 29 29 29 29 30 30 30 30 29 29 29 29 29 29 29 30 30 30 30 30 29 30 30 30 31 31 30 30 31 30 30 30 30 30 31 31 31 32 32 32 32 32 31 31 31 31 31 31 31 32 32 32 32 32 32 32 32 33 33 34 34 34 33 33 33 33 33 33 33 33 33 33 34 34 33 33 33 33 34 34 34 34 34 34 34 35 35 35 35 35 35 35 35 35 35 35 35 36 35 36 36 36 37 37 37 37 37 37 36 37 37 37 37 37 38 38 37 37 37 37 37 37 38 37 37 38 38 38 38 38 37 38 38 38 38 39 39 39 39 39 39 39 39 39 39 39 39 40 40 40 40 40 41 41 41 41 41 41 41 41 41 41 41 41 41 41 42 41 41 41 41 41 41 42 42 42 42 42 42 42 42 42 42 42 42 43 43 43 43 43 43 43 43 43 43 43 43 45 45 45 45 45 45 45 45 45 45 45 45 45 46 46 46 46 46 46 46 46 46 46 46 47 47 47 47 47 47 47 47 47 47 47 47 47 47 47 47 47 46 47 47 48 48 48 49 49 49 49 49 49 49 49 49 49 49 49 49 49 49 49 49 49 50 51 51 51 51 51 51 50 51 51 51 51 51 51 51 51 51 51 52 52 51 51 51 51 51 51 51 51 52 52 52 52 52 52 52 53 53 53 52 52 53 53 52 52 52 53 53 53 53 53 53 54 54 54 54 54 55 54 54 54 54 54 54 54 55 55 55 55 55 55 55 55 55 55 55 55 55 55 55 55 55 55 55 55 55 55 55 55 55 55 55 56 56 56 56 56 56 56 56 23 23 24 24 24 25 24 24 24 25 26 27 27 27 26 27 28 28 28 29 28 28 29 29 29 29 29 30 30 30 30 30 30 30 29 29 29 29 30 30 30 30 30 30 30 30 31 31 31 31 31 31 31 31 30 30 30 30 31 31 32 32 32 32 32 31 31 31 31 31 32 32 32 32 32 32 32 32 32 32 32 33 33 33 33 34 33 33 33 33 33 33 33 33 33 33 33 33 33 33 33 34 34 35 35 34 34 34 34 34 35 35 35 35 36 35 35 35 36 36 36 36 36 36 36 36 36 36 37 37 37 37 37 38 37 37 37 38 38 37 37 37 37 37 37 37 37 38 38 38 38 38 38 38 38 38 38 38 39 39 39 39 39 39 39 39 39 39 39 39 40 40 40 40 41 41 41 41 41 41 41 41 41 41 41 41 41 41 41 41 41 41 41 41 41 41 42 42 42 42 42 42 42 42 42 42 42 42 42 42 43 43 43 43 43 43 43 43 43 43 45 45 45 45 45 45 45 45 45 45 45 46 46 46 46 46 46 46 46 46 46 46 46 47 47 47 47 47 47 47 47 47 47 47 47 47 47 47 47 47 47 47 47 47 48 48 48 49 49 49 49 49 49 49 49 49 50 50 49 49 49 49 49 50 50 50 50 51 51 50 51 50 50 51 51 51 51 51 52 51 51 51 52 52 52 51 51 51 51 51 51 52 51 51 51 51 52 52 52 52 52 52 53 52 52 52 53 53 53 53 53 53 53 53 53 53 54 54 54 54 54 54 55 54 54 54 54 54 54 55 55 55 55 55 55 55 55 55 55 55 55 55 55 55 55 55 55 55 55 55 55 55 55 56 55 55 55 55 56 56 56 56 56 56 57 23 23 24 24 24 24 25 26 26 26 26 26 26 27 27 28 28 28 28 29 29 29 29 29 29 29 29 29 30 30 30 30 30 30 30 30 30 30 30 30 30 31 31 31 31 31 31 31 31 31 30 30 30 31 31 30 31 31 31 31 31 32 32 31 32 32 32 33 33 32 32 33 32 32 32 32 33 33 33 33 33 33 33 34 33 34 33 34 34 34 34 34 34 34 34 34 34 34 34 35 35 35 35 35 35 35 34 35 35 35 35 36 36 35 35 36 36 36 36 36 36 36 36 36 37 37 37 37 37 37 37 38 37 37 38 38 38 37 37 37 37 38 37 37 37 37 37 38 38 38 38 38 38 38 38 39 39 39 39 39 39 39 39 39 39 39 39 40 40 41 41 41 41 41 41 41 41 41 41 41 41 41 41 41 41 41 41 41 41 41 41 42 42 42 42 42 42 42 42 42 42 42 42 42 43 42 43 42 42 43 43 43 43 43 43 43 44 45 45 45 45 45 45 45 45 45 45 46 46 46 46 46 46 46 46 46 46 46 46 46 46 46 47 47 47 47 47 47 47 47 47 47 47 47 47 47 47 47 47 47 47 48 48 49 49 49 50 50 50 50 50 50 50 50 50 50 50 50 50 50 50 50 50 50 50 50 50 50 50 50 51 51 51 51 51 51 52 51 52 52 52 52 52 51 51 51 52 52 52 52 52 51 51 51 52 52 52 52 52 52 52 52 52 52 53 53 53 53 53 53 53 53 54 54 54 54 54 54 54 54 54 54 54 54 54 54 54 55 55 55 55 55 55 55 55 55 55 55 55 55 55 55 55 55 55 55 56 55 55 56 56 56 56 56 56 56 56 56 56 56 56 23 24 25 25 26 25 25 26 26 27 27 27 27 28 27 28 28 29 29 29 29 29 30 29 30 30 30 30 30 31 31 31 31 31 31 30 30 30 31 31 31 31 30 31 31 31 31 30 30 30 32 31 31 31 31 31 31 32 32 32 32 32 32 33 33 33 33 33 33 33 32 33 33 33 33 33 33 33 33 33 33 34 34 34 34 35 35 35 35 35 35 35 35 35 35 35 35 35 35 35 35 35 35 35 35 35 35 35 36 36 36 36 36 36 36 36 36 36 36 36 36 37 37 37 37 38 37 38 38 38 38 38 38 38 38 38 38 38 37 37 38 38 38 37 37 38 38 39 39 38 39 39 39 39 39 39 39 39 39 39 40 39 39 40 41 41 41 41 41 41 41 41 41 41 41 41 41 41 41 41 41 41 41 41 41 41 41 41 42 42 42 42 42 42 42 42 42 42 42 42 42 43 43 43 42 42 43 43 43 43 43 43 43 44 45 45 45 45 45 45 45 45 45 46 46 46 46 46 46 46 46 46 46 46 46 46 46 46 46 47 47 47 47 47 47 47 47 47 47 47 47 48 48 47 48 48 48 48 48 49 49 49 50 50 50 50 50 50 50 50 50 50 50 50 51 50 51 50 51 50 50 50 50 50 50 50 51 50 51 51 51 51 51 52 52 51 52 52 52 52 52 51 51 52 52 52 52 52 51 51 52 52 52 52 52 51 52 52 52 52 52 53 53 53 53 53 53 53 53 54 54 54 54 54 54 54 54 54 54 54 54 54 54 54 55 55 55 55 55 55 55 55 55 55 55 55 55 55 55 55 55 55 56 56 55 56 56 56 56 56 56 56 56 56 56 56 56 56 25 25 26 26 25 26 26 27 28 28 28 28 29 28 28 29 29 29 29 29 29 30 30 30 30 30 30 30 31 31 31 31 31 31 30 30 30 30 31 31 31 31 30 31 31 30 31 31 31 31 31 31 31 32 31 31 32 32 32 32 32 33 33 34 34 34 34 33 33 33 33 33 33 33 33 33 33 33 34 34 34 34 34 35 35 35 35 35 35 35 35 35 35 35 35 35 35 35 35 35 35 35 35 35 35 35 35 36 36 36 36 36 36 36 36 36 36 37 37 37 37 37 37 38 38 38 39 39 39 39 38 37 37 37 38 37 37 37 38 38 38 38 38 37 38 38 39 39 39 39 39 39 39 39 39 39 39 39 39 39 40 40 40 41 41 41 41 41 41 41 41 41 41 41 41 41 41 41 41 41 41 41 41 41 41 41 41 42 42 42 42 42 42 42 42 42 42 42 42 42 42 43 43 43 42 43 43 43 43 43 43 43 44 45 45 45 45 45 45 46 45 45 45 46 46 46 46 46 46 46 46 46 46 46 46 46 46 47 47 46 47 47 47 46 47 47 47 47 47 47 48 48 48 48 48 48 48 48 49 49 50 50 50 50 50 50 50 50 50 50 50 50 50 51 51 51 51 50 50 50 51 51 50 51 51 51 51 51 51 51 51 51 51 51 52 52 52 52 52 52 51 51 51 51 52 52 52 51 51 52 52 52 52 52 51 52 52 52 52 53 53 53 53 53 53 53 53 53 53 54 54 54 54 54 54 54 54 54 54 54 54 54 54 54 55 55 55 55 55 55 55 55 55 55 55 55 55 55 55 55 55 55 55 55 55 55 55 56 56 56 56 56 56 56 56 56 56 24 25 25 25 25 26 26 26 27 27 28 28 29 29 29 29 29 29 29 29 29 29 30 30 29 29 29 30 29 30 31 31 31 31 31 31 31 31 31 30 30 30 30 30 30 30 30 31 31 32 32 32 32 32 32 32 32 32 32 33 33 33 33 34 34 34 34 34 34 34 34 34 34 33 33 33 33 33 33 34 34 35 35 35 35 35 35 35 35 35 35 36 35 35 35 35 35 35 35 35 35 35 36 36 35 35 35 35 35 36 36 36 36 36 36 36 36 36 36 37 37 37 37 37 37 37 38 38 38 38 39 38 37 37 37 37 37 38 38 38 38 38 38 38 38 38 38 39 39 39 39 39 39 39 39 39 39 39 39 39 39 39 40 40 41 41 41 41 41 41 41 41 41 41 41 41 41 41 41 41 41 41 41 41 41 41 41 41 42 42 42 42 42 42 42 42 42 42 42 42 42 42 43 43 43 43 43 43 43 43 43 43 43 43 45 45 45 45 46 46 46 46 46 46 46 46 46 46 46 46 46 46 46 46 46 46 46 46 47 47 46 46 46 47 47 47 47 47 47 47 47 47 48 48 48 48 48 48 49 49 49 50 50 50 50 50 50 51 51 51 51 51 51 51 50 50 50 50 50 50 50 50 51 51 51 51 51 51 51 51 51 51 51 51 51 52 52 52 52 51 51 51 51 51 51 51 52 52 52 51 51 52 52 52 52 52 52 51 51 52 53 53 53 53 53 54 53 53 53 53 53 54 54 54 54 54 54 54 54 54 54 54 54 54 54 55 55 55 55 55 55 55 55 55 55 55 55 55 55 55 55 55 55 55 55 55 55 55 55 55 55 55 55 56 56 56 56 56 25 26 26 27 27 27 27 27 27 27 28 29 29 29 29 29 29 30 30 30 30 30 29 29 29 29 29 30 30 31 31 31 31 31 31 31 32 31 31 31 31 31 31 31 31 32 32 32 32 32 32 32 32 32 32 32 32 33 33 34 34 34 34 34 34 34 34 34 34 35 34 34 34 34 34 34 34 34 35 35 35 35 35 35 35 35 35 35 35 36 35 35 35 35 35 35 35 35 35 36 36 36 36 35 35 36 36 36 36 36 36 36 36 37 37 37 37 38 38 37 37 37 37 37 38 38 38 39 38 38 38 38 38 38 38 39 38 38 38 38 39 39 38 38 39 39 39 39 39 39 39 39 39 39 39 39 39 39 39 39 40 40 41 41 41 41 41 41 41 41 41 41 41 41 41 41 41 41 41 41 42 41 41 42 42 42 42 42 42 42 42 42 42 42 43 43 42 42 42 42 43 43 43 43 43 43 43 43 43 43 43 45 45 45 45 45 46 46 46 46 46 46 46 46 46 46 46 46 46 46 46 46 46 46 46 47 46 46 47 47 47 47 47 47 47 47 47 47 47 47 48 47 47 47 48 48 48 49 49 49 50 50 50 50 51 51 51 51 51 51 51 50 50 50 50 50 51 51 51 51 51 51 51 51 51 51 51 51 51 51 51 51 51 51 51 51 51 51 51 51 51 51 51 52 52 52 52 52 52 52 52 52 52 52 52 52 52 52 53 53 53 53 53 54 53 53 53 53 54 54 54 54 54 54 54 54 54 54 54 54 54 54 54 55 55 55 55 55 55 55 55 55 55 55 55 55 55 55 55 55 55 55 55 55 55 55 55 55 56 55 56 56 56 56 25 25 26 26 27 26 26 26 26 27 28 27 28 29 29 30 30 30 30 30 30 30 30 29 29 29 30 30 30 31 31 31 31 31 31 31 32 32 31 31 32 31 31 32 32 32 31 32 32 32 32 32 32 32 32 33 33 33 33 34 34 34 34 34 34 34 34 34 35 35 35 35 34 35 35 34 34 35 35 35 35 35 35 35 36 36 35 35 35 35 35 35 35 35 35 35 35 35 35 36 36 36 36 36 36 36 36 36 36 36 36 36 37 37 37 37 37 37 37 38 38 38 37 38 38 38 38 38 38 38 39 39 39 39 39 39 39 39 38 39 39 39 38 38 39 39 39 39 39 39 39 39 39 39 39 39 39 40 40 40 40 40 41 41 41 41 41 41 41 41 41 41 41 41 41 41 41 41 41 41 41 41 42 42 42 42 42 42 42 42 42 42 42 42 42 42 42 42 43 43 43 43 43 43 43 43 43 43 43 43 43 45 45 45 45 45 45 46 46 46 46 46 46 46 46 46 46 46 46 46 46 46 46 46 46 46 47 47 47 47 47 47 47 47 47 47 47 47 47 47 47 47 47 47 47 47 47 47 47 48 48 49 49 49 50 50 50 50 50 50 51 50 50 51 51 51 51 52 52 51 52 52 52 52 52 52 52 51 51 51 51 51 50 50 50 51 51 51 51 51 51 51 51 52 52 52 52 52 52 52 52 52 52 52 52 52 52 52 52 52 53 53 53 53 53 53 53 53 54 54 54 54 54 54 54 54 54 54 54 54 54 54 54 54 54 54 55 55 55 55 55 55 55 55 55 54 55 55 55 55 55 55 55 55 55 56 56 56 56 55 56 56 56 56 25 26 26 26 26 26 27 27 28 27 26 27 28 28 28 28 29 30 30 30 29 29 29 29 30 30 30 31 31 31 31 31 31 31 31 31 31 31 32 31 32 32 31 31 31 31 31 32 32 32 32 32 33 33 33 33 33 33 34 34 34 34 34 34 34 34 34 35 35 35 35 34 35 35 35 35 35 35 35 35 35 35 36 36 35 36 35 36 36 36 35 35 35 35 35 35 36 36 36 36 36 36 36 36 36 36 36 36 36 37 37 37 37 37 38 38 37 37 37 38 38 38 38 38 38 38 38 38 38 38 38 39 38 39 39 38 38 39 39 39 39 38 39 39 39 39 39 39 39 39 39 39 39 39 39 39 39 40 40 40 40 41 41 41 41 41 41 41 41 41 41 41 41 41 41 41 41 41 41 41 41 42 42 42 42 42 42 42 42 42 42 43 42 42 42 42 43 43 43 43 43 43 43 43 43 43 43 43 43 43 45 45 45 45 45 45 46 45 45 46 46 46 46 46 46 46 46 46 46 46 46 46 46 46 46 46 47 47 47 47 46 47 47 47 47 47 47 47 47 47 48 48 48 48 48 47 47 47 48 48 49 49 49 49 49 50 49 49 50 51 51 50 50 51 51 51 51 52 52 52 52 52 52 52 52 52 52 52 52 52 51 50 50 50 51 51 51 51 51 51 51 51 51 52 52 52 52 52 52 52 52 52 52 52 52 52 52 52 52 52 53 53 53 53 53 53 53 53 54 54 54 54 54 54 54 54 54 54 54 54 54 54 54 54 54 55 55 55 55 55 55 55 55 55 54 55 55 55 55 55 55 55 55 55 55 55 55 55 55 56 56 56 56 56 25 25 26 27 27 27 27 28 27 26 27 27 27 27 27 28 28 28 29 29 29 29 29 29 30 30 30 30 31 31 31 32 32 31 31 31 31 31 31 31 32 32 32 31 31 31 32 32 32 32 32 33 33 32 32 32 33 33 34 33 33 34 34 34 34 34 35 35 35 35 35 35 35 35 35 35 35 35 35 35 35 35 35 35 35 36 36 36 36 36 35 35 35 36 36 36 36 36 36 36 36 36 36 36 36 37 37 37 37 37 37 37 38 38 37 38 38 38 38 38 38 38 38 38 39 38 38 38 38 39 38 38 38 38 38 38 39 39 38 38 38 39 39 39 39 39 39 39 39 39 39 39 39 39 39 39 39 40 40 41 41 41 41 41 41 41 41 41 41 41 41 41 41 41 41 41 41 41 41 41 42 42 42 42 42 42 42 42 42 42 42 42 42 43 43 43 43 43 43 43 43 43 43 43 43 43 43 43 44 45 45 45 45 45 45 45 45 45 45 46 46 46 46 46 46 46 46 46 46 46 46 47 46 46 47 47 47 47 47 47 47 47 47 47 47 47 47 48 47 47 47 48 48 49 48 48 48 48 48 48 48 49 49 49 49 49 49 50 51 51 51 50 50 51 50 50 51 52 52 52 52 52 52 52 52 52 52 52 52 51 50 50 50 50 51 51 51 51 51 51 51 51 52 52 52 52 52 52 52 52 51 51 52 52 52 52 52 52 52 53 53 53 53 53 53 53 53 54 54 54 54 54 54 54 54 54 54 54 54 54 54 54 54 54 55 55 55 55 55 55 55 54 54 54 55 55 55 55 55 55 55 55 55 55 55 55 55 55 55 56 56 56 56 25 25 26 26 26 27 27 27 26 26 26 27 27 27 27 27 28 29 30 30 29 29 29 30 29 29 30 31 31 31 31 31 31 31 31 31 31 31 31 31 31 32 32 32 32 32 32 32 32 32 33 33 32 32 32 33 33 33 33 33 33 34 34 34 34 34 35 35 35 35 35 35 35 35 35 35 35 35 35 35 35 35 35 36 36 36 36 36 36 36 35 35 35 36 36 36 36 36 36 36 36 37 36 36 37 37 37 37 37 37 37 38 38 38 38 38 38 38 38 38 38 38 38 39 38 38 38 38 39 39 39 39 38 38 38 38 38 39 39 39 39 39 39 39 39 39 39 39 39 39 39 40 39 39 40 39 39 39 40 41 41 41 41 41 41 41 41 41 41 41 41 42 42 41 42 42 41 41 41 41 42 42 42 42 42 42 42 42 42 43 43 43 43 43 43 43 43 43 43 43 43 43 43 43 43 43 43 43 45 45 45 45 45 45 45 45 45 46 46 46 46 46 46 46 46 46 46 46 46 46 47 47 47 47 47 47 47 47 47 47 47 47 47 47 47 47 48 48 47 47 48 48 48 48 48 49 49 49 49 48 49 49 49 49 49 50 50 50 50 50 50 50 50 51 51 51 52 52 52 52 52 52 52 52 52 52 53 52 52 51 50 50 50 51 51 51 52 52 51 51 51 51 52 52 52 52 52 52 52 52 52 52 52 53 53 53 52 52 52 53 53 53 53 53 53 53 54 54 54 54 54 54 54 54 54 54 54 54 54 54 54 54 54 55 55 55 55 55 55 55 54 54 54 54 55 55 55 55 55 55 55 55 55 55 55 55 55 55 56 56 56 57 26 27 27 26 27 27 27 28 28 28 29 30 30 30 29 29 29 30 30 31 31 31 31 31 31 31 31 31 31 31 31 31 31 31 32 32 32 32 32 32 32 32 32 33 33 32 32 33 33 33 34 34 33 34 34 34 34 34 34 35 35 35 35 35 35 35 35 35 35 35 35 35 35 35 35 35 35 36 36 36 36 36 36 36 36 36 35 35 36 36 36 36 36 36 36 37 36 37 37 37 37 37 37 37 38 38 38 38 38 38 37 38 38 38 38 38 38 38 38 38 38 38 38 38 39 39 39 38 38 38 39 39 39 39 39 39 39 39 39 39 39 39 40 40 40 39 39 40 39 39 39 40 40 40 41 41 41 41 41 41 41 41 41 41 41 41 42 42 42 41 41 41 41 42 42 42 42 42 42 42 43 43 43 43 43 43 43 43 43 42 42 43 43 43 43 43 43 43 43 43 43 45 45 45 45 45 45 45 45 45 46 46 46 46 46 46 46 46 46 46 46 46 46 47 47 47 47 47 47 47 47 47 47 47 47 47 47 47 47 48 48 48 48 48 48 48 48 48 48 49 49 49 49 49 49 49 49 49 50 50 50 50 50 50 51 51 50 50 51 52 52 52 52 52 52 52 53 52 53 53 52 52 52 50 50 50 51 51 51 52 52 52 51 51 51 51 52 52 52 52 52 52 52 52 52 52 53 53 52 52 52 52 52 53 53 53 53 53 54 54 54 54 54 54 54 54 54 54 54 54 54 54 54 54 54 54 54 55 55 55 55 54 54 54 54 54 55 55 55 55 55 54 54 55 55 55 55 55 55 55 56 56 56 56 57 57 27 27 26 27 27 27 28 29 28 28 29 30 30 29 29 29 30 30 31 31 31 31 31 31 31 31 31 32 32 32 31 31 32 32 32 32 32 32 32 32 32 32 32 33 33 33 33 33 33 34 34 34 34 34 34 34 34 34 35 35 35 35 35 35 35 35 35 34 35 35 35 35 35 35 35 35 36 36 36 36 36 36 36 36 36 36 36 36 36 36 36 36 36 36 36 37 37 37 37 37 37 37 37 37 37 38 38 38 38 37 38 38 38 38 38 38 38 38 38 38 39 39 38 38 39 39 38 38 38 39 39 39 39 39 39 39 39 39 39 39 39 40 40 40 40 40 40 40 40 39 40 40 40 41 41 41 41 41 41 41 41 42 42 42 42 42 42 42 41 42 42 42 42 42 42 42 42 42 42 43 43 42 42 42 42 42 42 42 43 43 43 43 43 43 43 43 43 43 43 43 45 45 45 45 45 45 45 45 45 45 46 46 46 46 46 46 46 46 46 47 47 47 46 47 47 47 47 47 47 47 47 47 47 47 48 48 48 48 48 48 48 49 48 48 48 48 48 49 49 49 49 49 49 50 50 49 50 50 50 51 50 50 50 50 51 51 51 51 51 51 51 52 52 52 52 52 52 52 53 52 52 51 50 50 50 50 51 51 51 51 51 51 52 52 51 51 52 52 52 52 52 52 52 52 52 52 52 53 53 53 52 52 53 53 53 53 53 53 54 54 54 53 53 54 54 54 54 53 54 54 54 54 55 55 55 55 54 54 54 55 54 54 54 54 55 55 55 55 55 55 54 55 55 55 55 55 55 55 56 56 56 57 57 26 26 26 27 27 27 28 28 28 28 29 30 30 30 30 29 29 30 31 31 31 31 31 31 31 31 32 31 32 32 32 32 32 32 32 32 32 32 32 32 32 33 33 33 33 33 33 33 33 34 34 34 34 34 34 34 34 34 35 35 35 35 35 35 35 35 35 35 35 35 35 35 35 35 35 35 35 35 36 36 36 36 36 36 36 36 36 36 36 36 36 36 36 36 36 37 37 37 37 37 37 37 37 37 37 38 37 38 38 38 38 38 38 38 38 38 38 38 38 38 38 39 38 38 38 39 38 39 39 39 39 39 39 39 39 39 39 39 39 39 39 40 40 40 40 40 40 40 40 40 40 40 41 41 41 41 41 41 41 41 41 42 42 42 42 42 42 42 41 42 42 42 42 42 42 43 42 42 42 42 42 42 42 43 42 43 42 43 43 43 43 43 43 43 43 43 43 43 43 43 45 45 45 45 45 45 45 45 45 45 46 45 46 46 46 46 46 46 46 47 47 47 47 47 47 47 47 47 47 47 47 47 47 47 48 48 48 48 48 48 48 48 48 48 49 49 49 49 49 49 49 49 49 49 50 50 50 50 51 51 51 51 50 50 50 51 52 52 52 51 52 52 52 52 52 52 52 52 52 52 52 52 51 50 50 50 51 51 51 51 51 52 52 52 52 52 52 52 52 52 52 52 52 52 52 52 52 52 53 53 53 52 52 53 53 53 53 54 54 54 54 54 53 53 54 54 53 53 53 54 54 54 54 55 55 55 55 54 54 54 54 54 55 55 55 55 55 55 55 55 55 55 55 55 55 55 56 27 28 27 28 29 29 28 29 30 30 29 29 30 30 31 31 31 31 31 31 31 32 32 32 32 32 32 32 32 32 32 32 32 33 32 33 33 33 33 33 33 33 33 33 34 34 34 34 34 34 34 34 34 35 35 35 35 35 35 35 35 35 35 35 35 35 35 35 35 35 36 35 36 36 36 36 36 37 37 37 37 37 36 36 36 36 37 36 36 36 36 37 37 37 37 37 38 38 37 37 37 38 38 38 37 38 38 38 38 38 38 38 39 38 38 38 38 38 38 38 38 39 39 39 39 39 39 39 39 39 39 39 40 39 39 39 40 40 40 40 40 40 40 40 40 41 41 41 41 41 41 41 41 41 41 41 41 42 42 42 42 42 42 41 41 42 42 42 42 42 42 42 42 42 42 42 42 42 43 43 43 43 43 43 43 43 43 43 43 43 43 43 43 43 43 45 45 45 45 45 45 45 45 45 45 45 45 46 46 46 46 46 46 46 46 46 47 47 47 47 47 47 47 47 47 47 47 47 47 47 47 47 47 48 48 48 48 48 48 49 49 49 49 50 50 50 50 49 50 49 50 50 50 50 51 51 51 51 51 50 51 52 52 52 52 52 52 52 52 52 52 52 52 52 52 52 52 51 50 50 50 51 51 51 51 52 52 52 52 52 52 52 52 52 52 52 52 52 53 53 52 52 52 52 52 53 53 53 53 53 53 53 53 54 53 54 54 53 53 53 53 53 53 53 54 54 54 54 54 55 54 54 54 54 55 55 55 55 55 55 55 55 55 55 55 54 55 55 55 27 27 27 27 27 28 28 28 29 30 30 29 29 30 31 31 31 31 31 31 31 31 31 32 32 32 32 32 32 32 32 32 32 32 32 32 33 33 33 33 33 33 33 33 34 34 34 34 34 34 35 35 35 34 34 35 35 35 35 35 35 35 35 35 35 35 35 35 35 36 35 35 36 36 36 36 36 36 36 37 37 37 37 37 37 36 36 37 37 36 36 37 37 37 37 37 37 37 37 37 37 38 38 37 37 38 38 38 38 38 38 38 38 38 38 38 38 38 38 38 38 39 39 39 39 39 39 39 39 39 39 39 39 39 40 40 39 40 40 40 40 40 40 40 40 40 41 41 41 41 41 41 41 41 41 41 41 41 41 42 42 42 42 42 42 42 42 42 42 42 43 42 42 42 43 42 43 42 43 43 43 43 43 43 43 43 43 43 43 43 43 43 43 43 43 43 45 45 45 45 45 45 45 45 45 45 45 46 46 46 46 46 46 46 46 46 46 46 47 47 47 47 47 47 47 47 47 47 47 47 47 47 48 48 48 47 48 48 48 48 49 49 49 49 50 50 50 50 50 50 50 50 50 50 50 50 51 51 51 51 51 52 52 52 51 51 52 52 52 52 52 52 52 52 52 52 52 52 51 50 50 50 50 51 51 51 52 52 52 52 52 52 52 52 52 52 52 52 52 53 53 53 52 52 52 52 52 53 53 53 52 53 53 53 53 53 53 53 53 53 53 53 53 53 54 54 54 54 54 54 54 54 54 54 54 55 55 55 55 55 55 55 55 55 55 55 55 55 55 55 56 27 28 28 28 28 28 28 29 29 30 30 29 30 30 31 31 31 31 31 31 31 31 31 31 32 32 32 32 32 32 32 32 32 32 32 32 33 33 33 33 33 33 33 33 34 34 34 34 34 35 35 35 35 34 34 34 34 35 35 35 35 35 35 35 35 35 35 35 35 36 36 35 36 36 36 36 36 36 36 37 37 37 37 37 37 36 36 36 36 36 37 37 37 37 38 37 37 37 37 37 38 38 38 38 38 38 38 38 38 38 38 38 38 38 38 38 38 38 38 38 39 39 39 39 39 39 39 39 39 39 39 39 39 40 40 40 40 40 40 40 40 40 40 40 40 40 41 41 41 41 41 41 41 41 41 41 41 41 42 42 42 42 42 42 42 42 42 42 42 42 42 42 43 43 42 42 43 42 43 43 43 43 43 43 43 43 43 43 43 43 43 43 43 43 43 43 45 45 45 45 45 45 46 46 46 46 45 45 46 46 46 46 46 46 46 46 46 46 47 47 47 47 47 47 47 47 47 47 48 47 48 48 48 48 48 48 48 48 48 48 48 49 49 49 49 49 49 50 50 50 50 50 50 50 50 50 50 50 51 52 52 52 52 52 51 51 52 52 52 52 52 52 52 52 52 52 52 52 51 51 50 50 50 51 51 51 51 52 52 52 52 52 52 52 52 52 52 52 52 52 53 53 53 53 52 52 53 52 52 53 52 52 53 53 53 53 53 53 53 53 54 54 54 54 54 54 54 54 54 54 54 54 54 54 55 55 55 55 55 55 55 55 56 55 56 56 55 55 55 56 56 28 29 29 29 28 28 28 29 30 29 29 30 30 30 30 31 31 31 32 32 32 31 32 32 32 32 32 32 32 32 32 32 32 32 33 33 33 33 33 33 34 33 34 34 34 34 34 35 35 35 35 35 34 34 35 34 34 35 35 35 35 35 35 35 35 35 35 35 36 36 36 36 36 36 36 36 36 37 37 37 37 37 37 37 37 36 36 36 36 37 37 37 37 37 38 38 37 37 38 38 38 38 38 38 38 38 38 38 38 38 38 38 38 38 38 38 38 38 38 39 39 39 39 39 39 39 39 39 39 39 39 39 40 40 40 40 40 40 40 40 40 40 40 40 40 41 41 41 41 41 41 41 41 41 41 41 42 41 42 42 42 42 42 42 42 42 42 42 42 42 43 43 43 43 43 43 43 43 43 43 43 43 43 43 43 43 43 43 43 43 43 43 43 43 43 45 45 45 45 45 46 46 46 46 46 46 46 46 46 46 46 46 46 46 46 46 47 47 46 46 47 47 47 47 47 47 47 48 48 48 48 48 48 48 48 48 48 48 48 48 49 49 49 49 49 50 50 50 50 50 50 50 50 50 51 51 50 51 52 51 51 51 51 52 52 52 52 52 52 52 52 52 52 52 52 51 51 51 50 50 50 50 50 51 51 51 52 52 52 52 52 52 52 52 52 52 52 52 52 52 53 53 53 53 53 53 52 53 53 53 53 53 53 53 53 53 53 53 53 53 54 54 54 54 54 54 54 54 54 54 54 55 55 55 55 55 55 55 56 56 56 56 56 56 56 55 55 55 56 22 23 27 28 29 28 28 29 28 28 28 29 29 29 30 29 30 30 31 31 32 31 32 32 32 32 32 31 31 32 32 32 32 32 32 32 32 33 33 33 33 33 33 34 34 34 34 34 34 34 34 34 35 35 35 35 35 35 35 35 35 35 34 35 35 35 35 36 36 36 35 36 36 36 36 36 36 36 36 37 37 37 37 37 37 37 37 37 37 37 36 36 37 37 37 37 37 38 38 37 37 37 38 37 38 38 38 38 38 38 38 38 39 39 38 38 38 38 38 39 38 38 39 39 39 39 39 39 39 39 39 39 39 40 40 40 40 40 40 40 40 40 40 40 40 40 40 40 41 41 41 41 41 41 41 41 41 41 42 42 42 42 42 42 42 42 42 42 42 42 42 43 43 43 43 43 43 43 43 43 43 43 43 43 43 43 43 43 43 43 43 43 43 43 43 43 43 43 45 45 45 45 46 46 46 46 46 46 46 46 46 46 46 46 46 46 46 46 46 47 47 46 46 47 47 47 47 47 47 47 47 48 48 47 48 48 48 49 49 49 49 49 49 49 49 49 49 49 49 50 50 50 50 51 51 51 51 51 51 51 51 52 52 51 51 51 51 51 51 51 51 52 52 52 52 52 51 51 51 51 51 51 51 50 50 50 51 51 51 51 52 52 52 52 52 52 52 52 52 52 52 52 52 53 53 53 53 53 53 53 53 53 53 53 53 53 53 53 53 53 53 53 53 54 54 54 54 54 54 54 54 54 54 54 55 55 55 55 55 56 55 22 24 24 27 27 27 27 28 29 29 29 30 29 29 28 29 29 29 29 30 30 31 31 31 32 32 31 31 32 31 31 31 32 32 32 32 32 32 32 32 32 32 33 33 33 33 33 33 34 33 34 34 34 34 34 34 35 35 35 35 36 35 35 35 35 35 35 35 35 35 35 35 36 36 36 36 36 36 36 36 36 36 36 37 37 37 37 37 37 37 37 37 37 37 37 37 37 37 37 37 37 37 38 37 37 37 37 37 38 38 38 38 38 38 38 38 39 39 39 39 39 39 39 39 39 39 39 39 39 39 39 39 39 39 39 40 39 40 40 40 40 40 40 40 40 40 40 40 40 40 40 40 41 41 41 41 41 41 41 41 41 41 42 42 42 42 42 42 42 42 42 42 42 42 42 42 43 43 43 43 43 43 43 43 43 44 43 43 43 43 43 43 43 43 43 43 43 43 43 43 43 43 45 45 45 45 46 46 46 46 46 46 46 46 46 46 46 46 46 46 46 46 46 47 47 46 47 46 46 46 47 47 47 47 47 47 47 48 48 48 49 49 49 49 49 49 49 49 49 49 50 50 50 50 50 50 50 50 51 51 51 51 51 51 51 52 51 51 51 51 51 51 52 52 52 52 52 52 52 52 52 52 52 52 52 51 50 50 50 50 51 51 51 51 52 52 52 52 52 52 52 52 53 53 52 52 52 52 53 53 53 53 53 53 53 53 53 53 53 53 54 53 53 53 53 53 53 54 54 54 54 54 54 54 54 54 54 54 55 55 55 22 25 26 24 23 23 23 23 23 28 28 27 28 28 28 28 29 29 29 29 29 29 29 29 29 29 29 29 30 30 30 31 32 32 32 31 31 31 32 32 32 32 32 32 32 33 33 33 32 32 32 33 33 33 33 33 33 33 33 34 34 34 34 34 35 35 35 35 35 35 35 35 35 35 35 36 36 35 35 35 35 35 36 36 36 36 36 36 36 36 36 36 36 37 37 37 37 37 37 37 37 37 37 37 37 37 37 37 37 37 37 37 37 37 37 38 38 37 38 38 38 38 38 38 39 39 39 39 39 39 39 39 39 39 39 39 39 39 39 39 39 39 39 39 40 40 40 40 40 40 40 40 40 40 40 40 40 40 40 40 40 41 41 41 41 41 41 41 41 41 41 42 42 42 42 42 42 42 42 42 42 42 42 42 42 43 43 43 43 43 43 43 43 43 43 43 43 43 43 43 43 43 43 43 43 43 43 43 43 43 43 45 45 45 46 46 46 46 46 46 46 46 46 46 46 46 46 46 46 46 46 46 46 46 46 46 46 47 47 47 47 47 47 47 47 47 48 48 48 48 49 49 49 49 49 49 49 49 49 50 50 50 50 50 50 50 50 50 50 50 51 51 51 51 52 52 51 51 51 51 52 52 52 52 52 52 52 52 52 52 53 53 52 52 51 50 50 50 50 51 51 51 51 52 52 52 52 52 52 52 52 52 53 52 52 52 52 53 53 53 53 53 53 53 54 53 53 53 53 53 53 53 53 53 53 53 54 54 54 54 54 54 54 54 54 54 55 55 55 55 22 24 26 26 25 24 25 26 26 24 23 28 28 28 28 29 29 29 29 30 30 29 29 29 29 29 30 30 30 30 30 30 31 31 32 32 32 32 32 32 32 33 33 33 33 33 33 33 33 33 32 32 32 32 33 33 33 33 33 33 34 34 34 34 34 34 34 35 34 34 35 35 35 35 35 35 35 35 36 36 36 36 35 35 35 36 36 36 36 36 36 36 36 36 36 36 37 36 37 37 37 37 37 37 37 37 37 37 37 38 37 37 38 37 38 38 38 38 38 38 38 38 38 38 38 39 39 39 39 39 39 39 39 39 39 39 39 39 39 39 39 39 39 40 39 39 40 40 40 40 40 40 40 40 40 40 40 40 40 40 40 40 40 41 41 41 41 41 41 41 41 42 42 41 42 42 42 42 42 42 42 42 42 42 43 43 43 43 43 43 43 43 42 43 43 43 43 43 43 43 43 43 43 43 43 43 43 43 43 43 43 43 43 45 45 45 46 46 46 46 46 46 46 46 46 46 46 46 46 46 46 46 46 46 46 46 46 46 46 47 47 47 47 47 47 48 48 48 48 48 48 48 49 49 48 48 48 49 49 49 50 50 50 50 50 50 50 50 51 51 51 51 51 51 51 51 51 52 51 51 51 52 51 52 52 52 52 52 52 52 52 52 52 52 52 51 51 50 50 50 51 51 51 51 51 51 52 52 52 52 52 52 52 52 52 52 52 52 52 52 52 53 53 53 53 53 53 53 53 53 53 53 53 53 53 53 53 53 54 54 54 54 54 54 54 54 54 54 54 55 55 55 23 25 25 26 25 25 27 27 27 25 24 24 24 24 28 28 28 28 28 28 28 29 29 29 29 30 30 30 29 29 30 29 30 30 31 30 30 30 30 31 31 32 32 32 32 32 33 33 33 33 33 33 33 33 33 33 33 33 33 33 33 33 33 33 34 34 34 34 34 34 34 34 35 34 35 35 35 35 35 35 35 35 35 35 36 36 36 36 35 35 36 36 36 36 36 36 36 36 36 36 36 36 37 37 37 37 37 37 37 37 37 37 38 37 37 37 37 38 37 38 38 38 38 39 38 38 38 39 39 39 39 39 39 39 39 39 39 39 39 39 39 39 39 39 39 39 39 39 39 40 39 40 40 40 40 40 40 40 40 40 40 40 40 40 40 40 40 40 41 41 41 41 41 41 41 42 42 42 42 41 42 42 42 42 42 42 42 43 43 43 43 43 43 43 43 43 43 43 42 43 43 43 43 43 43 43 43 43 43 43 43 43 43 43 43 43 43 43 45 45 45 45 46 46 46 46 46 46 46 46 46 46 46 46 46 46 46 46 46 46 46 46 46 47 47 47 47 47 47 47 48 48 48 48 48 48 48 48 49 48 48 48 49 49 49 50 50 50 50 50 50 51 51 51 51 51 51 51 51 51 52 51 52 52 52 51 52 52 52 52 52 52 52 52 52 52 52 52 52 51 51 51 51 51 50 51 51 51 51 51 51 52 52 52 52 52 52 52 52 52 52 52 52 52 52 53 53 53 53 53 53 53 53 53 53 53 53 53 53 53 54 54 53 54 54 54 54 54 54 54 54 54 54 55 55 55 55 23 25 25 26 26 27 28 28 27 26 26 26 25 24 27 28 28 28 28 28 28 28 29 29 29 29 29 30 30 29 29 29 30 30 30 31 31 30 30 31 31 31 32 32 32 32 32 32 32 32 33 33 33 32 32 33 33 33 33 34 34 33 33 33 33 33 33 34 34 34 35 34 34 34 35 34 35 35 35 35 35 35 35 35 35 35 35 35 35 36 36 35 35 36 36 37 37 36 36 36 36 36 36 36 37 37 37 37 37 37 37 37 37 37 38 37 37 37 37 38 37 38 38 38 38 39 39 39 39 39 39 39 39 39 39 39 39 39 39 39 39 39 39 39 39 39 39 39 39 39 39 39 40 40 40 40 40 40 40 40 40 40 40 40 40 40 40 40 40 40 41 41 41 41 41 41 41 41 42 42 42 42 41 42 42 42 42 43 43 43 43 43 43 43 43 43 43 43 43 43 43 42 42 43 43 43 43 43 43 43 43 43 43 43 43 43 43 44 44 44 45 45 45 45 46 46 46 46 46 46 46 46 46 46 46 46 46 46 46 46 46 46 46 46 47 47 47 46 46 47 47 47 47 48 48 48 48 48 49 48 48 48 48 48 48 49 49 49 50 50 50 50 50 50 50 51 51 51 51 51 51 51 51 51 51 51 52 51 51 51 51 52 52 52 52 52 52 51 51 51 51 51 51 51 51 50 51 51 51 51 51 51 51 52 52 52 52 52 52 52 52 53 53 52 52 52 52 53 53 53 53 53 53 53 53 53 53 53 53 53 53 54 54 54 54 54 54 54 54 54 54 54 54 54 54 55 55 55 55 55 25 25 26 26 27 27 27 27 27 27 26 25 25 25 25 25 28 28 28 28 28 28 28 29 29 29 29 29 29 30 30 30 29 29 30 31 31 31 31 31 31 32 32 32 32 32 32 32 32 32 32 32 32 32 32 32 32 32 33 33 33 33 34 34 34 34 33 33 33 34 34 34 34 34 34 35 34 35 35 35 35 35 35 35 36 36 36 36 35 35 35 35 35 35 35 36 36 36 37 37 37 36 36 37 36 37 37 37 37 37 37 37 37 37 37 38 38 38 38 37 37 37 38 38 38 38 38 38 39 39 38 39 39 39 39 39 39 39 39 39 39 39 39 39 39 39 39 39 39 39 39 39 40 40 40 40 40 40 40 40 40 40 40 40 40 40 40 40 40 40 40 40 41 41 41 41 41 41 42 42 42 42 42 42 42 42 42 42 42 42 43 43 43 43 43 43 43 43 43 42 42 42 42 42 42 43 43 43 43 43 43 43 43 43 43 43 43 44 43 43 44 44 45 45 46 45 45 46 46 46 46 46 46 46 46 46 46 46 46 46 46 46 46 46 46 47 47 47 47 46 47 47 47 47 48 48 48 48 47 48 48 48 48 48 48 48 49 49 49 49 50 50 50 51 51 50 50 50 51 51 51 51 51 51 51 51 52 52 51 51 51 51 51 52 51 51 52 52 52 52 51 51 51 51 51 50 50 51 51 51 51 51 51 51 51 51 52 52 52 52 52 52 52 52 53 53 53 53 53 53 53 53 53 53 53 53 53 53 53 53 53 53 53 53 54 54 54 54 54 54 54 54 54 54 54 54 54 54 55 55 55 24 26 26 26 27 27 27 28 28 27 26 26 25 27 27 27 27 27 27 27 26 26 26 26 27 27 26 26 26 27 27 27 27 28 28 28 29 29 29 28 28 29 28 29 29 29 29 30 30 30 29 30 30 31 31 31 31 31 31 31 32 32 32 32 32 32 32 32 32 32 32 32 32 32 33 33 33 33 33 33 33 34 34 34 34 34 34 33 34 34 34 35 34 35 35 35 35 35 35 35 35 35 36 36 36 36 36 36 36 35 35 35 35 36 36 36 37 36 37 37 37 37 36 37 37 37 37 37 37 37 37 37 38 38 38 38 38 38 38 38 38 38 38 38 38 38 38 38 38 39 39 39 40 39 39 39 39 39 39 39 39 39 39 39 39 39 39 39 40 40 40 40 40 40 40 40 40 40 40 40 40 40 40 40 40 41 40 41 41 41 42 41 41 41 41 41 42 42 42 42 42 42 42 42 42 42 42 42 42 42 43 43 43 43 43 43 43 43 42 43 43 43 43 42 43 43 43 43 43 43 43 43 43 43 43 43 44 44 44 44 45 46 46 45 45 45 45 46 46 46 46 46 46 46 46 46 46 46 46 46 46 46 46 46 46 46 47 47 47 47 47 47 48 47 48 47 48 47 47 47 47 48 48 48 49 49 49 49 50 50 50 50 50 50 50 50 50 51 51 51 51 51 51 51 52 51 51 51 51 51 52 51 51 51 51 51 51 51 51 51 50 51 51 50 50 51 51 51 51 51 51 51 51 52 52 52 52 52 52 52 52 52 52 53 53 53 53 53 53 53 53 53 53 53 53 53 53 53 53 53 53 53 53 54 54 54 54 54 54 54 54 54 54 54 55 55 55 55 55 26 27 27 27 27 28 27 27 26 26 26 26 27 28 28 28 28 28 28 28 27 28 28 28 28 27 27 27 27 28 28 28 29 28 29 29 29 29 28 28 28 29 29 29 30 30 30 30 30 30 30 30 31 30 31 31 31 31 32 32 33 33 33 33 33 32 32 33 33 32 32 33 33 33 33 33 33 33 33 34 34 34 34 34 34 34 34 34 35 35 34 35 35 35 35 35 35 35 35 36 36 36 36 36 36 36 36 36 36 36 36 35 36 36 36 36 37 37 37 37 37 37 37 37 37 37 37 38 37 38 38 38 38 38 38 38 38 38 38 38 38 38 38 38 39 38 38 39 39 39 39 40 40 40 39 39 39 39 40 39 39 39 39 39 39 39 40 40 40 40 40 40 40 40 40 40 40 40 40 40 40 40 40 41 40 41 41 41 42 42 42 42 41 41 42 42 42 42 42 42 42 42 42 42 42 42 42 42 42 43 43 43 43 43 43 43 43 43 43 43 43 43 43 43 43 43 43 43 43 43 43 43 43 43 44 44 44 44 45 45 45 45 45 45 45 45 45 46 46 46 46 46 46 46 46 46 46 46 46 46 46 46 47 47 47 47 47 47 47 48 47 47 47 48 48 48 48 48 48 48 48 48 48 49 49 49 50 50 50 50 50 50 50 50 51 51 51 51 51 51 51 51 51 51 50 50 51 51 51 51 51 50 51 51 52 52 51 51 51 50 50 50 50 51 51 51 51 51 51 51 51 51 52 52 52 52 52 52 52 52 52 52 53 53 53 52 53 53 53 53 53 53 53 53 53 53 53 53 53 53 54 54 54 54 54 54 54 54 54 54 54 54 55 55 55 55 55 26 27 27 28 28 27 27 26 26 26 26 27 28 29 29 29 29 29 29 29 29 29 29 29 29 29 28 28 28 28 29 29 28 29 29 30 30 29 29 29 29 29 29 29 30 30 30 30 30 30 30 30 30 31 31 31 31 32 32 33 33 33 33 33 33 32 33 33 33 33 33 33 33 33 33 33 33 34 34 34 34 34 34 34 34 33 34 34 34 35 35 35 35 35 35 35 35 36 36 36 36 36 36 36 36 36 36 37 36 36 36 36 36 36 36 37 37 37 37 37 37 37 37 37 37 37 37 37 38 38 38 38 38 38 38 38 38 38 38 38 38 39 39 39 38 39 39 39 39 39 40 39 40 40 39 39 40 40 39 39 39 39 39 39 40 40 40 40 40 40 40 40 40 40 40 40 40 40 40 40 40 40 41 41 41 41 41 42 42 42 41 41 41 42 42 42 43 42 43 43 42 42 42 42 42 42 42 43 43 43 43 43 43 43 43 43 43 43 43 43 43 43 43 43 43 43 43 43 43 43 43 43 43 43 43 44 44 45 45 45 45 45 45 45 45 45 46 46 46 46 46 46 46 46 46 46 46 46 46 46 47 47 47 47 47 47 47 47 47 47 47 48 48 48 49 48 49 48 48 49 48 49 49 49 49 49 50 50 50 50 50 50 50 51 51 51 51 51 51 51 51 50 50 50 51 51 51 51 51 50 50 50 51 51 51 51 51 50 50 50 50 50 51 51 51 51 51 51 51 51 51 52 52 52 52 52 52 52 52 52 52 53 53 53 52 52 53 53 53 53 53 53 53 53 53 53 53 53 54 54 54 54 54 54 54 54 54 54 54 54 54 55 55 55 55 55 26 27 28 29 29 28 27 27 27 27 27 28 29 30 30 30 30 30 30 30 30 30 30 30 30 30 30 29 29 29 28 29 29 29 30 30 29 29 29 29 29 29 30 30 30 30 30 30 30 30 31 31 31 31 31 31 31 32 32 33 33 33 33 32 32 32 33 33 33 33 33 33 33 33 33 33 34 34 34 34 34 34 34 34 34 34 34 35 35 35 35 35 35 35 35 36 36 35 35 36 36 36 36 36 36 36 36 36 36 36 36 36 36 36 37 37 37 37 37 37 37 37 37 37 37 37 38 38 38 38 38 38 38 38 38 38 38 38 39 39 39 39 39 39 39 39 39 39 39 39 39 39 40 40 40 40 40 40 40 39 39 39 40 40 40 40 40 40 40 40 40 40 40 40 40 40 40 40 40 40 40 40 41 41 41 41 42 42 42 41 42 41 41 42 42 42 42 42 43 43 42 42 42 42 42 43 43 43 43 43 43 43 43 43 43 43 43 43 43 43 43 43 43 43 43 43 43 43 43 43 43 43 43 44 44 44 45 45 45 46 46 46 45 45 45 46 46 46 46 46 46 46 46 46 46 46 46 46 47 47 47 47 47 47 47 47 47 47 47 47 47 48 48 48 49 48 49 49 49 49 49 49 49 49 49 49 50 50 50 50 50 50 51 51 51 51 51 51 51 50 50 50 50 51 51 51 51 51 50 50 50 51 51 51 51 50 51 50 50 50 51 51 51 51 51 51 51 51 51 51 51 52 52 52 52 52 52 52 52 52 52 52 52 52 52 52 52 52 53 53 53 53 53 53 53 53 54 54 54 54 54 54 54 54 54 54 54 54 54 55 55 55 55 28 29 29 29 29 28 28 28 28 29 29 30 30 30 30 30 30 31 31 30 30 31 31 30 30 30 29 29 29 29 29 29 29 30 30 29 29 30 30 30 29 29 30 30 30 31 30 30 30 31 31 31 31 31 32 32 32 33 33 33 33 33 33 33 33 33 33 33 33 33 33 33 33 33 33 34 34 34 34 34 34 34 34 34 34 34 35 35 35 35 35 35 35 35 36 36 36 35 35 36 36 35 36 36 37 36 37 37 36 36 36 36 36 37 37 37 37 37 37 37 37 37 37 37 38 38 38 38 38 38 38 38 38 38 38 38 39 39 39 39 39 39 39 39 39 39 39 39 39 39 39 40 40 40 40 40 40 40 40 40 40 40 40 40 40 40 40 40 40 40 40 40 40 40 40 40 40 40 40 40 40 41 41 41 41 42 42 42 42 42 42 42 42 42 42 42 43 43 43 42 42 42 42 43 43 43 43 43 43 43 43 43 43 43 43 43 43 43 43 43 43 43 43 43 43 43 43 43 43 43 43 44 44 44 43 45 45 46 46 46 46 45 45 45 46 46 46 46 46 46 46 46 46 46 46 47 47 47 47 47 47 47 47 47 47 47 47 47 47 47 48 48 48 48 48 49 48 48 49 49 49 49 49 49 50 50 50 50 50 50 50 50 51 51 50 50 50 50 50 50 51 51 51 51 51 51 50 50 50 50 50 51 50 50 50 50 50 50 50 51 51 51 51 51 51 51 51 51 51 51 52 52 52 52 52 52 52 52 52 52 52 52 53 53 52 52 52 52 52 52 53 53 53 53 53 53 53 54 54 54 54 54 54 54 54 54 54 54 55 55 55 55 30 30 29 29 29 29 29 29 29 29 30 30 30 30 30 31 31 31 31 31 31 31 31 31 30 30 30 30 31 31 30 31 31 30 29 29 29 30 30 30 30 30 30 31 32 31 31 31 32 32 32 32 32 32 32 33 33 33 33 33 33 33 33 33 33 33 33 33 33 34 33 34 34 33 33 34 34 34 35 35 34 34 34 34 35 35 35 35 36 35 35 35 36 36 36 36 36 35 35 35 35 36 37 36 36 37 37 37 35 35 36 36 36 37 37 37 37 37 37 37 37 38 38 38 38 38 38 38 38 38 38 38 38 38 38 38 39 39 39 39 39 39 39 39 39 39 39 39 39 39 39 39 39 39 39 40 40 40 40 40 40 40 40 40 40 40 40 40 40 40 40 40 40 40 40 40 40 40 40 40 40 41 41 41 42 42 42 42 42 42 42 42 42 42 42 43 43 43 43 42 42 42 42 43 43 43 43 43 43 43 43 43 43 43 43 43 43 43 43 43 43 43 43 43 43 43 43 43 44 44 44 44 44 43 45 46 46 46 46 46 46 45 45 46 46 46 46 46 46 46 46 46 46 46 47 47 47 47 47 47 47 47 47 47 47 47 47 47 47 47 48 48 48 48 48 48 49 49 49 49 49 49 49 50 50 50 50 50 50 51 51 51 51 51 50 50 49 50 50 51 51 51 51 50 50 51 51 50 51 51 50 51 50 50 50 50 50 50 51 51 51 51 51 51 51 51 51 51 51 51 51 52 52 52 52 52 52 53 52 52 52 53 53 52 52 52 52 52 52 53 53 53 53 53 53 53 53 53 54 54 54 54 54 54 54 54 54 55 55 55 55 30 30 29 29 30 30 30 29 29 29 30 30 30 30 30 31 31 31 31 32 32 32 31 32 31 31 31 31 32 32 32 32 32 32 31 30 29 30 31 31 32 32 32 32 32 32 32 33 33 33 33 33 33 32 32 32 32 33 33 33 33 34 34 34 34 33 33 34 34 34 34 34 34 34 34 34 34 34 35 35 35 35 35 35 35 35 35 35 36 36 36 36 36 36 36 36 36 36 35 35 35 36 36 36 35 35 35 35 36 36 36 36 36 36 37 37 37 37 37 37 37 38 38 38 38 38 38 38 38 38 38 38 38 38 39 39 39 39 39 39 39 39 39 39 39 39 39 39 39 40 39 40 40 39 39 39 40 40 40 40 40 40 40 40 40 40 40 40 40 40 40 40 40 40 40 40 40 40 40 40 40 41 41 41 42 42 42 42 42 42 42 43 42 42 42 43 43 43 43 42 42 42 42 42 43 43 43 43 43 43 43 43 43 43 43 43 43 43 43 43 43 43 44 44 44 44 44 44 44 44 44 44 44 43 45 45 45 46 46 46 45 45 45 46 46 46 46 46 46 46 46 46 46 46 46 47 47 47 47 47 47 47 47 47 47 47 47 47 47 48 48 48 48 49 48 48 48 49 49 49 48 48 49 49 50 50 50 50 50 50 51 51 51 51 50 50 49 49 50 50 51 50 50 50 50 50 50 51 50 51 50 50 50 50 50 50 50 50 51 51 51 51 51 51 51 51 51 51 51 51 51 52 52 52 52 53 53 53 52 52 53 53 52 52 52 52 52 53 52 53 53 53 53 53 53 53 53 53 54 54 54 54 54 54 54 54 54 55 55 55 55 29 29 29 29 29 30 30 30 30 29 30 30 30 31 31 32 31 32 32 32 32 32 32 32 31 32 32 32 32 32 32 32 32 31 31 31 31 32 32 32 33 33 33 33 33 33 33 33 33 33 33 33 33 33 33 32 33 33 33 33 34 34 34 34 34 34 34 34 34 34 34 34 34 34 34 34 34 34 35 35 35 35 35 35 35 36 36 36 36 36 36 36 36 36 36 36 35 35 35 35 35 35 36 36 36 35 36 37 38 38 37 36 36 36 37 37 37 37 37 37 37 38 38 38 38 38 38 38 38 38 38 39 39 39 39 39 39 39 39 39 39 39 39 39 39 39 40 40 40 40 40 40 40 40 40 40 40 40 40 40 40 40 40 40 40 40 40 40 40 40 40 40 40 40 40 40 40 40 40 41 41 41 41 42 42 42 42 42 42 43 43 42 42 42 43 43 43 43 43 43 42 42 42 42 43 43 43 43 43 43 43 43 43 43 43 43 43 43 43 43 43 43 44 44 44 44 44 44 44 44 44 43 44 45 46 45 46 46 46 45 45 45 46 46 46 46 46 46 47 46 46 46 47 47 47 47 47 47 47 47 47 47 47 47 47 47 47 47 48 48 48 48 48 48 48 48 49 49 49 48 48 48 49 49 50 50 50 50 50 51 51 51 51 51 51 50 49 49 50 50 50 49 50 50 50 50 50 50 50 50 50 50 50 50 50 50 50 51 51 51 51 51 51 51 51 51 51 51 52 52 52 52 52 52 52 52 53 53 53 53 53 53 53 52 52 52 53 53 52 52 53 53 53 53 53 53 53 54 54 54 54 54 54 54 54 54 55 55 55 55 30 29 29 29 30 30 30 30 30 30 30 30 30 31 31 32 32 32 32 32 32 32 32 32 32 32 33 33 33 33 33 33 32 32 32 32 32 32 32 33 33 33 33 33 33 33 33 33 33 33 33 33 33 33 33 33 33 34 34 33 33 34 34 34 34 34 34 34 34 34 34 34 34 34 34 34 34 35 35 35 35 35 35 36 36 36 36 36 36 36 37 37 37 37 36 36 35 36 36 36 36 37 37 37 36 36 37 37 37 37 37 37 37 37 37 37 37 38 38 37 37 38 38 38 38 38 38 38 39 39 39 39 39 39 39 39 39 39 39 39 39 39 39 39 40 40 40 40 40 40 40 40 40 40 40 40 40 40 40 40 40 40 40 40 40 40 40 40 40 40 40 40 40 40 40 40 40 40 40 41 41 41 42 42 42 42 42 43 43 42 42 43 43 43 43 43 43 43 42 42 42 42 42 43 43 43 43 43 43 43 43 43 43 43 43 43 43 44 44 44 44 43 43 44 44 44 44 44 43 43 44 44 45 45 46 46 46 46 46 45 45 46 46 46 46 47 47 47 46 46 46 47 47 47 47 47 47 47 47 47 47 47 47 47 48 48 48 48 48 47 47 48 48 48 48 48 49 48 48 48 49 49 49 49 49 49 50 50 50 50 51 51 51 51 51 50 50 49 50 50 50 49 50 50 50 50 50 50 50 50 50 50 50 50 50 51 51 51 51 51 51 51 51 51 51 51 51 52 52 52 52 52 52 52 52 53 53 53 53 53 52 52 52 52 53 53 53 53 53 53 53 53 53 53 54 54 54 54 54 54 54 54 54 54 54 55 55 55 55 30 29 30 30 30 30 30 30 30 30 30 30 31 32 32 32 33 33 32 32 32 32 32 33 33 33 33 33 33 33 33 32 33 33 32 32 32 32 33 33 33 33 33 33 33 33 33 34 34 33 33 33 33 33 33 33 33 34 33 33 33 34 34 34 34 34 34 34 34 34 34 34 34 34 34 34 35 35 35 35 35 35 35 36 36 36 36 36 36 36 37 36 36 36 35 36 37 37 37 37 37 37 37 37 36 36 37 37 37 37 38 37 38 37 37 37 38 37 37 38 38 38 38 38 38 38 39 39 39 39 39 39 39 39 39 39 39 39 39 39 39 40 40 40 40 40 40 40 40 40 40 40 40 40 40 40 40 41 41 41 40 40 40 40 40 40 40 40 40 40 40 40 40 40 41 41 40 40 41 41 41 42 42 42 42 42 43 43 43 42 43 43 43 43 43 43 43 43 43 43 43 43 43 43 43 43 43 43 43 43 43 43 43 43 44 43 43 44 43 43 43 43 43 44 43 43 44 44 43 44 44 46 46 46 46 46 46 45 45 45 46 46 46 46 47 47 47 47 46 46 47 47 47 47 47 47 47 47 47 47 47 48 48 48 48 48 48 48 47 47 47 48 48 48 49 48 48 48 48 49 49 49 49 50 49 49 50 50 50 50 50 51 51 51 50 50 50 49 49 49 50 49 49 50 50 50 50 50 50 50 50 50 50 51 51 51 51 51 51 51 51 51 51 51 52 51 52 52 52 52 52 52 52 52 53 53 53 53 53 53 53 53 53 53 53 53 53 53 53 53 53 53 54 53 53 53 53 54 54 54 54 54 54 55 55 55 55 55 29 29 30 30 30 30 30 30 30 31 31 31 32 32 32 32 32 32 32 32 32 33 33 33 33 33 32 33 33 33 32 32 32 32 32 33 33 33 33 32 32 32 33 33 33 33 34 34 34 34 34 34 34 34 33 33 33 33 33 33 34 33 34 34 34 35 34 34 34 34 34 35 34 34 35 35 35 35 35 35 35 36 36 36 36 36 36 36 36 36 36 36 36 36 36 36 36 36 36 37 37 37 37 37 37 37 37 37 37 38 38 38 38 38 37 37 38 38 38 38 38 38 38 38 38 38 39 39 39 39 39 39 39 39 39 39 39 40 40 40 40 40 40 40 40 40 40 40 40 40 40 40 40 40 40 40 41 41 41 41 41 41 41 41 41 41 40 40 40 40 40 40 40 41 41 40 40 41 41 41 42 42 42 42 43 43 43 43 43 43 43 43 43 43 43 43 43 43 43 43 43 43 43 44 44 43 43 43 43 43 43 43 43 44 44 44 44 43 44 44 44 44 44 43 43 44 43 44 44 44 46 46 46 46 45 45 45 45 45 46 46 46 46 47 47 47 47 47 47 47 47 47 47 47 47 47 47 47 47 47 47 48 48 48 48 48 48 48 48 48 48 48 48 48 49 48 49 49 49 49 49 50 50 50 49 49 50 50 50 50 50 51 50 51 50 50 50 50 50 49 49 49 49 50 50 50 50 50 50 50 50 50 50 51 51 51 51 51 51 51 51 52 52 51 51 52 52 52 52 52 52 52 52 53 53 53 53 53 53 53 53 53 53 53 53 53 53 53 53 53 53 53 53 54 53 53 54 54 54 54 54 54 55 55 55 55 30 31 31 31 31 31 31 31 30 31 31 31 32 33 33 33 32 32 33 32 32 32 32 32 32 32 33 33 33 32 32 32 32 32 33 33 32 32 32 32 32 33 33 33 33 34 33 34 34 34 34 34 34 34 34 33 33 33 33 33 33 33 34 34 34 34 34 35 35 35 35 35 35 35 35 35 35 35 35 36 36 36 36 36 36 36 36 36 36 36 36 36 36 36 36 36 36 36 36 36 37 37 37 37 37 37 37 37 37 38 38 38 38 38 38 38 38 38 38 38 38 38 38 38 38 39 39 39 39 39 39 39 39 40 40 40 40 40 40 40 40 40 40 40 40 40 40 40 40 40 40 40 40 40 40 40 41 41 41 41 41 42 41 41 40 40 40 40 40 40 41 41 41 41 41 40 41 41 41 42 43 43 43 43 43 43 43 44 43 43 43 43 43 43 43 44 43 43 43 43 43 43 43 43 43 43 43 43 43 43 43 44 44 43 44 44 44 44 44 44 44 44 43 44 44 43 44 44 44 46 46 46 46 45 45 45 46 45 46 46 46 46 47 47 47 47 47 47 47 47 47 47 47 47 47 47 47 47 47 47 47 48 47 47 47 47 47 47 47 47 48 48 48 48 48 49 49 49 49 49 49 50 50 49 49 50 50 50 50 50 50 50 50 51 51 50 50 50 50 49 49 49 49 50 50 50 50 50 50 50 51 51 51 51 51 51 51 51 51 51 52 52 52 52 52 52 52 52 52 52 52 53 53 53 53 52 53 53 53 53 53 53 53 53 53 53 53 53 53 53 53 53 53 53 53 54 54 54 54 54 54 55 55 55 55 31 31 31 31 31 31 31 31 31 31 31 32 33 33 33 33 33 33 33 33 33 32 32 32 33 33 33 33 32 33 33 33 33 33 33 33 33 32 32 33 33 33 33 33 33 33 33 34 34 34 34 34 34 34 34 33 33 33 33 33 33 34 34 34 34 34 34 35 35 35 35 35 35 35 35 35 35 36 36 36 36 36 36 36 36 36 36 36 36 36 37 37 37 36 36 36 36 36 36 37 37 37 37 37 38 38 37 38 38 38 38 39 38 38 38 38 38 38 38 38 38 38 38 38 39 39 39 39 39 39 39 39 40 40 40 40 40 40 40 40 40 40 40 40 40 40 40 40 40 40 40 40 41 41 41 41 41 41 41 42 41 41 41 41 40 40 40 40 40 40 41 41 41 41 41 41 41 41 42 43 42 42 43 43 42 43 43 43 43 43 43 43 43 43 44 44 44 44 44 44 43 43 44 43 43 43 43 43 43 43 43 44 44 43 44 44 44 44 43 43 43 44 43 43 44 44 44 44 46 46 46 46 46 46 46 46 46 46 46 46 47 47 47 47 47 47 47 47 47 47 47 47 47 47 47 47 47 47 47 47 47 47 48 47 47 47 47 47 47 47 48 48 48 48 48 48 48 48 49 49 49 49 49 49 50 50 50 50 50 50 50 50 50 50 50 50 50 50 50 49 49 49 50 50 50 50 50 50 50 51 51 51 51 51 51 51 51 51 51 51 52 52 52 52 52 52 52 52 53 53 53 53 53 53 53 53 53 53 53 53 53 53 53 53 53 53 53 53 53 53 53 53 53 53 53 53 54 54 54 54 54 54 55 55 31 31 31 31 31 31 31 32 32 32 32 33 33 33 32 33 33 33 33 33 33 33 33 33 33 33 33 33 33 33 33 33 33 34 34 33 33 33 33 33 33 33 33 33 34 33 33 33 33 34 34 34 34 34 34 34 34 34 34 33 33 34 34 33 34 34 34 35 35 35 35 35 35 35 35 35 36 36 36 36 36 36 36 36 36 36 37 37 37 37 37 37 37 36 36 36 36 37 37 37 37 37 38 38 38 38 38 38 38 38 38 38 38 38 38 38 38 38 38 38 38 38 39 39 39 39 39 39 39 39 39 40 40 40 40 40 40 40 40 40 40 40 40 40 40 40 41 41 40 40 40 40 41 41 41 41 41 41 42 42 41 41 41 41 40 40 40 40 40 41 41 41 41 41 41 41 41 42 42 43 42 42 43 42 42 43 43 43 43 43 43 43 44 44 44 44 44 44 44 44 43 43 43 43 43 43 43 43 43 43 43 44 44 44 44 44 43 43 43 44 43 44 44 44 44 44 44 46 47 46 46 46 46 46 46 46 46 46 46 47 47 47 47 47 47 47 47 47 47 47 47 47 47 47 47 47 47 47 47 47 47 48 48 48 47 47 47 48 48 48 48 48 48 48 48 48 48 48 49 49 49 49 49 49 49 49 50 50 50 50 50 50 50 50 50 50 50 50 50 50 50 50 50 50 50 50 50 50 51 51 51 51 51 51 51 51 51 51 51 51 51 52 52 52 52 52 52 53 53 53 53 53 53 53 53 53 53 53 53 53 53 53 53 53 53 53 53 53 53 53 53 53 53 53 53 54 54 54 54 54 54 54 31 32 32 31 31 31 31 32 32 32 33 33 33 33 33 33 32 33 33 33 33 33 33 33 33 34 33 33 33 33 34 34 34 34 34 33 33 33 33 33 33 34 34 34 34 33 34 34 34 34 35 35 35 35 35 35 34 34 34 33 34 34 34 34 34 34 35 35 35 35 35 35 35 36 36 36 36 36 36 36 36 37 37 37 37 37 37 37 37 37 37 37 37 36 36 37 37 37 37 37 37 37 37 37 38 38 38 38 38 38 38 39 39 38 38 39 39 38 38 38 38 39 39 39 39 39 39 39 39 39 40 40 40 40 40 40 40 40 40 40 40 40 41 41 41 41 41 41 41 41 41 41 41 41 41 41 41 42 42 42 42 41 41 40 40 40 40 40 40 41 41 41 41 41 41 41 42 42 43 43 42 42 42 43 43 43 44 44 43 43 44 44 44 44 44 44 44 43 44 44 44 43 43 43 43 43 43 43 43 43 43 44 44 43 43 43 44 44 44 44 43 44 44 44 44 45 47 47 46 46 46 45 45 46 46 46 46 46 47 47 47 47 47 47 47 47 47 47 47 47 47 47 47 47 47 48 48 48 48 48 48 48 48 48 48 48 48 48 48 49 49 49 49 48 48 49 49 49 49 49 49 49 49 49 49 49 50 50 50 50 50 50 50 50 50 50 50 50 50 50 50 50 50 50 51 51 51 51 51 51 51 51 51 51 51 51 51 51 52 52 52 52 52 52 52 52 53 53 52 52 53 53 53 53 53 53 53 53 53 53 53 53 53 53 53 53 53 54 53 53 53 53 53 53 53 54 54 54 54 55 55 31 31 31 31 32 32 32 32 33 33 33 33 33 32 33 33 32 32 33 32 33 33 33 33 33 33 33 33 33 33 34 34 34 34 34 34 34 34 34 34 34 34 34 34 34 34 35 35 35 35 35 35 35 35 35 35 34 34 34 34 34 35 35 34 34 34 35 36 36 36 36 36 36 36 36 36 36 36 36 37 37 37 37 37 37 37 37 37 37 37 37 37 37 36 37 37 37 37 37 37 37 37 37 38 38 38 38 38 38 38 39 39 39 39 39 39 39 38 38 38 39 39 39 39 39 39 39 40 40 40 40 40 40 40 40 40 40 40 40 41 41 41 41 41 41 41 41 41 41 41 41 41 41 41 41 41 41 42 42 41 41 41 40 40 40 40 40 41 41 41 41 41 41 41 41 42 43 43 43 42 42 43 43 43 43 44 44 44 44 44 44 44 44 44 44 44 44 43 43 44 44 44 44 43 43 43 43 43 43 44 44 44 44 44 44 44 44 44 44 44 44 44 44 44 45 47 47 46 46 46 46 46 46 46 46 46 46 47 47 47 47 47 47 47 47 47 47 47 47 47 47 47 48 48 48 48 48 48 48 48 48 48 48 48 48 48 48 48 48 49 49 49 49 49 49 49 49 49 49 49 49 49 49 49 49 49 49 50 49 50 50 50 50 50 50 50 50 50 50 50 50 50 50 51 51 51 51 51 51 51 51 51 51 51 51 51 51 51 52 52 52 52 52 52 52 52 52 52 53 53 53 53 53 53 53 53 53 53 53 53 53 53 53 53 53 53 53 53 53 53 53 53 53 54 54 54 54 54 55 32 31 31 31 31 31 32 32 32 32 32 32 32 32 32 32 32 32 33 33 34 34 34 34 34 33 33 33 33 34 34 34 34 34 34 34 34 34 34 34 34 34 34 34 34 34 34 35 35 35 35 35 36 36 35 35 35 35 35 35 35 35 35 34 34 34 34 35 35 35 36 36 36 36 36 36 36 37 37 37 37 37 37 37 37 37 37 37 37 37 37 38 38 37 37 37 37 37 37 38 37 37 37 38 38 38 38 38 38 38 38 38 39 39 39 39 39 39 39 38 38 39 39 39 39 39 40 40 40 40 40 40 40 40 40 40 40 40 41 41 41 41 41 41 41 41 41 41 41 41 41 41 41 41 41 41 41 42 42 42 41 41 41 41 41 41 40 40 41 41 41 41 41 41 41 42 42 43 43 42 43 43 43 43 43 44 44 44 44 44 44 44 44 44 44 44 44 44 43 43 44 44 44 44 43 44 44 44 44 44 44 44 44 44 44 44 44 44 44 44 44 44 45 45 45 46 46 46 45 46 46 46 46 46 46 46 47 47 47 47 47 47 47 47 47 47 47 47 47 47 47 47 48 48 48 48 48 48 48 48 48 48 48 48 48 48 48 48 48 49 49 49 49 49 49 49 49 49 49 49 49 49 49 49 49 49 49 49 49 49 49 49 49 50 50 50 50 50 50 50 50 50 50 51 51 51 50 51 51 51 51 51 51 51 51 51 52 52 52 52 52 52 52 52 52 52 52 52 52 52 52 52 53 53 53 53 53 52 52 52 53 53 53 53 53 53 53 53 53 53 53 53 54 54 54 54 54 55 31 31 31 30 31 31 31 31 32 32 32 32 32 32 32 32 32 33 34 34 34 34 35 34 33 33 33 33 34 34 34 34 34 35 34 34 34 34 35 35 35 34 34 34 35 35 35 35 35 35 36 36 36 36 36 36 36 36 35 35 36 36 35 35 35 34 35 35 35 36 36 36 36 36 36 36 37 37 37 37 37 37 37 37 37 37 37 37 37 37 37 38 38 38 37 37 37 37 37 37 37 38 38 38 38 38 38 38 38 38 38 38 39 39 40 39 39 39 39 39 39 39 39 39 40 40 40 40 40 40 40 40 40 40 40 40 41 41 41 41 41 41 41 41 41 41 41 41 41 41 41 41 41 41 41 41 42 42 42 42 42 41 41 41 41 41 41 41 41 41 41 41 41 41 42 43 43 43 42 43 43 43 43 43 44 44 44 43 43 44 44 44 44 43 43 43 43 43 43 43 44 44 44 44 44 44 44 44 44 44 44 44 44 44 44 44 44 44 44 44 44 45 45 45 47 47 46 46 46 46 46 46 46 46 46 47 47 47 47 47 47 47 47 47 47 47 47 47 47 47 47 47 48 47 47 48 48 48 48 48 48 48 48 48 48 48 48 48 48 49 49 49 49 49 49 49 49 49 49 49 49 49 49 49 49 49 49 49 49 49 49 50 50 50 50 50 49 49 49 50 50 50 50 50 51 51 50 51 51 51 51 51 51 51 51 52 52 52 52 52 51 51 52 52 52 52 52 52 52 52 52 52 53 53 53 53 52 52 53 53 53 53 53 53 53 53 53 53 53 53 53 53 54 54 54 54 55 32 31 31 31 31 31 31 31 32 32 32 32 32 32 32 32 33 33 34 33 34 34 35 34 34 34 34 34 34 34 34 34 35 34 34 34 34 35 35 35 35 35 35 35 35 35 35 35 36 36 36 36 36 36 36 36 36 36 36 36 36 36 36 36 35 35 35 35 35 36 36 36 37 36 36 37 36 37 37 37 37 37 37 37 37 37 37 38 37 37 38 38 38 37 37 38 37 37 37 38 38 38 38 38 38 38 38 38 38 38 38 39 39 39 40 40 39 40 39 39 39 39 39 40 40 40 40 40 40 40 40 40 40 40 40 41 41 41 41 41 41 41 41 41 41 41 41 41 41 41 41 41 41 41 42 42 42 42 42 42 42 41 41 41 41 41 41 41 41 41 42 42 41 42 43 43 42 43 43 43 43 43 43 44 44 44 43 43 43 43 43 44 44 44 44 43 43 43 43 43 44 44 44 44 44 44 44 44 44 44 44 44 44 44 44 44 44 44 45 45 45 45 45 47 46 46 46 46 46 46 46 46 46 46 47 47 47 47 47 47 47 47 47 47 47 47 47 47 47 47 47 47 47 47 48 48 48 48 48 48 48 48 48 48 48 48 48 48 48 48 49 49 49 49 49 49 49 49 49 49 49 49 49 49 49 49 49 49 49 49 50 50 50 49 49 49 49 49 50 49 50 50 50 50 50 50 50 50 51 51 51 51 51 51 51 51 52 52 52 52 52 52 52 52 52 52 52 52 52 52 52 52 52 52 52 53 53 52 53 53 53 53 53 53 53 53 53 53 53 53 53 53 54 54 54 54 32 32 31 31 32 33 33 32 32 32 32 32 32 33 33 33 33 34 34 34 34 34 34 34 34 34 34 34 34 34 34 34 34 34 35 35 35 35 35 35 35 35 35 35 35 36 36 36 36 36 36 36 36 36 36 36 36 36 36 36 36 35 35 35 35 36 36 37 37 37 36 37 37 37 37 37 37 37 37 37 37 37 37 37 38 38 38 38 38 38 38 38 38 39 38 37 38 38 38 38 38 38 38 38 39 39 38 38 39 39 39 40 40 40 40 39 39 39 39 39 40 40 40 40 40 40 40 40 40 40 40 41 41 41 41 41 41 41 41 41 41 41 41 41 41 41 41 41 41 41 41 42 42 42 42 42 42 42 42 41 41 41 41 41 41 41 41 42 42 42 43 43 43 43 43 43 43 43 43 43 43 44 44 44 43 43 44 44 44 44 44 44 44 44 44 44 44 44 44 44 44 44 44 44 44 44 44 44 44 44 44 44 44 45 45 45 45 45 45 45 47 46 46 46 46 46 46 46 46 46 46 47 47 47 47 47 47 47 47 47 47 47 47 47 47 47 47 47 47 47 48 48 48 48 48 48 48 48 48 48 48 48 48 48 48 48 48 48 48 49 49 50 49 49 49 49 50 49 49 49 48 48 48 49 49 49 49 49 49 49 49 49 49 49 49 50 49 49 49 50 50 50 50 50 50 50 50 51 51 51 51 51 51 51 52 52 51 52 52 52 52 52 52 52 52 53 52 52 52 52 53 53 53 53 52 53 53 53 53 53 53 53 53 53 54 53 53 53 54 54 54 54 54 55 32 31 31 33 33 32 32 32 32 32 33 33 33 33 33 33 34 35 34 35 35 35 34 34 34 34 34 34 34 34 34 34 34 35 35 35 35 35 35 35 35 35 36 36 36 36 36 36 36 36 36 36 36 36 36 36 36 36 36 37 37 36 36 37 37 37 37 37 37 37 37 37 37 37 37 37 37 37 37 37 37 38 38 38 38 38 38 38 38 38 39 39 38 38 38 38 38 38 38 38 38 39 39 39 39 39 39 39 39 39 40 40 40 40 40 40 40 40 40 40 40 40 40 40 40 40 40 40 40 41 41 41 41 41 41 41 41 41 41 41 41 41 41 41 41 41 41 41 41 41 42 42 42 42 42 42 42 42 42 41 41 41 41 41 41 41 42 42 43 43 43 43 43 43 43 43 43 43 44 44 44 44 44 44 44 44 44 44 44 44 44 44 43 44 44 44 44 44 44 44 44 44 44 44 44 44 44 44 44 44 44 45 45 45 45 45 45 45 47 46 46 46 46 46 46 46 46 46 46 47 47 47 47 47 47 47 47 47 47 47 47 47 47 47 47 47 47 48 48 48 48 48 48 48 48 48 48 48 48 48 48 49 48 48 48 48 48 48 49 49 49 50 49 49 50 50 50 50 49 49 49 49 49 49 49 49 50 49 49 49 49 49 49 50 50 51 50 49 50 50 51 51 51 50 50 50 51 51 51 51 51 51 52 52 51 51 51 51 52 52 52 52 53 53 53 53 53 53 53 53 53 53 53 53 53 53 53 53 53 53 53 54 53 53 53 53 53 54 54 54 54 54 32 32 31 32 33 32 32 32 32 33 33 34 34 34 34 35 35 35 34 35 35 35 35 35 35 35 34 34 34 34 34 34 35 35 35 35 35 35 36 36 36 36 36 36 36 36 36 36 37 36 36 36 37 37 36 36 36 36 36 36 36 37 37 37 37 37 37 37 37 38 37 37 37 37 37 37 38 38 38 38 37 38 38 38 38 38 38 38 38 38 39 39 38 38 38 38 38 38 38 38 39 39 39 39 39 39 39 39 39 39 39 40 40 40 40 40 40 40 40 40 40 40 40 40 40 40 40 41 41 41 41 41 41 41 41 41 41 41 41 41 41 41 41 41 41 41 41 41 41 41 42 42 42 42 42 42 42 42 42 42 41 41 41 41 41 42 42 42 43 43 43 43 43 43 43 44 44 44 44 44 44 44 44 44 44 44 44 44 44 44 44 44 44 44 44 44 44 44 44 44 44 44 44 44 44 44 44 45 45 45 45 45 45 45 45 45 45 45 46 46 46 46 46 46 46 46 46 46 47 47 47 47 47 47 47 47 47 47 47 47 47 47 47 47 47 48 48 48 48 48 48 48 48 48 48 48 48 48 48 48 48 48 48 49 49 49 49 48 48 49 49 49 49 49 50 50 50 50 50 50 49 49 49 49 49 49 50 50 50 50 50 51 52 52 52 53 51 50 50 50 51 51 51 51 51 51 51 51 51 51 51 51 52 52 51 51 51 51 52 52 53 53 53 53 53 52 52 52 52 52 52 52 52 53 53 53 53 53 53 53 53 53 54 54 54 53 54 54 54 54 54 54 54 32 32 32 33 33 33 33 33 34 34 35 35 35 35 36 35 35 35 35 36 36 36 35 35 35 35 35 35 35 35 35 35 35 35 35 35 36 36 36 36 36 36 36 36 36 37 37 37 36 36 37 37 36 37 36 36 36 36 36 36 36 36 37 36 37 38 38 38 38 37 38 38 38 37 37 37 38 38 38 38 38 38 38 38 38 38 38 38 39 39 38 38 38 38 38 39 39 39 39 39 39 39 39 39 39 39 39 39 40 40 40 41 40 40 40 40 40 40 40 41 41 41 41 41 41 41 41 41 41 41 41 41 41 41 41 41 41 41 42 42 42 42 42 42 41 41 41 42 42 42 42 42 42 42 43 43 42 42 42 41 41 41 42 42 42 43 43 43 43 43 43 43 44 44 44 43 44 44 44 44 44 44 44 43 43 44 44 44 44 44 44 44 44 44 44 44 45 45 45 45 44 45 45 45 45 45 45 45 45 45 44 44 45 45 44 46 46 46 46 46 46 46 46 46 46 47 47 47 47 47 47 47 47 47 47 47 47 47 47 47 47 47 48 48 48 48 48 48 48 48 48 48 48 48 48 48 48 48 48 48 48 49 49 49 49 49 49 49 49 49 49 50 50 50 50 50 50 50 50 50 50 49 49 50 50 50 50 52 52 52 52 52 52 52 51 51 50 51 51 51 51 51 51 51 51 51 51 51 51 51 51 52 52 52 52 52 53 53 52 52 52 53 52 53 52 52 52 52 52 52 53 53 53 53 53 53 53 53 53 54 54 53 53 54 54 54 54 55 54 54 55 32 33 33 33 33 33 34 34 34 35 36 36 36 36 35 35 35 36 36 36 36 36 36 36 36 36 35 35 35 35 35 35 35 35 36 36 36 36 36 36 36 36 36 37 37 37 36 37 36 36 37 37 37 37 36 36 37 37 37 36 36 36 36 36 37 37 38 38 38 38 38 38 38 37 37 37 38 38 38 38 38 38 38 39 38 38 38 38 39 39 39 39 38 38 38 39 39 39 39 39 39 39 39 40 40 40 40 40 40 40 41 40 40 40 40 40 40 40 40 41 41 41 41 41 41 41 41 41 41 41 41 41 41 41 41 41 41 42 42 42 42 42 42 42 42 42 42 42 42 42 42 42 42 42 42 42 42 42 42 42 42 42 42 42 43 43 43 43 43 43 43 43 44 44 43 44 43 44 44 44 44 44 44 44 44 44 44 44 44 44 44 44 44 44 44 44 45 45 45 44 44 45 45 45 45 45 45 45 44 44 44 45 45 45 46 46 46 46 46 46 46 46 46 46 47 47 47 47 47 47 47 47 47 47 47 47 47 47 47 47 47 48 48 48 48 48 48 48 48 48 48 48 48 48 48 48 48 48 48 48 48 48 49 49 49 49 49 49 49 49 49 50 50 50 50 50 50 50 50 50 50 50 50 50 50 50 51 51 51 51 51 51 51 52 52 51 50 51 51 52 52 51 51 51 52 51 51 51 51 52 52 52 52 52 52 52 52 52 52 52 52 53 53 52 52 52 52 52 52 53 53 53 54 53 53 53 53 54 54 54 53 53 54 54 54 54 55 55 54 54 55 33 33 33 34 34 34 34 35 35 35 35 36 36 36 35 35 35 36 36 36 36 36 36 36 36 36 36 36 36 36 36 36 36 36 36 36 36 36 36 37 36 36 36 36 37 37 36 36 36 36 36 37 37 37 36 36 37 37 37 37 37 36 36 36 36 36 37 37 37 38 38 38 37 37 37 37 38 38 38 38 39 39 39 39 39 39 39 39 39 39 39 39 39 38 38 38 39 39 39 39 40 40 40 40 40 40 40 40 40 40 41 41 40 41 40 41 41 41 41 41 41 41 41 41 41 41 41 41 41 41 41 41 41 41 42 42 42 42 42 42 42 42 42 42 42 42 42 42 42 42 42 42 42 42 42 42 42 42 42 42 42 42 42 42 43 43 43 43 43 43 43 43 43 43 43 43 44 44 45 45 45 44 44 44 44 44 44 44 44 44 44 44 44 44 45 44 44 44 44 44 44 45 45 45 45 45 45 45 44 44 44 44 45 44 46 46 46 46 46 46 47 47 47 47 47 47 47 47 47 47 47 47 47 47 47 47 47 47 47 47 47 48 48 48 48 48 48 48 48 48 48 48 48 48 48 48 48 48 48 48 48 48 49 49 49 49 49 49 49 49 49 49 50 50 50 50 50 50 50 50 50 50 50 50 51 50 51 51 51 51 51 51 52 52 52 52 51 51 51 52 52 52 51 51 52 51 51 51 51 51 52 52 52 52 52 52 52 52 52 52 52 53 53 52 52 52 53 53 53 53 53 54 54 54 53 53 54 53 53 53 53 53 54 54 54 54 54 55 54 55 55 55 33 33 33 33 34 34 34 35 35 35 35 36 36 36 36 36 36 36 37 37 37 37 37 37 37 38 37 37 37 37 37 37 37 37 37 37 37 37 37 38 38 38 38 38 38 38 37 37 38 37 37 37 37 37 37 38 38 38 38 38 38 38 38 37 37 36 36 36 37 37 37 37 37 37 37 37 37 38 38 38 39 39 39 39 39 39 39 39 39 39 39 39 39 38 38 39 39 39 39 40 40 40 40 40 40 40 40 40 40 40 41 41 41 40 40 40 40 40 40 40 40 40 40 40 40 40 40 41 41 41 41 41 41 41 41 41 41 41 41 41 41 41 41 41 41 41 41 41 41 41 41 42 42 42 42 42 41 41 41 41 41 42 42 43 43 43 43 43 43 43 43 43 44 44 44 44 44 45 44 44 44 45 44 44 44 44 44 44 44 44 44 44 44 44 44 44 44 44 44 44 44 44 44 44 44 44 44 44 44 45 44 44 44 44 44 44 44 45 45 45 45 45 45 45 45 45 45 45 45 45 45 46 46 46 45 45 45 45 45 45 46 46 46 46 46 46 46 46 46 46 46 46 46 47 47 47 47 47 47 47 47 47 47 49 48 49 49 49 49 50 50 50 50 50 50 49 50 50 50 50 51 51 51 51 51 51 51 51 52 52 52 52 52 52 52 52 51 51 51 52 52 52 52 52 52 52 52 52 52 52 53 52 52 52 52 52 52 52 52 52 53 53 53 52 52 53 53 53 53 53 53 54 54 54 53 54 53 54 53 53 53 54 54 54 55 55 55 55 55 55 56 33 33 33 33 34 34 34 35 35 35 36 36 36 36 36 36 37 37 37 37 37 37 38 38 38 38 38 38 38 38 38 38 38 37 37 37 37 37 38 38 38 38 38 38 38 38 37 37 37 38 38 38 38 37 38 38 38 39 39 39 39 39 37 37 37 37 37 37 37 38 38 38 38 38 38 38 38 38 38 38 39 39 39 39 39 39 39 39 39 39 39 38 38 39 39 39 39 39 40 40 40 40 40 40 40 40 40 40 40 40 41 41 40 41 40 40 40 40 40 40 40 41 41 41 41 41 41 41 41 41 41 41 41 41 41 41 41 41 41 41 41 41 42 42 42 42 42 42 41 41 41 42 42 42 42 42 42 42 41 42 42 42 43 43 43 43 43 43 43 43 43 43 44 44 44 44 44 44 44 44 44 44 44 44 44 44 43 44 44 44 44 44 44 44 44 44 44 45 45 45 44 44 44 44 44 44 44 45 45 45 45 44 45 44 44 44 45 45 45 45 45 45 45 45 45 45 45 45 45 46 46 46 46 46 45 45 45 45 46 46 46 46 46 46 46 46 46 46 46 46 46 46 46 46 47 47 47 47 47 46 47 47 49 49 48 49 49 49 50 50 50 50 49 49 49 50 50 50 50 50 51 50 51 51 51 51 51 51 51 52 52 52 52 51 52 51 51 51 51 52 52 52 52 52 52 52 52 52 52 52 52 52 52 52 52 52 52 52 52 53 54 53 53 53 52 52 53 53 53 53 54 54 54 54 54 54 54 53 53 54 54 54 54 54 55 55 55 55 55 56 33 33 33 34 34 34 35 35 35 36 36 36 36 36 37 37 37 37 37 38 38 38 38 38 38 38 38 38 38 39 38 38 38 38 37 37 38 38 38 38 38 38 38 38 38 38 38 38 38 38 39 39 38 38 38 39 39 39 39 39 39 38 38 38 38 38 38 38 38 38 38 38 38 38 38 38 38 38 38 39 39 39 39 39 39 39 40 40 39 39 39 40 39 39 39 39 39 40 40 40 40 40 40 40 40 40 40 40 40 41 41 41 41 41 40 40 40 41 41 41 41 41 41 41 41 41 41 41 41 41 41 41 41 41 41 41 41 41 41 41 42 42 42 42 42 42 42 42 42 42 41 41 42 42 42 42 42 42 42 42 42 43 43 43 43 43 43 43 43 43 44 44 44 44 44 44 44 44 44 44 44 44 44 44 44 44 44 44 44 44 44 44 44 45 45 45 45 45 45 44 44 44 44 44 44 44 45 45 45 45 45 45 44 44 45 45 45 45 45 45 45 45 45 45 45 45 45 45 46 46 46 46 46 45 45 46 46 46 46 46 46 46 46 46 46 46 46 46 46 46 46 46 46 46 46 46 46 46 46 46 47 49 49 49 49 49 50 50 50 50 50 50 49 49 50 50 50 50 50 50 50 51 51 51 51 51 51 51 51 51 51 51 51 52 52 51 51 51 51 52 52 52 52 52 52 52 52 52 52 52 52 52 52 52 52 52 52 52 53 54 54 54 53 53 53 53 53 53 53 53 53 53 54 54 54 54 53 53 54 54 54 54 54 54 55 55 55 56 34 34 34 34 35 35 36 36 36 36 36 36 36 36 37 37 37 37 38 38 38 38 38 38 38 39 38 38 39 38 38 38 38 38 38 38 38 38 38 38 39 39 38 38 38 38 38 38 39 39 39 39 38 38 39 39 39 39 39 39 39 39 38 38 38 38 38 39 38 38 38 38 38 38 38 38 38 39 39 39 39 39 39 39 39 39 39 39 39 40 39 39 40 39 39 39 40 40 40 40 40 40 40 40 40 40 40 41 41 41 41 41 41 41 41 41 41 41 41 41 41 41 41 41 41 41 41 41 41 41 41 41 41 41 41 41 41 42 42 42 42 42 42 42 42 42 42 42 42 42 42 42 42 42 42 42 42 42 42 43 43 43 43 43 43 43 44 44 44 44 44 44 43 44 43 44 44 45 44 44 44 44 44 44 44 44 44 44 44 44 44 44 44 45 45 44 44 45 45 44 44 45 45 45 45 45 45 45 45 45 45 45 45 45 45 45 45 45 45 45 45 45 45 45 45 45 46 46 46 46 46 45 45 45 46 46 46 46 46 46 46 46 46 46 46 47 47 47 46 46 47 46 46 46 46 46 46 46 46 49 49 50 50 50 50 50 50 50 50 49 49 49 49 50 50 50 50 50 50 51 51 51 51 51 51 51 51 51 51 51 51 52 52 52 51 51 51 52 52 52 52 52 52 52 52 52 52 52 52 52 52 52 52 52 52 52 53 54 54 54 54 54 53 53 53 53 53 53 53 53 53 54 54 53 53 54 54 54 54 54 54 54 54 55 55 55 56 35 35 35 35 35 35 35 35 35 36 36 37 37 37 37 38 38 38 38 38 38 38 38 39 38 38 38 38 38 39 39 39 38 39 39 39 38 38 38 39 39 39 38 38 38 38 38 38 38 38 38 38 39 39 39 39 39 39 38 38 39 39 38 38 38 38 39 38 38 38 38 38 38 38 38 38 39 39 39 39 39 40 39 39 39 39 39 39 40 39 40 40 40 40 40 40 40 40 40 40 40 40 40 40 41 41 41 41 41 41 41 41 41 41 41 41 41 41 41 41 41 41 41 41 41 41 41 41 41 41 41 41 41 41 41 42 42 42 42 42 42 42 42 42 42 42 42 42 42 42 42 42 42 42 42 42 42 42 43 43 43 43 43 43 43 44 44 44 44 44 44 43 43 44 45 45 44 44 44 44 44 45 44 44 44 44 44 44 44 44 44 44 44 44 44 45 45 45 45 45 45 45 45 45 45 45 45 45 45 45 45 45 45 45 45 45 45 45 45 45 45 45 45 45 46 46 46 46 46 46 45 45 46 46 46 46 46 46 47 47 47 47 47 47 47 47 47 47 46 47 47 47 47 46 47 47 47 47 49 49 50 50 50 50 50 49 50 50 50 49 49 49 50 50 50 50 50 50 50 50 50 50 50 51 51 51 51 51 51 51 52 52 52 52 51 52 52 52 52 52 52 52 52 52 52 53 53 52 52 52 52 52 52 52 52 53 54 54 54 54 54 53 54 53 53 53 53 53 53 53 53 53 53 54 54 54 54 54 54 55 55 55 55 55 55 56 35 35 35 35 35 35 35 35 36 36 37 37 38 38 38 38 38 38 38 38 39 39 39 39 38 38 38 38 38 39 39 39 39 39 39 39 39 39 39 38 38 38 39 39 39 39 39 38 38 38 38 39 39 39 39 39 39 39 39 39 39 38 39 38 38 38 39 38 38 38 38 38 38 38 39 39 39 39 39 39 40 40 40 40 39 39 39 40 40 40 40 40 40 40 40 40 40 40 40 40 40 40 40 41 41 41 41 41 41 41 41 41 41 41 41 41 41 41 41 41 41 41 41 41 41 41 41 41 41 41 41 41 41 41 41 42 42 42 42 42 42 42 42 42 42 42 42 42 42 42 42 42 42 42 42 42 42 42 43 43 43 43 43 43 43 44 44 44 44 45 44 44 43 44 44 44 44 44 44 44 45 45 45 44 44 44 44 44 44 45 44 44 44 45 44 45 45 45 45 45 45 45 45 45 45 45 45 45 45 45 45 45 45 45 45 45 45 45 45 45 45 45 45 46 46 46 46 46 46 45 45 45 46 46 46 46 46 46 46 47 47 47 47 47 47 47 47 47 47 47 47 47 47 47 47 48 48 48 49 49 49 50 50 50 49 50 49 50 50 49 49 50 50 50 50 50 50 50 50 50 50 50 50 50 51 51 51 51 51 51 52 52 51 51 51 51 52 52 52 52 52 52 52 52 52 52 52 52 52 52 52 52 52 52 52 53 54 54 53 53 54 53 53 53 53 53 53 53 54 54 54 53 54 54 54 54 54 54 55 54 55 55 55 55 55 55 56 35 35 35 35 35 35 36 36 36 36 36 37 37 38 38 38 38 38 38 39 39 39 39 39 39 38 38 38 38 38 39 39 39 39 39 39 39 39 39 39 39 39 39 39 39 39 39 39 38 38 38 39 39 40 40 39 39 39 38 39 39 39 38 38 39 39 39 38 38 38 38 38 38 38 39 39 39 39 39 39 40 40 40 40 39 39 40 40 40 40 40 40 40 41 41 40 40 41 40 40 40 40 41 40 41 41 41 42 41 41 41 41 41 41 41 42 41 41 41 41 42 41 41 41 41 41 41 41 41 41 41 41 41 41 41 42 42 42 42 42 42 42 42 42 42 42 42 42 42 42 42 42 42 42 42 42 42 42 44 43 43 43 43 43 43 43 44 44 44 45 45 44 43 44 44 44 44 44 44 44 45 45 45 45 44 44 44 44 44 44 45 44 45 45 45 45 45 45 45 45 45 45 45 45 45 45 45 45 45 45 45 45 45 45 45 45 45 45 45 45 45 45 45 46 46 46 46 46 45 45 46 46 46 46 46 46 46 46 46 46 46 47 47 47 47 47 47 47 47 47 47 47 47 48 48 48 48 48 49 49 50 50 50 50 50 49 49 50 49 49 49 50 50 50 50 50 50 50 50 50 50 50 50 50 51 51 51 51 51 51 52 51 52 51 51 51 52 52 52 52 53 53 53 53 53 53 52 53 53 52 52 52 53 52 52 53 54 54 53 53 53 53 53 53 53 53 53 53 54 54 54 53 54 54 54 54 54 54 54 54 55 55 56 56 56 56 56 36 36 36 36 36 35 36 36 37 37 37 38 37 38 38 38 38 38 39 39 39 39 39 39 40 39 39 39 38 38 38 39 39 39 40 40 40 40 39 39 39 39 39 39 39 40 39 39 39 38 38 39 39 39 39 40 40 40 39 39 39 39 39 39 38 39 39 39 39 39 39 39 38 38 39 39 39 39 40 39 39 40 40 40 39 39 39 40 40 40 40 40 40 40 41 40 41 41 41 40 40 41 41 41 41 41 41 41 41 41 41 41 41 41 41 41 41 41 41 42 42 42 42 41 41 41 41 41 41 41 41 41 41 41 41 42 42 42 42 42 42 42 42 42 42 42 42 42 42 42 42 42 42 42 42 42 42 43 44 44 44 44 44 44 43 44 44 44 44 44 44 44 43 44 44 44 44 44 44 44 45 45 45 44 45 45 45 44 44 44 44 44 45 45 45 45 45 45 45 45 45 45 45 45 45 45 45 45 45 45 45 45 45 45 45 45 45 45 45 45 45 45 45 46 46 46 46 46 46 46 46 46 46 46 46 46 46 46 46 46 47 47 47 47 47 47 47 47 47 47 47 47 48 48 48 48 48 47 49 49 50 50 50 50 50 49 50 50 49 49 50 50 50 50 50 50 50 50 50 50 50 50 50 50 50 51 51 51 51 51 51 51 52 51 51 51 52 52 52 52 52 52 52 53 53 53 53 52 52 53 52 52 52 52 53 53 53 53 53 53 52 52 53 53 53 53 53 53 54 54 53 53 54 54 54 54 54 54 55 54 55 55 55 56 56 55 56 56 36 37 36 36 36 36 36 37 37 38 38 38 38 38 38 38 38 38 39 39 39 39 39 40 39 39 39 39 38 38 39 39 39 39 39 39 39 39 39 40 40 40 40 40 40 39 39 39 39 39 40 40 39 40 40 40 40 39 39 39 39 40 39 40 40 39 39 39 39 39 39 39 38 39 39 39 40 40 40 40 40 40 40 39 40 40 40 40 40 41 41 41 41 41 41 41 41 41 41 41 41 41 41 41 41 42 42 42 42 41 41 41 41 41 40 41 41 41 41 41 41 42 42 42 41 41 41 41 41 41 41 42 41 42 42 42 42 42 42 42 42 42 42 42 42 42 42 42 42 42 42 42 42 42 42 42 43 44 44 44 44 44 44 44 43 43 44 43 44 44 44 44 44 44 44 44 44 44 44 45 45 45 44 44 45 45 45 45 45 44 44 45 45 45 45 45 45 45 45 45 45 46 45 45 45 45 46 46 46 46 45 45 45 45 45 45 45 45 45 45 45 46 46 46 46 45 45 46 46 46 46 46 46 46 46 46 46 46 47 47 47 47 47 47 47 47 47 47 47 47 47 48 48 48 48 47 47 49 49 49 50 50 50 50 50 50 50 49 49 50 50 50 50 50 50 50 50 50 50 50 50 50 51 51 51 51 51 51 51 51 51 52 52 51 51 52 52 51 52 52 52 52 52 52 53 52 52 52 52 52 52 52 52 52 53 53 54 53 53 53 53 53 53 53 53 53 53 53 53 53 54 54 54 54 54 54 54 54 54 55 55 55 55 55 55 55 56 56 37 37 37 37 37 36 36 37 37 38 39 38 38 38 38 39 39 39 39 39 39 39 39 39 39 40 40 39 39 39 39 39 39 39 39 39 39 39 40 40 40 40 40 40 40 40 40 39 39 39 40 40 40 40 40 40 40 39 39 39 39 39 39 39 40 40 39 39 39 38 38 38 39 39 39 39 39 40 40 40 40 40 40 40 40 40 40 40 40 40 41 41 41 41 41 41 41 42 41 42 42 41 41 41 42 42 42 42 42 41 41 41 42 42 41 41 41 41 41 41 41 41 42 42 42 41 41 41 42 42 42 42 42 41 41 42 42 42 42 42 42 42 42 42 42 42 42 42 42 43 42 42 42 42 42 42 43 44 44 44 44 44 44 44 44 44 43 44 44 44 44 44 44 44 44 44 44 44 45 45 45 44 44 44 45 45 45 45 45 45 45 45 45 45 45 45 45 45 45 45 45 45 46 45 45 45 45 45 46 46 46 45 45 45 45 45 45 45 45 45 45 45 45 45 45 45 45 46 46 46 46 46 46 45 45 46 46 46 47 47 47 47 47 47 47 47 47 47 47 47 47 47 47 47 47 47 47 49 49 49 50 50 50 49 50 50 50 50 49 49 50 50 50 50 50 50 50 50 50 50 50 50 50 51 51 51 51 51 51 51 51 51 52 51 51 51 52 51 51 51 52 52 53 53 53 52 52 52 52 52 52 52 53 53 52 53 53 53 53 53 53 53 53 53 53 53 53 53 53 53 54 54 54 54 54 54 54 54 55 55 55 55 55 55 55 56 56 56 56 56 37 37 37 37 36 36 37 37 38 38 38 39 39 39 39 39 39 39 39 39 39 39 40 40 40 40 40 40 39 39 39 39 40 40 39 39 39 39 40 40 40 40 40 40 39 39 39 39 40 40 40 40 41 41 40 40 39 40 40 40 39 39 38 39 39 39 38 38 38 38 39 39 39 39 39 39 40 40 41 41 41 41 41 41 41 40 40 40 40 41 41 41 41 41 41 42 41 42 42 42 41 41 42 42 42 42 41 41 41 42 42 43 42 41 41 41 41 41 41 41 41 41 42 41 41 41 41 41 42 42 42 42 42 41 42 42 42 42 42 42 43 43 42 42 42 42 42 42 43 43 42 42 42 43 43 43 44 44 44 44 44 44 44 44 44 44 44 44 44 44 44 44 44 45 44 44 45 45 45 45 45 44 44 45 45 45 45 45 45 45 45 45 45 45 45 45 45 45 45 45 45 45 46 46 46 46 46 46 46 45 45 46 45 46 46 45 46 46 45 45 45 45 45 46 46 45 45 46 46 46 46 46 45 45 46 46 46 47 47 47 47 47 47 47 47 47 47 47 47 47 47 47 47 47 47 47 49 49 49 49 50 50 49 50 50 50 49 49 49 49 50 50 50 50 50 50 50 50 50 50 50 50 50 51 51 51 51 51 51 51 51 51 52 52 51 51 51 52 52 52 52 53 53 53 52 52 52 52 52 52 52 52 52 53 52 52 53 53 53 53 53 53 53 53 53 53 53 53 53 54 54 54 54 54 54 54 54 54 55 55 55 55 55 55 55 55 55 55 56 56 36 36 36 37 38 37 36 37 37 37 37 38 39 40 40 40 39 40 39 39 39 39 40 40 40 40 40 41 40 40 40 39 39 40 40 39 39 39 39 39 40 40 40 40 40 39 39 40 40 40 41 40 40 41 41 41 40 40 40 40 40 39 39 39 39 39 39 40 40 40 39 38 39 40 40 40 40 40 40 41 40 40 41 41 41 41 41 41 41 41 41 41 41 41 41 41 41 42 42 42 42 42 42 42 42 41 41 42 42 41 41 41 42 42 42 42 41 41 41 41 41 41 41 41 41 41 41 41 41 41 42 42 43 42 42 42 42 43 43 42 42 42 43 43 42 42 42 42 42 42 43 43 42 43 43 43 43 44 44 44 44 44 44 44 44 44 44 44 44 44 44 45 45 44 44 44 44 44 45 45 45 45 45 44 45 45 45 45 45 45 45 45 45 45 45 45 45 45 45 45 45 45 46 46 45 45 45 46 45 45 46 46 46 46 46 46 46 46 46 46 46 45 45 45 46 46 45 45 45 46 46 46 45 46 45 46 46 47 47 47 47 47 47 47 47 47 47 47 47 47 47 47 47 47 47 47 47 49 49 49 49 50 49 49 50 50 49 49 49 49 49 49 50 50 50 50 50 50 50 50 50 50 50 50 50 50 51 51 51 51 51 51 51 52 52 52 51 52 52 52 52 52 52 53 53 52 52 52 52 52 52 53 53 52 52 53 53 53 53 53 53 53 53 53 53 53 53 53 53 53 54 54 54 54 54 54 54 54 55 55 55 54 55 55 55 55 55 55 55 56 56 56 56 57 57 36 36 36 36 37 38 38 37 37 37 38 38 38 38 39 39 39 39 40 40 40 40 39 40 40 40 40 40 40 41 41 41 40 40 40 40 40 40 40 40 39 39 40 40 40 40 40 39 40 40 41 41 41 41 41 41 41 40 40 40 40 40 40 40 41 40 39 39 40 40 41 39 39 39 39 40 40 40 40 40 41 40 40 41 41 41 41 42 42 41 41 41 42 42 42 42 42 42 42 42 42 42 43 43 43 42 42 43 43 42 41 42 42 42 43 43 43 42 42 41 41 42 42 41 41 41 42 41 41 42 42 42 42 43 42 42 42 42 43 43 43 42 42 43 43 43 43 43 43 42 42 43 43 43 43 43 43 43 44 44 44 44 44 44 44 44 44 44 44 44 44 44 44 44 44 44 45 44 45 45 44 44 45 45 45 45 45 45 45 45 45 45 45 45 45 45 45 45 45 45 45 45 45 46 46 46 45 45 45 46 46 46 46 46 46 46 46 46 46 46 46 46 46 45 45 46 46 46 46 46 46 45 45 46 46 46 46 46 46 47 47 47 47 47 47 47 47 47 47 47 47 47 48 48 48 47 47 48 49 49 49 50 49 49 50 50 50 50 50 50 49 49 49 49 50 50 50 50 50 50 50 50 50 50 50 50 50 50 50 50 50 51 51 51 51 52 51 51 52 52 52 52 52 52 52 52 52 52 52 52 53 53 53 53 53 53 52 53 53 53 53 53 53 53 53 53 53 53 53 53 53 54 54 54 54 54 54 54 54 55 55 55 55 55 55 54 54 55 55 55 55 56 56 56 56 57 34 36 36 36 37 37 38 38 38 38 38 38 39 39 39 39 39 39 39 39 39 39 40 40 40 40 41 41 40 41 41 41 41 41 41 41 41 41 41 41 41 40 40 40 41 41 40 40 40 40 40 41 41 41 41 41 41 42 42 40 40 40 40 39 40 40 39 39 39 40 40 40 39 39 39 39 39 39 40 40 41 40 40 41 41 41 41 41 42 42 42 42 41 42 42 42 42 42 42 42 42 42 42 42 43 43 43 43 43 42 42 42 43 43 43 43 43 44 43 42 42 41 41 41 41 41 42 42 42 42 42 42 42 43 43 43 43 43 43 43 43 43 43 42 43 43 43 44 44 44 43 42 43 43 43 43 43 43 43 44 44 44 44 44 44 44 44 44 44 44 44 44 44 44 44 44 44 45 44 45 45 44 44 45 45 45 45 45 45 45 45 45 45 45 45 45 45 45 45 45 45 45 45 45 46 46 46 46 46 46 46 46 46 46 46 46 46 46 46 46 46 46 46 46 45 46 46 46 46 46 46 46 46 46 46 46 46 46 46 47 47 47 47 47 47 47 47 47 47 47 47 47 47 48 48 48 47 48 48 49 49 49 50 49 49 49 50 50 50 50 50 50 50 50 49 50 50 50 49 50 50 50 50 50 50 49 49 50 50 50 50 50 50 50 50 51 51 51 51 51 51 52 52 52 52 52 52 52 53 53 53 53 53 53 53 53 53 52 53 53 53 53 53 53 53 53 54 53 53 53 53 53 53 54 54 54 54 54 55 55 54 55 55 55 55 56 55 55 55 55 55 55 55 55 56 56 56 57 35 35 35 35 36 36 37 36 37 37 37 38 38 38 38 38 39 39 39 40 40 39 39 39 39 40 40 40 40 41 41 41 41 41 41 40 40 40 40 40 41 41 41 41 41 41 42 42 41 41 41 40 41 41 41 41 41 41 41 42 42 41 41 41 41 40 40 40 40 40 40 40 39 39 39 39 40 40 40 40 40 40 41 40 40 41 41 41 42 41 41 42 42 42 42 42 42 42 42 42 43 43 43 43 43 43 43 43 44 43 43 42 42 42 43 43 44 44 44 43 43 43 42 42 41 41 41 41 42 43 43 43 43 43 43 43 43 43 43 44 43 43 43 43 43 43 43 43 43 43 44 44 43 43 43 43 43 43 43 43 43 44 44 44 44 44 44 44 44 44 44 44 44 44 44 44 44 44 44 44 44 44 44 44 45 45 45 45 45 45 45 45 45 45 45 45 45 45 45 45 45 45 45 45 45 45 45 46 46 46 46 46 46 46 46 46 46 46 46 46 46 46 46 46 46 46 46 46 46 47 47 47 47 47 47 47 46 46 46 46 46 46 47 47 47 47 47 47 47 47 47 47 47 47 48 47 47 48 48 48 48 49 49 49 49 50 49 49 49 49 50 50 50 50 50 50 49 50 50 50 50 50 50 50 50 50 51 50 50 50 50 50 50 50 50 50 50 50 51 51 51 51 51 51 51 52 52 52 52 52 52 53 53 52 53 53 53 53 53 53 53 53 53 53 53 53 53 53 54 54 53 53 53 53 53 54 54 54 54 54 54 54 54 54 55 55 55 55 56 56 56 56 56 55 56 55 55 56 56 35 36 36 36 36 36 36 36 35 36 37 37 37 37 38 38 39 39 39 39 40 39 39 39 39 40 40 40 41 41 41 41 41 41 41 41 40 40 40 41 41 41 40 40 41 41 41 41 41 41 41 40 41 41 42 42 41 41 41 41 41 41 41 41 41 40 40 41 41 41 40 39 39 39 40 40 40 40 40 40 40 40 40 40 41 41 42 42 41 41 41 41 42 42 42 42 42 42 42 43 43 43 43 43 43 43 43 43 44 44 43 42 42 42 42 43 44 44 43 43 42 42 42 43 42 41 41 41 42 42 42 42 43 44 44 44 43 43 43 43 43 43 43 43 43 43 43 43 43 44 44 44 44 43 43 43 43 43 43 43 43 44 44 44 44 44 44 44 44 44 44 44 44 44 45 45 45 45 44 44 44 44 44 45 45 45 45 45 45 45 45 45 45 45 45 45 45 46 46 46 46 46 46 45 45 45 45 46 46 46 46 46 46 46 46 46 46 46 46 46 46 46 46 46 46 46 46 46 47 47 47 47 47 47 47 47 46 46 46 46 46 46 47 47 47 47 47 47 47 47 47 47 47 47 47 47 47 48 48 48 48 50 49 49 49 49 50 50 50 49 49 50 50 50 50 50 49 49 50 51 50 50 50 50 50 50 51 51 51 50 50 50 50 50 50 50 51 51 51 52 52 52 52 51 51 51 52 52 52 52 53 53 52 52 52 53 53 53 53 53 53 53 53 53 53 53 53 53 54 54 53 53 53 53 53 54 54 54 54 54 54 55 55 55 55 55 55 55 56 56 56 57 56 56 56 56 55 56 56 35 36 36 36 37 37 37 37 36 36 36 36 37 38 38 38 39 39 39 40 39 39 39 39 39 40 40 41 41 41 41 41 42 42 41 41 41 41 41 42 41 41 41 41 41 41 40 40 41 41 40 41 41 42 42 41 41 42 42 41 40 41 41 41 40 40 40 41 40 40 40 40 40 40 40 41 41 41 40 40 40 40 40 41 41 41 41 41 41 41 41 42 42 42 42 42 43 43 43 42 43 43 43 43 43 44 44 44 43 43 42 42 42 42 42 43 44 44 43 43 42 42 42 42 41 41 41 42 42 42 42 43 44 44 44 43 42 43 43 43 43 43 43 43 43 43 44 44 44 44 44 44 44 43 43 43 43 43 43 43 44 44 44 44 44 44 44 44 44 44 45 45 45 45 45 45 45 45 44 44 44 44 45 45 45 45 45 45 45 45 45 45 46 46 46 46 46 46 46 46 46 46 46 46 45 45 46 46 46 46 46 46 46 46 46 46 46 46 46 46 46 46 46 46 46 46 46 46 46 47 47 47 47 47 47 46 46 46 46 46 46 46 46 46 47 47 47 47 47 47 47 47 47 47 47 48 48 48 48 48 50 49 49 49 50 50 50 50 50 49 50 50 50 50 50 50 49 50 51 51 50 50 50 50 50 50 51 51 51 51 52 51 51 52 51 52 52 52 52 52 52 52 51 51 51 52 52 52 52 53 53 53 52 52 52 52 52 53 53 53 53 53 53 53 53 53 53 54 54 53 53 53 53 53 54 54 54 54 54 55 55 55 56 56 55 55 56 56 56 56 56 57 57 56 56 56 56 57 56 35 34 34 35 36 36 37 37 37 37 38 38 37 37 37 37 37 37 37 38 39 39 40 40 39 39 39 39 40 40 41 40 41 41 41 41 42 42 42 41 41 42 42 42 42 41 42 42 42 41 41 41 42 42 42 41 41 41 42 42 42 42 42 42 41 41 42 42 42 41 41 41 41 40 40 40 41 41 41 41 41 41 40 40 41 41 41 41 40 40 41 41 41 41 41 42 42 42 42 43 43 43 42 43 43 43 43 43 43 44 44 44 43 43 43 43 43 43 43 43 43 44 43 42 43 42 42 42 42 42 42 42 43 42 43 43 44 45 44 44 44 43 43 43 43 43 43 43 43 43 43 43 43 44 44 44 44 43 43 43 43 43 43 43 44 44 44 45 44 44 44 44 45 45 45 45 45 45 45 45 45 45 45 45 45 45 45 45 45 45 45 45 45 45 46 46 46 46 46 46 46 46 46 46 46 46 46 46 46 46 46 46 45 45 46 46 46 46 46 46 46 46 46 46 46 46 46 46 46 46 46 46 47 47 47 47 47 47 47 46 46 46 46 46 46 47 47 47 47 47 47 47 47 47 47 47 47 47 47 48 48 48 48 48 50 49 49 49 49 49 50 50 51 50 50 50 51 50 50 50 50 50 51 51 50 50 51 51 51 51 51 52 52 52 52 52 52 52 52 53 52 52 52 52 53 52 52 51 51 52 52 52 52 53 53 53 52 52 52 52 52 52 53 53 53 53 53 53 53 53 53 54 54 54 53 53 53 54 54 54 54 54 55 55 55 55 56 56 55 55 56 56 56 56 57 57 57 57 57 57 57 58 57 36 36 35 35 34 34 34 36 36 36 37 37 37 37 38 38 38 38 38 39 38 37 38 38 39 40 40 39 39 39 40 40 41 41 41 41 41 41 41 41 42 42 42 42 42 42 42 42 42 42 42 43 42 42 42 42 43 43 43 42 42 42 43 43 43 43 43 41 41 42 42 42 42 42 42 42 41 41 41 41 41 41 41 41 41 41 41 41 41 41 41 41 41 41 41 41 41 42 42 42 42 43 43 42 42 42 43 43 43 43 43 44 44 44 44 44 44 44 44 44 44 43 43 44 44 43 43 43 43 42 42 42 42 42 42 42 42 43 44 44 44 44 44 44 44 44 44 44 44 43 43 43 43 43 44 44 44 44 44 44 44 43 43 44 44 43 43 44 44 44 44 44 44 44 44 45 45 45 45 45 45 45 45 45 45 45 45 45 45 45 45 45 45 45 45 45 46 46 46 46 46 46 46 46 46 46 46 46 46 46 46 46 46 46 46 46 46 46 46 46 46 46 46 46 46 46 46 46 46 46 46 46 46 47 47 47 47 47 47 47 47 47 47 47 47 47 47 47 47 47 47 47 47 47 47 47 48 48 48 48 48 48 48 48 48 48 48 50 50 49 49 49 50 50 50 50 51 51 51 51 51 51 50 50 50 50 51 51 51 52 52 51 51 51 52 52 52 52 53 53 53 53 53 53 53 53 52 52 52 52 52 52 52 52 53 52 52 52 52 52 52 52 52 52 53 53 53 53 53 53 53 53 53 53 53 54 54 53 53 54 54 54 54 54 54 54 54 55 55 55 56 56 56 56 56 56 56 56 56 57 57 57 58 57 58 58 35 35 35 36 36 36 36 37 36 37 37 36 35 35 35 35 34 34 35 36 36 37 37 37 38 38 39 39 39 39 39 38 38 38 38 39 40 39 40 40 40 41 41 41 41 41 41 41 41 41 42 42 43 42 42 42 41 42 42 42 42 42 42 42 42 42 42 42 43 42 42 42 42 43 43 44 43 42 42 41 41 42 42 42 43 42 41 41 41 41 41 41 40 41 41 42 41 41 41 41 42 42 42 41 41 42 42 42 43 43 42 43 42 42 43 43 43 43 43 43 44 44 44 44 45 45 45 45 45 45 45 45 44 45 44 43 44 44 43 43 42 42 42 42 43 42 42 42 43 44 44 44 43 43 43 44 44 44 43 43 43 44 44 43 44 44 44 44 44 44 45 44 45 44 43 43 43 44 44 45 45 45 45 44 45 45 45 45 45 45 45 45 45 45 46 45 46 45 45 45 45 45 45 45 45 45 45 46 46 46 46 46 46 46 46 46 46 46 46 46 46 46 46 46 46 46 46 46 46 46 46 46 46 46 46 46 46 47 47 47 46 47 47 47 47 47 47 47 47 47 47 47 47 47 47 47 47 47 47 47 47 47 47 47 47 47 47 48 48 48 48 48 48 48 48 48 48 50 50 50 49 49 49 50 50 50 51 51 50 50 51 51 51 50 50 50 51 52 52 52 52 52 52 52 51 51 51 52 52 52 53 53 53 53 53 53 53 52 52 53 53 52 52 52 52 52 52 52 53 52 52 52 52 52 53 53 53 53 53 53 53 53 53 54 53 53 53 53 54 54 54 54 54 54 54 54 55 55 55 56 56 56 56 56 56 56 56 56 57 57 57 57 57 57 57 58 35 35 35 36 37 37 36 36 35 35 35 35 35 35 35 35 35 36 37 37 37 36 36 36 36 37 37 37 37 38 39 39 39 39 39 39 39 39 39 39 39 40 40 40 41 41 40 40 41 41 41 41 42 42 42 43 43 43 42 42 42 42 43 43 43 42 42 42 42 42 42 42 42 42 42 42 42 43 43 44 43 43 42 42 42 42 42 42 42 42 42 42 42 41 41 41 42 42 42 42 42 42 42 42 42 42 41 41 41 42 43 43 43 42 42 43 43 44 44 43 43 43 44 44 44 44 44 45 45 45 46 46 46 46 45 45 45 45 44 44 45 44 43 43 43 43 42 42 42 42 42 42 43 43 43 43 43 43 44 44 45 44 44 43 44 44 44 43 44 44 45 45 45 45 45 45 45 44 44 44 45 44 45 45 45 45 45 45 45 45 45 45 45 45 45 45 45 46 46 46 46 45 45 45 45 45 45 45 45 45 46 46 46 46 46 46 46 46 46 46 46 46 46 46 46 46 46 46 46 46 46 46 46 46 46 46 46 46 47 47 47 47 47 47 47 47 47 47 47 47 47 47 47 47 47 47 47 47 47 47 47 47 47 47 47 47 47 47 47 47 47 47 48 48 48 48 48 48 48 48 50 50 50 49 49 49 50 50 50 50 50 50 50 50 50 51 50 50 50 51 51 52 51 51 52 52 52 51 51 51 51 52 52 52 52 52 52 53 53 53 53 53 53 53 52 52 52 53 53 53 53 52 52 52 52 52 52 52 53 53 53 53 53 53 53 53 53 54 54 54 54 54 54 54 54 54 54 54 54 55 55 55 55 56 56 56 57 57 57 56 56 56 56 56 57 57 57 57 58 36 35 36 36 36 37 37 36 35 35 36 36 36 36 37 36 36 36 36 35 36 36 37 37 37 38 39 39 38 37 37 36 36 37 37 37 37 38 38 38 39 40 40 40 40 40 40 39 39 40 41 41 40 40 40 41 41 41 41 41 42 42 42 43 43 43 43 43 42 43 42 43 43 43 43 42 42 42 43 42 43 43 43 43 43 43 43 44 44 43 43 43 43 43 42 42 42 43 42 41 41 41 41 42 42 42 42 42 42 42 42 42 42 42 42 42 42 41 41 42 42 42 42 42 42 43 43 43 44 44 44 45 45 45 44 45 45 45 45 45 45 45 45 45 45 45 45 45 45 45 44 43 43 43 43 42 42 43 42 42 42 42 42 43 43 43 43 44 45 45 44 44 44 44 44 44 44 44 44 44 44 44 45 45 45 45 45 45 45 46 45 45 46 46 45 45 45 45 45 45 45 45 45 45 45 45 45 46 45 45 45 45 45 46 46 46 46 46 46 46 46 46 46 46 46 46 46 46 46 46 46 46 46 46 46 46 46 46 46 46 46 46 46 46 46 46 46 47 47 47 47 47 47 47 47 47 47 47 47 47 47 47 47 47 47 47 47 46 47 47 47 47 47 47 48 48 47 47 47 47 47 48 48 48 48 48 48 48 48 49 50 50 50 49 49 50 49 50 50 50 50 50 50 50 50 50 51 50 50 51 51 51 51 51 51 52 52 52 51 51 52 52 52 52 53 52 52 52 53 53 53 53 53 52 52 52 52 53 53 53 53 53 52 52 52 52 52 53 53 53 53 53 53 53 53 53 53 53 54 53 54 54 54 54 54 54 55 55 54 55 55 55 55 56 56 56 56 57 57 56 56 56 57 57 57 58 58 58 37 36 36 37 37 37 36 36 36 36 36 37 37 37 37 37 36 36 36 36 37 37 37 37 37 38 38 38 37 37 37 37 37 37 38 38 38 37 38 39 40 39 40 40 40 40 40 40 41 41 41 41 40 41 41 41 42 42 42 42 42 42 42 42 42 42 43 43 43 43 43 43 44 43 43 43 43 43 44 44 44 44 43 43 43 43 43 43 43 43 43 43 43 42 41 42 42 42 42 41 41 42 42 43 42 42 42 42 43 43 43 43 43 43 43 42 42 42 42 42 42 43 43 43 44 43 43 43 44 44 45 45 45 44 45 45 45 45 45 45 45 44 44 44 45 46 46 46 45 44 43 43 43 43 43 43 43 43 43 43 42 42 42 42 43 44 44 44 44 44 44 44 45 45 45 45 45 45 45 45 45 45 45 45 45 46 46 46 47 47 47 47 47 46 46 46 46 46 45 45 45 45 45 45 45 46 46 45 45 45 46 46 46 46 45 46 46 46 46 46 46 46 46 46 46 46 46 46 46 46 46 46 46 46 46 46 46 46 46 46 46 46 46 47 47 47 47 47 47 47 47 47 47 47 47 47 47 47 47 47 47 47 47 47 47 47 47 47 47 47 47 47 47 48 48 47 47 47 47 47 47 48 48 48 48 48 48 48 50 50 50 50 50 49 49 50 50 50 50 50 50 50 50 50 50 51 50 50 50 51 51 51 51 51 51 52 52 51 52 52 52 52 52 52 53 53 53 53 52 52 53 53 53 53 52 53 53 53 53 53 53 53 53 52 52 52 53 53 53 53 53 53 53 53 53 53 53 53 53 54 53 53 54 54 54 54 54 54 55 55 55 55 56 56 55 56 56 57 57 57 57 57 57 57 57 58 58 37 36 37 37 37 38 37 37 37 37 37 37 38 38 38 37 37 36 36 37 37 37 37 37 37 38 38 37 37 37 38 37 37 37 38 38 38 39 39 39 39 39 39 40 40 41 41 41 41 41 41 40 41 41 41 42 42 42 43 42 42 42 42 42 42 43 43 43 43 44 44 43 44 44 44 44 44 44 44 44 44 44 43 44 44 44 44 43 43 43 43 42 42 41 41 42 42 42 42 42 42 43 43 42 42 42 42 43 43 43 43 43 42 42 43 43 43 42 43 43 44 44 43 44 44 44 44 44 45 45 45 45 45 44 45 45 45 45 45 45 45 44 44 44 45 45 46 46 45 45 44 44 44 43 43 44 44 43 43 43 42 42 42 43 44 45 44 44 44 44 44 44 44 45 45 45 45 45 45 45 46 46 46 46 46 46 46 47 47 47 48 47 47 47 47 46 46 46 46 46 46 45 45 45 45 46 46 46 46 46 46 46 46 46 46 46 46 46 46 46 46 46 46 46 46 46 46 46 46 46 46 46 46 46 46 46 46 46 46 47 47 47 47 47 47 47 47 47 47 47 47 47 47 47 47 47 47 47 47 47 47 47 47 47 47 47 47 47 47 47 47 47 48 48 48 47 47 48 48 47 47 48 48 48 48 48 48 50 50 50 50 50 50 49 50 50 50 50 50 50 50 50 50 50 50 50 50 51 51 51 51 51 51 51 52 52 51 52 52 52 52 52 52 52 53 53 52 52 52 53 53 53 53 53 53 53 53 53 53 53 53 53 53 53 53 53 53 53 53 53 53 53 53 53 53 53 53 54 54 54 54 54 54 54 54 54 55 55 55 55 55 55 55 55 55 56 56 57 57 57 58 58 57 57 57 58 37 37 37 37 38 39 39 38 38 38 37 38 38 38 38 37 37 36 36 37 37 37 37 38 38 38 38 38 38 38 37 37 37 37 37 38 38 38 39 40 40 39 39 39 40 40 41 41 41 41 41 41 40 40 41 41 42 42 42 43 43 42 42 43 43 43 43 43 43 43 43 43 43 43 44 44 44 44 44 44 43 43 43 43 44 45 45 45 44 44 44 44 44 43 42 42 42 42 42 43 42 43 44 43 43 43 43 43 43 43 43 43 43 43 42 43 43 43 42 42 43 43 44 44 44 45 44 45 45 45 45 44 44 44 44 44 45 45 46 46 45 45 44 44 44 44 44 44 45 45 45 45 45 45 45 44 45 44 44 43 43 42 42 43 44 44 45 45 44 45 45 45 45 45 45 45 45 45 45 45 46 46 46 46 46 46 46 46 47 47 47 47 47 47 47 47 47 47 47 47 46 46 45 46 46 46 46 46 46 46 46 46 46 46 46 46 46 46 46 46 46 46 46 46 46 46 46 46 46 46 46 46 47 47 47 46 46 46 46 46 47 47 47 47 47 47 47 47 47 47 47 47 47 47 47 47 47 47 47 47 47 47 47 47 47 47 47 47 47 47 47 47 47 48 48 47 48 48 48 48 48 47 48 48 48 48 48 48 50 50 50 50 50 50 50 50 50 50 50 50 50 50 50 50 50 50 50 50 51 51 51 51 51 51 51 51 52 51 52 52 52 52 52 52 52 52 52 52 53 53 53 53 53 53 53 53 53 53 53 53 53 53 53 53 53 53 53 52 52 52 52 52 53 53 53 53 53 53 54 54 54 54 54 54 55 55 55 55 55 55 55 55 55 56 56 56 56 56 56 57 57 57 57 57 57 57 58 59 37 37 38 38 39 39 38 38 37 37 37 38 39 39 38 37 37 37 36 38 38 37 38 38 38 38 38 39 39 38 38 38 38 38 38 37 37 38 38 38 39 40 40 40 39 40 40 40 41 41 41 42 42 42 41 41 41 42 42 42 43 43 43 43 43 43 43 43 43 43 43 44 44 44 44 44 44 44 44 44 44 44 44 44 43 44 44 44 44 44 43 44 44 44 43 43 42 42 43 43 42 43 43 43 44 44 44 44 43 44 43 43 42 43 43 43 43 42 43 42 42 43 42 43 43 43 44 44 45 45 45 45 45 45 46 45 45 44 44 45 45 45 45 45 45 45 45 44 44 44 45 45 44 45 46 46 46 45 44 44 43 43 42 42 43 43 43 43 44 45 45 45 45 46 46 46 46 46 46 46 46 46 46 46 47 47 46 46 46 46 48 48 48 47 47 47 48 47 48 48 47 46 46 46 46 46 46 46 46 46 46 46 46 46 46 46 46 46 46 46 46 46 46 46 46 46 46 46 46 47 47 47 47 47 47 47 47 46 46 46 46 47 47 47 47 47 47 47 47 47 47 47 47 47 47 47 47 47 47 47 47 47 47 47 47 47 47 47 47 47 47 47 47 47 48 48 48 48 48 48 48 48 48 48 48 48 48 48 48 48 50 50 50 50 50 50 50 50 50 50 50 50 50 50 50 50 50 50 50 50 50 50 51 51 51 51 51 51 51 51 52 52 52 52 52 52 52 52 52 52 53 53 53 53 53 53 53 53 53 52 53 53 53 53 53 53 53 53 53 53 52 52 52 52 53 53 53 53 53 53 54 54 54 54 54 54 54 54 55 55 55 55 55 55 56 56 56 55 56 56 56 56 56 57 56 57 57 57 58 58 38 38 38 38 38 38 39 38 37 37 37 37 38 38 38 38 37 37 37 38 39 39 38 38 39 39 38 38 39 39 39 39 38 39 38 38 38 38 38 38 38 39 39 40 39 39 40 40 40 40 40 41 41 41 42 42 42 42 42 42 42 42 43 43 43 43 43 43 43 44 44 44 44 44 44 44 44 44 44 44 44 45 45 45 45 44 44 44 45 45 45 44 43 43 43 43 43 43 43 43 43 43 43 44 44 44 43 43 44 43 43 43 42 42 42 42 42 43 42 43 43 43 43 43 43 43 43 43 44 45 45 45 45 45 46 46 45 45 44 44 44 44 45 45 45 44 44 45 44 44 44 45 44 44 45 45 45 45 45 44 44 43 43 42 42 43 44 44 44 44 45 46 46 46 46 45 46 46 46 46 46 47 47 47 47 47 46 46 46 46 46 48 48 48 47 47 47 48 47 48 48 48 48 48 47 47 47 47 46 46 46 46 47 47 47 46 46 46 46 46 46 46 46 46 46 46 46 46 46 47 47 47 46 46 46 46 46 46 46 46 46 46 47 47 47 47 47 47 47 47 47 47 47 47 47 47 47 47 47 47 47 47 47 47 47 47 48 47 47 47 47 47 47 47 47 48 48 48 48 48 48 48 48 47 48 48 48 48 48 48 48 50 50 50 50 50 50 50 50 50 50 50 50 50 50 50 50 50 50 50 50 50 50 50 50 51 51 51 51 51 51 52 52 51 51 51 51 52 52 52 52 53 52 52 52 52 52 52 52 52 52 52 53 53 53 53 53 53 53 52 52 52 53 52 52 53 53 53 53 53 53 54 54 54 54 53 54 54 54 54 55 55 55 55 55 55 55 55 55 55 56 56 56 56 56 56 57 57 57 57 58 39 39 39 39 39 38 38 39 39 38 38 38 37 37 38 37 37 37 37 37 38 39 39 38 38 39 40 40 39 39 40 40 40 40 40 39 39 39 38 38 38 38 39 39 39 40 41 41 41 41 41 41 41 41 41 41 41 41 42 42 42 42 42 43 43 43 43 43 43 43 43 44 44 44 44 44 44 44 43 44 44 44 44 45 45 45 45 45 45 45 46 46 45 44 44 43 43 43 43 43 43 43 43 44 44 44 44 43 43 43 43 43 42 43 43 43 43 43 43 43 43 43 44 44 44 43 43 43 44 45 45 45 45 45 45 45 45 45 45 45 45 44 44 44 45 45 44 43 44 43 43 44 44 44 44 44 45 45 45 45 45 45 44 43 43 42 43 44 44 45 45 46 46 46 46 45 45 46 46 46 45 46 46 46 47 48 47 46 46 46 46 46 47 48 47 48 48 47 47 48 48 48 48 48 47 47 47 47 47 47 47 47 47 47 47 47 47 47 47 46 46 46 46 46 46 46 47 47 47 47 47 47 46 46 46 46 46 46 46 46 46 47 47 47 47 47 47 47 47 47 47 47 47 47 47 47 47 47 48 47 47 47 47 47 47 48 48 47 47 47 47 47 48 47 47 47 48 48 48 48 48 48 48 47 48 48 48 48 48 48 48 48 50 50 50 50 50 50 50 50 50 50 50 50 50 50 50 50 50 50 50 50 50 50 50 50 51 51 51 51 51 51 51 52 51 52 52 52 52 52 52 53 52 52 52 52 52 52 52 52 52 52 52 53 53 53 53 53 53 53 52 52 53 53 53 53 53 54 53 53 53 53 53 54 54 54 54 53 54 54 54 55 54 55 55 55 55 55 56 55 56 56 56 56 57 57 57 57 57 57 58 58 58 39 38 38 39 40 39 38 38 39 38 38 38 38 38 37 37 37 37 37 38 38 39 39 38 38 38 39 39 40 40 41 41 41 41 41 41 40 40 40 39 39 39 39 39 39 40 40 41 41 41 42 42 41 41 41 41 41 41 41 41 42 42 42 42 43 43 43 43 43 43 43 43 43 43 44 43 43 43 43 43 44 44 44 44 45 45 45 45 45 45 46 46 46 45 45 45 44 43 43 43 43 44 43 43 44 44 44 43 43 43 43 43 43 43 43 44 44 44 43 43 43 43 44 44 45 45 44 45 45 45 45 45 45 45 45 45 45 46 46 46 46 46 45 44 44 44 44 44 44 45 44 44 43 43 43 44 44 45 45 45 45 45 45 45 44 44 43 43 44 44 45 45 46 46 46 45 45 45 46 46 45 45 45 46 46 46 47 47 46 46 46 46 46 47 47 47 47 48 47 48 48 48 48 48 48 48 47 47 47 47 48 47 47 47 47 47 47 47 47 47 47 47 47 47 47 47 47 47 47 47 47 47 47 47 47 47 47 47 47 47 47 47 47 47 47 47 47 47 47 47 47 47 47 47 47 47 47 47 47 47 48 48 48 48 47 48 48 48 47 47 47 47 48 48 48 47 47 48 48 48 48 48 48 48 47 48 48 48 48 48 48 48 48 50 50 50 50 50 50 50 50 50 50 50 50 50 50 50 50 50 50 50 50 51 50 51 51 51 51 51 51 51 51 51 51 51 51 52 52 52 52 52 52 52 52 52 52 52 52 52 52 52 52 53 53 53 53 53 53 53 53 52 52 53 53 54 53 53 54 54 54 54 53 53 53 54 54 54 54 53 54 54 55 55 55 55 55 55 56 56 56 56 56 57 57 57 58 57 57 57 57 58 58 58 38 38 38 39 39 39 38 38 38 39 38 38 38 38 37 37 38 38 38 39 39 39 38 38 38 39 38 39 40 40 40 40 40 40 41 41 41 41 41 40 40 40 39 39 39 39 40 40 40 41 41 42 42 42 42 42 42 42 42 42 42 43 43 43 43 43 43 43 43 43 43 43 44 44 44 43 43 44 44 44 44 44 45 45 45 45 45 46 45 45 45 46 46 45 45 45 45 44 43 43 43 43 43 44 44 44 44 44 44 44 43 43 43 44 43 44 44 44 44 44 43 43 44 44 44 44 45 46 46 45 45 45 45 45 45 45 45 46 45 45 45 45 45 44 44 44 45 45 45 45 45 45 45 44 43 44 45 45 45 45 45 44 44 44 44 44 43 44 45 45 45 45 45 45 45 45 45 45 46 45 45 45 45 45 46 46 46 47 47 47 46 46 46 47 47 47 47 47 47 47 47 48 48 48 48 48 48 47 47 47 48 47 47 48 47 47 47 47 47 47 47 47 47 47 47 47 47 47 47 47 47 47 47 47 47 47 47 47 47 47 47 47 47 47 47 47 47 47 47 47 47 47 47 47 47 47 47 47 47 47 47 47 47 47 48 48 48 48 47 47 47 47 48 48 48 48 48 48 48 48 48 48 48 48 48 48 48 48 48 48 48 48 48 50 50 50 50 50 50 50 50 50 50 50 50 50 50 50 50 50 50 51 51 50 51 51 51 51 51 51 51 51 52 51 52 51 51 51 51 51 52 52 52 52 52 52 52 52 52 52 52 52 52 52 53 53 53 52 53 53 52 52 53 53 53 54 54 53 54 54 54 54 53 54 54 54 54 54 54 54 54 54 54 55 55 56 56 55 55 56 56 56 56 56 56 57 58 57 57 57 57 57 57 58 58 38 38 38 38 39 39 39 38 38 39 39 38 38 38 38 38 39 39 40 40 41 40 39 38 39 40 39 39 40 40 40 40 40 40 41 41 41 42 42 41 40 39 39 40 40 39 39 39 40 40 40 41 41 42 43 43 43 43 43 43 43 43 43 44 44 44 44 43 44 44 44 44 44 44 45 45 44 44 44 44 45 44 44 45 45 45 45 46 46 45 45 46 46 45 45 45 45 45 45 44 44 44 44 44 44 44 45 45 44 44 43 44 44 45 44 44 44 44 43 44 44 43 44 44 44 45 45 46 46 46 45 45 45 45 45 45 45 45 45 45 45 45 45 44 45 45 45 45 45 46 46 45 44 44 44 44 44 44 45 45 45 45 45 44 44 44 43 44 44 44 44 44 44 45 45 45 45 45 45 45 46 46 46 46 46 46 47 47 48 47 46 46 47 48 47 48 48 47 47 47 47 47 47 48 48 48 48 48 47 48 48 48 47 47 47 47 47 47 47 47 47 47 47 47 47 47 47 47 47 47 47 47 47 47 47 47 47 47 47 47 47 47 47 47 47 47 47 47 47 47 47 47 47 47 47 47 47 47 47 47 48 47 47 47 47 48 48 48 47 47 48 47 47 48 48 48 48 48 48 48 48 48 48 48 48 48 48 48 48 48 48 48 48 50 50 50 50 50 50 50 50 50 50 50 50 50 50 50 50 50 50 50 50 51 51 51 51 51 51 51 51 51 51 51 51 51 51 51 51 51 51 51 52 52 52 52 52 52 52 52 52 52 52 52 52 52 52 52 52 52 52 53 53 53 53 53 53 54 54 54 54 54 54 54 54 54 54 55 55 54 54 54 54 54 55 55 55 56 55 55 56 56 56 56 57 57 57 57 57 57 57 57 58 58 59 59 39 39 38 38 38 38 39 39 38 38 39 38 38 39 39 39 40 41 41 41 40 41 40 40 41 41 40 40 39 39 40 40 41 42 42 42 42 42 42 42 41 41 40 41 40 40 40 40 40 40 40 41 42 42 42 43 43 44 44 44 43 44 44 44 44 44 44 44 45 45 45 44 44 45 45 45 45 44 44 44 45 45 45 45 45 45 45 46 46 46 46 46 46 45 45 45 45 45 45 45 45 44 44 44 44 44 45 45 44 44 44 44 44 45 45 45 45 44 44 45 44 44 44 45 45 45 45 46 46 46 46 46 47 47 46 46 46 45 45 45 45 45 45 45 45 45 46 46 46 47 46 45 45 45 44 44 44 44 45 45 46 46 45 45 44 44 44 44 44 45 45 45 45 46 46 46 45 45 45 45 45 45 46 46 47 47 47 47 48 48 47 47 47 48 48 48 49 48 48 48 48 47 47 47 48 48 48 48 48 47 48 48 48 47 47 47 47 47 47 47 47 47 47 47 47 47 47 47 47 47 47 47 47 47 47 47 47 47 47 47 47 47 47 47 47 47 47 47 47 47 47 47 47 47 47 47 47 47 47 47 47 47 47 47 47 48 48 47 47 48 47 48 48 48 48 48 48 48 48 48 48 48 48 48 48 48 48 48 48 48 48 48 48 50 50 50 50 50 50 50 50 50 50 50 50 50 50 50 50 51 50 50 51 51 51 51 51 50 50 50 51 51 51 51 51 51 51 50 51 51 51 52 52 52 52 52 52 52 52 52 52 52 52 52 52 52 52 52 52 52 53 53 53 53 53 53 54 54 54 54 55 55 54 54 54 54 55 55 55 54 54 54 54 55 55 55 55 55 55 55 55 56 56 56 56 57 57 57 57 57 58 58 57 57 58 59 40 40 39 39 38 38 38 38 38 38 38 39 39 39 39 39 40 41 41 40 40 40 40 40 41 42 42 41 41 40 40 41 42 41 41 42 42 43 43 43 42 42 42 42 41 41 41 41 41 40 40 40 41 42 42 42 42 43 43 43 43 43 44 44 44 44 44 44 45 45 45 45 44 45 45 45 45 45 45 45 44 45 45 45 46 46 46 46 46 46 46 46 46 45 45 45 45 46 46 46 45 44 44 44 44 44 44 44 44 44 44 44 44 44 45 45 45 45 45 45 45 44 44 45 45 45 45 46 46 46 47 46 46 46 46 46 46 46 45 45 45 45 45 45 46 46 47 47 47 48 47 46 46 45 45 45 45 44 45 45 46 46 45 44 44 44 44 44 45 45 45 46 46 46 46 45 45 45 45 46 46 46 46 46 47 48 48 48 49 49 49 48 47 48 48 49 48 48 48 47 47 47 47 47 47 48 48 48 48 48 48 48 48 47 47 47 48 47 47 47 47 47 47 47 47 47 47 47 47 47 47 47 47 47 47 47 47 47 47 47 47 47 47 47 47 47 47 47 47 47 47 47 47 48 47 47 47 47 47 47 47 47 47 47 47 48 48 48 48 48 48 47 48 48 48 48 48 48 48 48 48 48 48 48 48 48 48 48 49 48 48 48 48 50 50 50 50 50 50 50 50 50 50 50 50 50 50 50 51 51 50 50 51 51 51 51 51 50 51 51 51 51 51 51 50 51 51 50 50 51 51 51 52 52 52 52 52 52 52 52 52 52 52 52 52 52 52 53 53 53 53 53 53 53 54 54 54 55 55 55 55 55 55 55 55 55 55 55 55 54 54 54 54 54 55 55 55 55 56 55 56 56 56 56 56 56 56 57 57 57 57 57 57 58 58 59 60 41 40 39 39 39 39 39 39 39 39 39 39 40 40 40 41 41 41 41 40 41 41 40 41 42 42 42 41 40 41 41 41 41 42 42 42 43 42 42 43 43 42 42 42 41 42 42 41 40 40 41 41 41 41 42 42 42 43 43 43 43 43 44 44 45 45 45 45 45 45 45 45 45 46 46 46 46 46 45 44 45 46 46 46 46 46 46 47 47 46 46 45 45 46 46 46 46 46 46 45 45 44 44 45 44 44 45 45 44 44 44 45 45 45 45 45 45 45 45 44 44 45 46 46 46 47 46 46 46 47 46 46 46 46 46 46 45 46 46 46 46 46 46 46 47 47 48 48 48 47 46 46 46 45 45 44 44 45 45 45 45 45 44 44 44 44 44 45 45 45 45 45 45 44 45 45 46 46 46 47 47 47 47 48 48 49 49 49 49 48 48 48 49 49 49 48 48 48 47 48 48 47 47 48 48 48 48 48 48 48 48 48 47 47 47 47 47 47 47 47 47 47 47 47 47 47 47 47 47 47 47 47 47 47 47 48 48 48 48 47 47 47 47 47 47 47 47 47 47 48 47 48 47 47 47 47 48 47 48 48 47 47 47 48 48 48 48 48 48 48 48 48 48 48 48 48 48 48 48 48 48 48 48 48 48 49 49 48 48 48 48 50 50 50 50 50 50 50 50 50 50 50 50 50 50 50 50 50 50 51 51 51 51 51 50 51 51 51 51 51 51 50 50 50 50 50 51 51 51 51 52 52 52 52 52 52 52 52 52 52 52 52 52 52 53 53 53 53 53 54 54 54 54 54 54 54 54 55 55 55 55 55 55 55 56 55 55 55 54 54 55 54 54 54 54 54 55 55 55 56 56 56 56 57 57 57 57 57 57 57 57 57 58 59 60 41 40 39 40 40 39 39 39 39 39 40 40 41 41 42 41 41 41 41 41 41 41 42 42 42 42 41 41 42 42 42 42 42 43 43 42 42 42 42 43 43 42 42 41 41 41 41 41 41 41 41 42 42 42 43 43 43 43 43 43 43 43 44 44 44 45 45 45 45 45 46 46 46 46 46 46 45 45 45 46 46 46 46 46 47 47 47 47 47 46 46 46 46 46 46 46 46 45 44 44 44 45 45 45 45 45 45 44 44 44 45 45 45 45 45 45 44 45 45 45 45 46 47 47 47 47 46 46 46 46 47 47 46 46 46 47 47 47 47 47 46 47 47 47 48 47 47 47 46 46 45 45 45 45 45 45 45 45 45 45 44 44 44 44 44 44 44 44 44 44 45 45 46 46 47 47 47 47 47 48 48 48 48 48 49 49 48 48 48 49 49 50 49 49 49 48 48 48 48 48 47 47 47 48 48 48 48 48 48 48 48 47 47 47 47 47 47 47 48 48 48 48 48 48 48 47 47 47 48 47 47 47 48 48 48 48 47 47 47 47 47 47 47 47 47 47 47 48 48 47 48 47 47 48 48 48 48 48 48 48 48 47 48 48 48 48 48 48 48 48 48 48 48 48 48 48 48 48 48 48 48 48 48 48 49 49 49 49 49 50 50 50 50 50 50 50 50 50 50 50 51 50 50 50 50 50 51 51 51 51 51 50 50 51 51 51 51 50 50 50 50 50 50 50 51 51 51 52 52 52 52 52 52 52 53 53 53 53 52 53 52 52 52 52 52 52 53 53 54 54 54 54 54 54 54 55 55 55 55 55 55 55 55 55 55 55 55 54 54 55 54 55 55 55 54 55 55 56 56 56 56 56 56 56 56 57 57 57 57 58 58 59 59 60 61 61 61 41 41 40 40 39 40 40 40 41 41 42 41 41 42 42 41 41 41 42 43 42 43 43 43 42 42 42 43 43 43 43 43 43 42 41 42 42 43 43 43 42 41 41 41 41 42 43 43 43 43 43 43 43 44 43 43 43 44 44 44 44 45 45 45 46 46 46 45 45 46 46 46 46 45 45 46 45 46 46 46 46 47 47 47 47 47 47 47 47 47 47 46 46 46 46 46 45 44 45 45 45 45 45 45 45 44 44 45 45 46 46 45 45 45 45 46 46 46 45 46 48 48 47 46 46 46 46 47 47 46 46 46 46 47 48 48 48 48 48 48 48 48 47 48 47 47 46 45 45 45 45 46 46 45 45 44 44 44 44 45 44 45 45 45 45 45 45 45 45 45 45 46 46 47 47 47 47 48 48 48 48 49 49 49 49 49 49 50 49 49 49 50 50 49 49 48 48 48 48 48 48 48 47 47 48 48 48 48 48 48 47 47 47 47 47 48 48 48 48 48 48 48 48 48 47 47 47 47 47 48 48 48 48 48 47 47 47 47 47 47 47 48 47 48 47 48 48 48 48 48 47 48 48 49 49 48 48 48 48 48 48 48 48 48 48 48 48 48 48 48 48 48 48 48 48 48 48 48 48 48 49 49 49 49 49 49 49 50 50 50 50 50 50 50 50 50 50 50 51 51 50 50 50 50 50 51 51 51 50 50 51 51 50 50 50 50 50 50 50 51 51 51 51 51 51 51 51 52 52 52 52 52 52 52 52 52 52 52 52 52 52 52 52 52 53 53 54 54 54 54 54 54 54 55 55 55 55 55 55 55 55 56 56 56 56 55 55 55 55 55 55 56 55 55 55 55 56 56 56 56 56 57 57 57 58 58 58 58 58 58 59 59 60 60 59 59 60 42 41 41 41 41 41 41 41 41 41 41 41 41 42 41 41 43 43 43 44 44 43 43 43 42 42 43 43 43 44 43 42 42 42 42 42 43 43 42 42 41 41 42 42 42 43 43 44 45 44 44 44 45 45 44 45 45 44 44 44 45 45 46 46 46 46 46 46 46 46 46 46 46 47 46 46 46 46 46 47 47 47 47 47 47 46 47 47 47 47 47 47 47 47 46 46 46 46 46 46 46 46 46 45 44 45 45 46 45 45 45 45 45 45 46 47 46 47 48 48 47 47 47 47 46 46 47 47 46 46 46 47 47 47 48 48 48 48 48 48 47 48 48 48 47 46 46 47 46 46 45 45 45 45 45 45 45 45 45 45 46 46 46 46 45 45 45 46 46 46 47 47 47 47 47 47 47 47 48 48 49 48 48 48 48 50 50 50 49 50 50 50 49 48 48 48 48 49 48 48 48 48 47 48 48 48 48 48 48 48 48 47 47 48 48 48 48 48 48 48 48 48 47 48 48 48 48 48 48 48 48 47 47 47 47 47 47 47 47 48 48 48 48 48 48 48 48 48 47 48 48 49 49 49 49 49 48 48 48 48 48 48 48 48 48 48 48 48 48 48 48 48 48 48 48 48 48 48 49 49 49 49 48 48 49 50 50 50 50 50 50 50 50 50 50 50 51 51 51 50 50 50 51 51 51 50 50 51 51 51 50 51 51 51 51 51 51 52 52 51 51 51 51 52 51 51 51 51 52 52 52 52 52 52 52 52 52 52 52 52 53 53 53 53 53 54 54 54 54 54 54 55 55 55 55 55 55 55 55 55 56 56 56 56 56 56 56 56 56 56 56 55 55 55 55 56 56 56 56 57 57 57 57 58 58 58 58 58 58 59 59 58 58 58 59 60 42 41 42 42 42 41 42 42 42 42 42 43 43 44 44 44 44 44 44 43 43 43 43 44 44 43 43 43 43 42 42 43 43 43 42 42 42 42 42 42 43 43 43 44 44 44 45 45 45 45 45 45 45 45 45 45 46 46 46 46 46 46 46 46 46 47 47 47 47 46 46 46 46 47 47 47 47 48 47 47 47 47 47 47 48 48 48 47 48 47 47 47 47 46 46 46 46 46 45 45 45 45 46 46 45 46 46 45 46 46 47 47 48 48 48 47 48 48 48 47 47 48 47 47 46 46 46 46 47 47 48 48 48 48 48 48 48 48 48 47 46 47 47 46 46 46 46 46 46 46 46 46 46 45 45 46 46 45 45 45 45 45 46 46 47 47 47 47 47 47 47 47 47 47 48 48 48 48 48 48 49 50 50 49 50 50 50 50 50 50 49 48 48 48 48 48 48 48 48 48 49 48 48 48 48 48 48 48 48 48 48 48 48 48 48 48 48 48 48 48 48 48 48 48 48 47 47 47 47 47 47 48 47 47 48 48 48 48 48 48 48 49 48 48 48 48 48 49 49 50 49 49 49 48 48 48 48 48 48 48 49 49 48 48 48 48 48 48 48 48 48 49 49 49 49 49 48 48 48 48 50 50 50 50 50 50 50 50 50 50 50 51 51 51 51 50 50 50 50 50 50 50 51 50 50 51 51 51 51 51 51 52 52 52 52 52 52 52 51 51 51 51 51 51 51 52 52 52 52 52 52 52 52 52 53 53 53 53 53 54 54 54 54 54 54 54 55 55 55 55 55 55 55 55 56 56 56 56 56 56 56 56 57 56 56 56 56 56 55 55 56 56 56 57 57 57 57 57 57 58 58 58 58 58 59 58 58 58 59 60 60 43 43 43 42 42 42 43 43 43 43 44 44 44 44 45 45 45 45 44 44 45 45 45 44 44 44 44 43 42 42 42 42 42 42 42 42 42 43 43 43 43 43 44 44 45 45 45 45 45 46 46 46 46 46 46 46 46 46 46 46 46 46 47 47 47 47 47 47 47 47 46 47 47 47 47 48 48 48 48 47 47 47 47 47 47 47 48 48 48 48 48 47 46 46 46 46 46 45 46 46 46 46 46 46 47 46 46 46 47 47 48 48 48 48 48 48 49 49 48 48 48 47 47 46 46 47 47 47 47 48 48 48 48 48 48 48 48 48 47 47 47 47 47 46 46 47 47 47 46 46 46 46 46 45 46 45 45 45 45 46 46 46 46 47 47 47 47 47 47 47 46 47 48 48 47 48 48 48 48 50 50 50 50 50 51 50 50 50 49 49 49 48 48 48 48 48 48 48 48 49 48 48 48 48 48 48 48 48 48 48 48 48 48 48 48 48 48 48 48 48 48 48 48 47 47 47 47 47 48 47 48 48 48 48 48 48 48 48 48 49 49 49 48 48 48 48 48 49 50 49 49 49 49 49 49 49 49 48 49 49 49 48 48 48 48 48 48 48 48 48 49 49 48 48 48 48 48 48 48 50 50 50 50 50 50 50 50 50 50 50 50 51 51 51 50 50 50 50 50 50 50 50 50 50 50 50 51 51 51 51 51 51 51 52 52 52 52 52 52 52 51 51 51 52 52 52 52 52 52 52 52 52 52 53 53 53 53 53 53 54 54 54 54 54 54 54 55 55 55 55 55 55 55 55 56 56 56 56 56 56 56 57 57 57 56 56 56 56 55 56 56 57 57 56 56 57 57 58 58 58 58 58 58 58 58 58 59 59 59 60 60 61 62 63 63 43 44 43 43 43 43 43 44 44 44 44 45 45 45 45 45 45 45 45 45 45 45 45 45 45 44 44 43 43 43 42 42 42 42 43 43 43 43 43 44 44 44 45 45 45 45 44 45 46 46 46 46 46 47 46 46 46 46 46 46 46 46 47 47 47 47 47 47 47 46 47 47 48 48 48 48 48 48 48 47 48 48 47 47 47 47 47 48 48 48 47 46 46 46 47 46 46 47 47 47 47 46 46 47 47 46 46 47 47 48 49 49 49 49 49 49 48 48 48 48 48 48 47 46 47 47 47 47 48 48 48 48 48 48 48 48 48 48 48 47 47 47 47 47 47 47 47 47 46 46 46 46 46 46 46 46 46 45 46 46 47 46 47 47 47 48 47 46 46 47 47 48 48 48 47 48 48 48 50 50 50 50 51 50 50 50 51 50 49 48 48 49 49 49 49 48 48 48 49 49 49 48 48 48 49 48 48 48 48 48 48 48 48 48 48 48 48 48 48 48 48 48 47 47 47 47 48 48 48 48 48 48 48 48 48 49 48 48 49 49 49 48 48 48 48 48 48 49 50 50 51 50 50 49 49 48 48 49 49 49 48 49 48 48 48 48 49 49 49 49 49 48 48 48 48 48 48 48 50 50 50 50 50 50 50 50 50 50 50 50 51 51 51 50 51 51 51 51 51 50 50 50 51 51 51 51 52 51 51 52 52 52 52 52 52 52 52 52 52 51 51 51 52 52 52 52 52 52 52 53 52 52 53 53 53 53 53 53 54 54 54 54 54 54 54 54 55 55 55 55 55 55 56 56 56 56 56 56 56 57 56 56 57 57 56 56 56 56 55 56 56 56 57 57 57 57 58 58 58 58 57 58 58 58 59 59 59 59 59 60 60 61 61 61 61 62 63 44 44 44 44 44 44 44 45 45 45 45 45 45 45 45 45 45 45 46 46 45 45 45 45 44 44 43 43 43 42 42 43 44 44 44 44 44 44 44 45 45 45 45 44 45 45 46 47 47 47 47 47 47 47 47 47 47 47 47 47 47 47 47 47 48 47 47 47 47 48 48 48 48 49 49 48 48 48 48 48 47 48 48 48 48 48 48 48 47 46 46 47 46 46 47 48 48 47 46 46 47 47 47 46 47 47 48 48 49 49 49 49 49 49 48 47 47 47 47 47 48 47 47 48 49 48 48 48 49 49 48 48 49 49 48 48 47 47 47 47 47 47 47 46 46 46 46 46 47 47 47 46 46 46 46 46 46 46 46 46 46 47 47 47 47 47 48 48 49 49 48 48 48 48 48 50 49 50 50 50 50 51 51 50 50 50 49 49 49 49 49 48 48 48 48 49 49 49 49 49 48 48 49 49 48 48 48 48 48 48 49 48 48 48 48 48 48 48 48 48 48 48 48 48 48 48 48 48 48 48 48 48 48 49 48 48 49 50 49 49 48 48 49 49 50 51 50 50 49 49 49 49 49 49 49 49 49 49 49 49 49 49 49 49 49 49 49 48 48 49 48 48 48 48 49 50 50 50 50 50 50 50 50 50 50 50 50 50 51 51 51 51 51 50 50 50 50 51 51 51 51 51 51 52 52 52 52 52 52 52 52 52 52 52 52 52 52 52 52 52 52 52 53 53 52 52 52 52 52 52 53 53 53 53 53 54 54 54 54 54 54 54 55 55 55 55 55 55 55 56 56 56 56 56 56 56 56 56 57 57 57 56 56 56 56 56 56 56 56 56 56 57 57 58 58 58 58 58 58 58 59 59 59 59 59 59 60 60 60 60 60 61 61 62 63 45 45 45 45 45 45 45 45 45 45 45 45 45 45 45 45 45 46 46 45 45 45 44 44 44 44 43 43 42 42 43 44 44 44 44 44 44 45 45 45 45 45 45 45 47 47 47 48 48 48 48 48 48 48 48 47 47 47 47 47 47 47 47 47 48 48 48 48 48 48 48 48 48 48 48 48 48 48 48 48 48 48 48 48 48 48 47 47 47 47 47 46 47 47 47 48 47 46 47 48 47 47 47 48 48 48 48 48 49 48 48 48 48 48 49 49 48 48 48 47 47 48 49 49 49 49 49 48 48 48 48 49 48 47 47 47 47 47 47 47 47 47 46 47 47 46 46 46 46 46 46 46 46 46 46 46 46 46 46 46 46 47 47 48 48 49 48 49 48 49 49 49 49 50 49 50 50 50 50 51 51 50 50 49 49 48 49 49 49 49 49 49 48 48 49 49 49 49 49 49 48 49 48 48 48 48 48 49 48 48 48 48 48 48 48 48 48 48 48 48 49 49 48 48 48 48 48 48 49 49 49 49 49 49 50 50 50 50 49 49 49 50 51 51 50 50 49 50 49 50 49 49 49 49 49 49 49 49 49 49 49 49 49 49 49 49 49 49 49 49 49 49 49 50 50 50 50 50 50 50 50 50 50 50 50 50 50 51 51 50 50 50 51 51 50 51 51 51 51 51 51 51 52 52 52 52 52 52 52 52 52 52 52 52 52 52 52 52 52 52 52 52 52 52 52 52 52 52 53 53 53 53 53 53 53 54 54 54 54 55 55 55 55 55 55 55 56 56 56 56 56 56 57 56 56 56 56 56 56 56 56 56 56 56 56 56 56 56 56 56 57 57 57 57 57 58 58 58 59 59 59 59 59 59 59 60 60 61 61 62 63 63 64 45 45 45 46 46 45 45 46 46 46 46 46 46 46 46 46 46 45 45 45 44 44 45 44 44 44 43 43 43 43 43 43 43 44 44 45 45 45 45 45 45 45 46 47 48 48 48 48 48 48 48 48 48 48 48 47 47 47 47 47 47 48 48 48 48 48 49 49 49 49 49 48 48 48 48 48 48 48 49 49 49 49 49 48 48 48 47 47 47 47 47 48 48 48 47 47 48 48 48 47 47 47 48 49 48 48 49 49 49 48 48 49 50 49 48 49 49 47 48 48 49 49 49 49 49 49 49 49 49 49 49 48 47 47 47 47 47 48 48 47 47 47 47 46 46 46 46 46 46 46 46 46 46 46 47 46 47 47 47 46 47 47 48 48 48 47 48 48 49 49 49 50 50 51 51 51 50 51 51 51 51 50 49 49 49 49 49 49 49 49 49 48 49 49 49 49 50 49 49 49 48 48 48 48 48 49 49 48 48 48 48 48 48 48 48 48 48 49 49 49 48 48 48 49 49 49 49 49 50 50 50 50 50 50 50 50 50 50 50 50 51 51 51 51 51 50 49 50 51 50 49 49 50 49 49 49 49 48 48 49 49 49 49 49 49 50 50 50 50 49 49 51 51 51 51 51 51 51 51 51 51 50 50 50 50 51 51 51 50 50 51 51 51 51 51 51 51 51 51 51 52 52 52 52 52 52 52 52 52 53 52 52 52 52 52 52 52 52 52 52 52 52 52 52 52 52 52 52 53 53 53 53 53 53 54 54 54 55 55 55 55 55 55 55 56 56 55 56 56 56 56 56 56 56 56 56 56 56 56 56 56 56 56 57 56 56 56 56 56 56 57 58 58 58 58 58 58 58 59 59 60 60 60 60 60 61 62 63 63 63 63 64 46 46 46 46 46 46 46 46 46 46 46 46 45 44 44 44 44 45 45 45 44 44 43 43 43 43 43 44 44 45 45 45 45 45 45 46 46 47 48 48 47 48 48 48 48 48 48 48 48 48 48 48 48 48 48 48 48 47 48 48 49 49 49 49 49 49 48 48 48 49 49 49 49 49 49 49 49 49 49 48 47 47 47 47 47 48 48 48 47 47 47 47 48 48 48 47 48 49 49 49 48 48 48 49 49 49 49 49 48 49 49 49 49 48 49 49 49 49 49 49 49 49 49 49 49 48 48 47 47 47 47 47 47 48 47 48 47 47 46 46 46 46 46 46 46 46 47 47 47 47 47 48 48 48 47 47 47 47 47 47 48 48 48 49 49 50 51 50 51 51 51 51 51 51 51 51 51 50 49 49 49 49 49 49 49 49 49 49 49 49 49 49 50 50 49 49 48 48 48 48 49 49 49 49 48 48 48 48 48 48 48 49 49 49 49 49 49 49 49 50 50 50 50 50 50 50 50 50 50 50 50 50 50 50 51 50 50 50 51 51 51 51 51 51 50 50 50 50 49 49 49 49 49 49 48 49 49 49 49 50 50 50 50 50 50 49 51 51 51 51 51 51 51 51 51 51 50 50 50 51 51 51 51 51 51 51 51 51 51 51 51 51 51 51 51 51 51 51 51 51 52 52 52 52 52 53 53 53 53 53 53 52 53 53 53 53 53 53 52 52 52 53 53 53 53 53 53 53 53 53 54 54 54 55 55 55 55 55 55 55 55 56 56 56 56 56 56 56 57 57 56 56 56 56 56 56 56 56 57 57 56 57 57 57 57 57 57 58 58 58 59 59 59 60 59 59 60 60 60 60 61 62 62 62 61 62 63 64 64 64 64 63 63 64 64 46 46 46 46 46 46 46 46 46 46 46 46 45 44 44 43 44 44 45 45 44 44 44 44 44 44 44 44 44 45 45 45 45 45 46 47 48 48 48 48 48 47 48 48 49 49 49 48 49 49 49 49 49 48 48 48 48 48 48 48 49 49 49 49 49 50 49 49 49 49 49 49 49 49 49 49 49 49 49 49 49 48 47 47 48 48 48 48 48 47 48 48 48 49 49 48 48 49 49 49 49 49 49 49 49 49 50 49 49 49 50 50 49 48 49 49 49 49 49 49 49 49 49 49 49 48 48 48 47 47 47 47 47 47 47 48 47 47 47 46 46 46 46 46 46 47 46 47 47 48 48 49 48 47 47 47 47 48 48 48 48 48 48 49 49 50 51 51 51 52 51 51 51 51 51 51 51 50 50 49 49 50 50 50 50 50 49 49 49 49 49 49 49 50 50 49 48 48 48 49 49 49 49 49 48 48 48 48 48 48 49 49 50 50 50 49 49 49 50 50 50 50 50 50 50 50 50 50 50 50 49 50 50 51 51 50 50 50 51 50 51 51 51 51 50 50 50 50 49 50 49 49 49 49 49 49 50 50 50 50 50 50 50 50 50 50 51 51 51 51 51 51 51 51 51 50 50 50 50 51 51 51 51 51 51 51 51 51 51 51 51 51 51 51 51 51 51 51 51 51 52 52 52 52 52 52 52 52 52 52 52 52 52 53 53 53 53 53 53 53 53 53 53 53 53 53 54 53 53 54 54 54 54 54 55 55 55 55 55 55 55 56 56 56 56 56 56 57 57 57 57 56 57 57 56 56 56 56 56 58 57 57 57 58 58 57 57 57 58 58 59 59 59 59 60 59 59 60 60 61 61 62 61 61 61 61 61 62 63 63 63 62 62 63 63 63 64 47 47 46 46 46 47 47 46 46 46 46 46 46 45 44 44 44 44 44 44 44 44 44 45 45 45 45 45 45 45 45 45 45 46 47 47 47 48 48 48 48 48 48 49 49 49 49 49 49 49 49 49 49 49 49 48 49 49 49 49 49 49 49 50 50 49 49 49 49 49 49 49 49 49 49 49 49 49 49 49 49 49 48 47 47 48 48 49 48 48 48 48 48 49 49 49 49 50 50 49 49 49 49 49 49 49 50 49 49 49 50 50 49 49 50 49 49 49 49 49 49 49 49 48 48 48 47 48 48 47 47 47 47 47 47 47 47 47 47 47 47 47 46 46 46 47 47 47 47 48 48 49 48 47 47 48 48 49 49 49 48 49 49 48 49 49 51 52 52 51 51 51 51 51 51 52 51 50 50 49 50 50 50 50 50 49 49 49 50 50 49 49 49 49 49 50 49 49 49 49 49 49 49 49 49 48 48 48 49 49 49 49 50 50 50 50 50 50 50 50 50 50 50 49 50 50 50 50 50 49 50 50 51 51 50 50 50 50 50 50 50 50 50 50 51 51 51 51 51 50 50 50 50 49 49 49 49 50 50 50 50 50 50 50 50 50 51 51 51 51 51 51 51 50 50 50 50 50 51 51 51 51 51 51 51 51 51 51 51 51 51 51 51 51 51 51 51 51 51 51 51 51 52 52 52 52 52 52 52 52 52 52 52 52 53 53 53 53 53 53 54 54 53 53 53 53 53 53 53 54 54 54 54 55 55 55 55 55 55 55 55 55 55 55 55 56 56 56 56 57 57 57 57 57 57 56 56 56 56 57 58 57 57 58 58 58 58 57 57 58 58 58 59 59 60 60 60 61 62 62 62 61 60 60 60 60 61 61 62 62 63 62 61 61 62 62 63 64 47 47 47 47 47 47 47 47 46 46 46 45 44 44 44 44 45 44 44 44 44 44 45 45 45 46 46 46 45 46 45 45 45 46 46 47 47 48 48 48 48 48 49 49 48 49 49 49 49 49 49 49 49 49 49 49 49 49 49 49 49 50 50 50 50 49 49 49 49 49 49 49 49 49 49 49 49 49 49 49 48 48 47 48 48 48 49 48 49 48 48 48 49 50 50 50 50 50 50 50 49 50 49 50 50 50 49 49 49 50 49 49 49 49 50 50 50 50 50 49 49 49 48 48 47 47 47 47 47 47 47 47 47 47 47 47 47 47 47 47 47 47 46 46 47 47 47 48 48 49 49 48 48 48 48 49 49 50 50 49 49 50 49 49 50 52 52 52 52 51 51 51 52 52 52 51 51 50 50 50 50 50 50 50 50 50 50 50 50 50 49 49 49 49 49 49 49 49 49 49 49 49 49 49 49 48 48 49 49 49 50 50 50 50 50 50 50 50 50 50 50 50 50 50 50 50 49 50 49 50 50 50 50 50 50 50 50 50 50 50 50 51 50 50 50 51 51 50 51 51 51 50 50 50 50 50 50 50 50 50 50 50 50 50 50 51 51 51 51 51 50 50 50 50 51 51 51 51 51 51 51 51 51 51 51 51 51 51 51 51 51 51 51 51 51 51 51 51 51 51 51 51 51 52 52 52 52 52 52 52 52 52 53 53 53 54 54 53 54 54 53 53 54 54 55 54 54 54 54 54 54 54 54 54 55 55 55 55 55 55 55 55 55 56 56 56 56 56 56 57 57 57 57 57 57 56 56 56 57 58 58 57 58 58 58 58 58 57 58 58 58 59 60 60 61 61 62 62 62 62 61 61 60 60 60 60 61 62 61 61 63 62 61 62 62 63 64 64 47 47 47 47 47 47 47 47 46 45 44 44 44 44 45 46 45 45 45 44 44 44 44 45 45 46 45 46 46 46 46 46 46 47 47 47 47 48 48 48 48 48 49 48 48 49 49 49 49 49 49 49 49 49 49 49 50 50 49 49 49 49 50 50 50 49 49 49 49 49 49 49 49 49 49 49 49 49 49 50 49 48 48 48 48 49 49 49 49 49 49 50 50 50 50 50 50 51 50 50 50 50 50 50 51 50 50 49 49 50 50 50 49 49 50 50 50 50 50 50 49 49 48 48 48 48 48 48 49 48 48 47 47 47 47 47 47 47 47 48 47 47 47 47 47 47 47 47 48 48 49 49 49 49 48 50 50 50 51 51 50 50 50 49 50 52 52 52 52 52 52 51 52 52 52 51 51 50 50 50 50 50 50 50 50 50 50 50 50 50 49 50 50 49 49 49 50 50 49 49 50 49 49 49 49 48 48 49 49 49 50 49 50 50 50 50 50 50 50 50 50 50 50 49 50 50 50 50 50 50 50 50 50 50 50 50 50 50 50 50 51 50 51 50 50 50 50 50 50 50 50 50 50 50 50 50 50 50 50 50 49 50 49 49 49 51 51 51 51 51 51 51 51 51 51 51 51 51 51 51 51 51 51 51 51 51 51 51 51 51 51 51 51 51 51 51 51 51 51 51 51 52 52 52 52 52 52 52 52 52 52 52 53 53 53 53 54 54 54 54 54 54 54 55 55 55 55 55 55 55 55 55 54 54 54 54 55 56 56 56 56 57 56 56 57 56 56 56 56 56 57 57 57 57 57 57 57 56 56 57 57 57 57 58 58 58 58 58 58 58 58 58 59 60 61 61 61 61 61 61 61 62 61 61 60 60 61 61 61 61 62 62 61 61 62 63 63 63 64 47 47 47 48 48 47 47 46 45 44 45 45 45 46 46 46 46 45 45 44 44 45 45 45 45 45 45 45 46 47 47 47 48 48 48 47 48 48 48 48 48 48 48 48 49 49 49 50 49 49 49 50 50 50 50 50 50 50 50 50 50 50 50 50 49 49 49 49 50 50 50 50 50 50 50 50 50 50 50 50 49 48 49 49 49 49 49 49 49 49 50 51 51 50 50 51 51 51 50 50 50 50 50 50 50 49 50 50 50 50 50 49 50 50 50 50 50 50 50 49 49 48 48 48 48 48 49 49 48 48 48 47 47 47 47 48 48 48 48 47 47 47 47 47 47 47 47 47 48 49 49 49 49 49 50 50 50 51 51 51 51 51 50 50 52 52 53 52 52 52 52 52 52 51 50 50 50 50 51 51 50 50 50 50 51 51 50 50 50 50 50 50 49 49 49 49 49 49 49 49 49 49 49 49 49 48 49 49 49 49 49 49 49 50 50 50 50 50 50 50 50 50 50 50 50 50 50 50 50 50 50 50 50 50 50 50 50 50 50 50 50 50 50 50 50 50 50 50 50 50 50 50 50 50 50 50 50 50 50 50 49 49 49 49 51 51 51 51 51 51 51 51 51 51 51 51 51 51 51 51 51 51 51 51 51 51 51 51 51 51 51 51 51 51 51 51 51 51 51 52 52 52 52 52 52 53 52 52 52 52 52 53 53 52 52 53 53 53 53 53 54 54 54 54 54 53 54 55 55 56 56 55 55 55 55 55 56 57 57 57 57 57 56 56 56 56 56 56 56 56 57 57 57 57 57 57 56 56 56 57 57 57 58 58 58 59 58 58 58 59 59 59 59 60 60 61 61 61 60 61 61 61 61 61 60 60 61 61 61 61 61 61 62 61 62 62 62 63 64 48 48 48 48 48 47 46 45 45 46 46 46 46 46 47 47 46 45 45 45 45 45 45 45 46 46 46 46 46 46 47 47 48 48 48 48 48 48 49 49 49 48 49 49 49 49 49 49 50 50 50 50 50 50 50 50 50 50 50 50 50 50 50 49 50 50 50 50 50 50 50 50 50 50 50 50 51 50 50 49 49 49 50 50 49 49 49 50 50 50 51 51 51 51 51 51 51 51 51 50 51 50 50 50 50 51 50 50 50 50 50 50 50 51 51 51 50 49 49 48 48 48 49 49 48 49 49 49 48 48 48 47 48 48 48 48 48 47 47 47 47 47 47 48 48 48 48 49 49 50 50 50 50 50 51 51 51 52 52 52 52 51 51 53 53 53 53 53 52 52 51 51 50 50 50 50 50 50 50 50 50 50 50 50 51 51 50 50 50 50 50 49 49 50 50 50 49 49 49 49 50 49 49 49 49 49 49 49 49 49 49 50 50 50 50 50 50 50 50 50 50 50 50 50 50 50 50 50 50 50 50 50 50 50 50 50 50 50 50 50 50 50 50 50 50 50 50 50 50 50 50 50 50 50 50 50 50 50 50 50 50 49 49 51 51 51 51 51 51 51 51 51 51 51 51 51 51 51 51 51 51 51 51 51 51 51 51 51 51 51 51 51 51 51 51 51 51 52 52 52 52 52 52 52 52 52 52 53 53 53 53 53 52 52 52 52 52 51 51 52 52 53 53 53 53 53 54 55 55 56 56 56 56 57 56 56 57 57 57 57 57 57 57 57 56 56 56 56 56 57 57 57 58 58 57 56 57 57 57 57 57 58 58 58 59 59 59 59 59 59 59 60 60 60 60 60 60 60 61 61 60 60 60 60 60 60 61 61 61 61 62 62 62 63 62 63 63 64 65 65 48 48 48 48 48 48 47 46 46 46 46 47 47 47 47 46 45 46 45 45 45 45 45 46 47 47 47 47 47 47 47 47 48 49 49 49 48 48 50 50 49 49 49 49 49 49 49 50 50 50 50 50 50 50 50 50 50 50 50 50 50 50 50 51 51 51 51 51 51 51 51 51 51 52 52 52 52 51 51 50 50 51 51 51 51 51 51 51 51 52 52 51 51 52 51 52 53 52 52 52 52 52 52 52 52 52 52 52 52 52 52 51 51 51 51 50 50 50 49 49 49 49 49 49 49 49 49 49 49 49 49 49 48 48 48 48 48 47 47 48 48 48 48 49 49 49 49 50 50 50 51 52 52 52 52 52 53 53 53 53 52 52 52 52 52 52 51 51 50 50 50 50 50 50 50 50 49 50 50 49 49 50 50 50 49 49 49 49 48 48 48 49 48 49 49 48 48 48 48 48 48 48 48 48 48 49 48 48 48 48 49 49 50 50 50 50 50 50 50 50 50 50 50 50 50 50 50 50 50 50 50 50 50 50 50 50 50 50 50 50 50 50 50 50 50 50 50 50 50 50 50 50 50 50 50 50 50 50 50 50 50 50 50 50 50 50 50 50 50 50 50 50 50 50 50 50 50 50 50 50 50 50 50 50 50 50 50 50 50 50 50 50 50 50 50 50 50 50 50 50 51 51 51 51 51 51 51 51 51 51 51 51 53 53 52 52 52 52 53 53 53 53 53 53 53 54 54 55 55 55 56 57 57 57 57 57 57 58 58 58 58 58 57 57 56 56 57 57 57 57 57 58 58 58 57 58 57 57 57 58 58 58 59 59 59 59 59 59 59 59 60 61 60 60 60 60 60 61 61 61 60 61 62 62 62 62 61 62 62 63 63 63 64 64 64 65 65 65 65 65 65 49 48 48 48 47 47 47 47 47 47 47 46 46 46 46 45 45 46 46 46 45 46 46 47 47 48 48 48 48 48 49 50 49 48 48 49 50 50 50 50 50 50 50 50 50 50 50 50 51 50 50 50 50 50 50 50 50 51 50 51 51 51 51 51 51 51 51 51 51 51 51 51 52 52 52 52 51 51 51 52 52 52 52 52 51 52 52 52 51 51 51 51 51 52 52 52 52 52 52 52 53 52 52 52 52 53 53 52 52 51 51 51 50 51 50 49 49 49 49 50 49 49 49 49 49 49 49 49 49 48 48 48 48 48 48 48 48 48 48 48 49 49 49 50 50 49 50 51 52 52 52 52 53 53 53 53 53 53 53 53 52 52 51 51 51 51 51 50 50 50 50 51 50 50 50 50 50 49 49 49 49 49 48 48 48 49 49 49 49 49 49 49 49 49 48 48 48 48 48 49 49 49 49 48 48 48 48 49 49 50 50 50 50 50 50 50 50 50 50 50 50 50 50 50 51 50 50 51 50 50 50 50 50 50 50 50 50 50 50 50 50 50 50 50 50 50 50 51 50 50 50 50 50 50 50 50 50 50 50 50 50 50 50 50 50 50 50 50 50 50 50 50 50 50 50 50 50 50 50 50 50 50 50 50 50 50 50 50 50 50 50 50 50 50 50 51 51 51 51 51 51 51 51 51 51 51 51 52 52 54 53 53 52 53 53 54 55 54 53 53 53 54 53 54 55 55 55 55 56 56 56 57 57 57 57 58 58 58 57 57 57 57 56 57 57 58 57 57 57 58 58 58 58 58 58 58 58 58 58 58 59 59 59 59 59 59 59 60 60 61 61 61 60 60 60 60 60 60 61 61 61 62 63 63 63 63 63 64 65 65 65 65 65 65 65 64 65 65 49 48 47 47 47 47 47 47 46 46 47 46 46 46 47 47 46 45 45 45 46 47 47 47 48 48 49 49 50 49 49 49 48 48 49 49 50 50 50 50 50 50 50 50 51 51 51 51 50 50 50 50 51 51 51 51 51 51 51 51 51 51 51 51 51 51 52 51 52 52 52 52 52 52 52 52 52 52 52 52 52 52 52 52 51 51 51 51 51 51 52 53 53 53 52 52 53 53 53 52 53 53 54 53 52 52 50 50 50 51 51 50 50 49 49 49 49 49 49 49 49 49 49 49 49 49 49 49 48 48 48 48 48 48 48 48 49 49 49 49 49 49 49 50 50 51 52 52 53 53 53 53 53 53 54 53 53 52 51 51 51 51 51 51 50 50 50 51 51 51 50 50 51 50 49 49 50 49 49 50 49 49 49 48 49 49 49 49 50 49 48 48 48 48 48 49 49 49 49 49 48 48 48 49 49 49 50 50 51 51 50 50 51 50 50 50 50 50 51 51 50 51 51 51 51 51 51 51 50 51 51 50 50 50 50 50 50 50 50 50 50 50 50 50 51 51 51 51 50 50 50 50 50 50 50 50 50 50 50 50 50 50 50 50 50 50 50 50 50 50 50 50 50 50 50 50 50 50 50 50 50 50 50 50 50 50 50 50 50 50 50 50 50 51 51 51 51 51 51 51 51 51 51 52 52 52 54 54 53 53 53 53 53 54 54 54 53 53 54 53 53 54 55 55 55 55 56 56 56 56 56 56 57 57 57 57 57 57 57 57 57 57 57 57 57 57 57 58 58 58 58 58 58 58 57 57 58 59 59 59 58 59 59 60 60 59 60 60 60 60 61 60 60 60 61 61 61 62 63 63 63 63 64 64 64 64 64 64 65 64 64 64 64 65 66 66 49 48 48 47 47 47 47 47 46 47 47 47 47 47 47 46 46 46 46 45 46 47 47 47 48 49 50 50 50 50 50 49 49 49 50 50 50 51 50 50 51 51 51 51 51 51 51 51 51 51 51 51 51 51 51 51 51 51 51 51 51 51 51 52 51 51 51 52 52 52 52 52 52 52 52 52 52 52 52 52 52 52 52 51 51 51 51 51 52 52 52 53 53 52 53 53 53 53 53 53 53 54 53 52 52 50 50 50 51 51 51 51 50 50 49 49 49 49 49 49 49 49 49 49 49 49 49 48 48 48 49 49 49 49 49 49 49 49 49 49 49 49 50 50 51 52 53 53 53 53 53 53 53 54 53 52 52 51 51 51 51 51 51 51 50 51 52 52 51 50 51 51 51 50 50 50 50 50 50 49 49 49 48 49 49 49 49 50 49 49 48 49 48 49 49 49 49 49 48 48 48 49 49 49 49 50 50 51 51 51 51 51 51 50 50 50 50 51 51 51 51 51 51 51 51 51 51 51 51 51 51 50 50 50 50 50 50 50 50 50 50 51 51 51 51 51 51 51 50 50 50 50 50 50 50 50 50 50 50 50 50 50 51 51 50 50 50 50 50 50 50 50 50 50 50 50 50 50 50 50 50 50 50 50 50 50 50 50 50 50 50 50 51 51 51 51 51 51 51 51 51 51 51 51 52 54 54 54 54 54 53 53 54 54 54 54 53 53 53 53 54 54 55 55 56 56 56 56 56 57 57 57 57 57 57 58 58 57 57 57 57 57 57 57 57 57 57 58 58 58 58 58 58 58 57 57 58 59 59 58 59 59 60 60 59 60 60 60 60 60 60 60 61 61 61 61 62 63 63 63 63 63 64 64 64 64 63 64 63 63 64 65 66 66 66 66 49 49 49 48 48 48 47 47 47 47 47 47 48 48 47 47 47 48 48 47 46 46 46 47 47 48 50 50 51 51 51 51 50 50 50 50 50 51 51 51 51 51 51 50 51 51 51 51 51 51 51 51 51 51 51 51 51 52 51 51 52 52 52 52 52 52 52 52 52 52 52 52 52 52 52 52 52 52 52 52 52 52 52 52 51 51 51 51 51 51 52 52 53 53 53 53 54 54 54 53 53 54 54 53 53 52 50 50 50 51 51 51 50 50 50 49 49 49 49 49 49 49 49 49 49 49 49 49 49 48 49 49 49 50 50 49 49 49 49 49 49 49 50 50 51 51 52 52 52 53 53 53 53 53 54 54 53 53 52 52 51 51 51 52 52 51 51 51 51 51 50 50 50 50 51 51 51 51 50 50 50 50 49 49 49 50 49 49 50 50 49 49 49 49 49 49 49 49 49 49 49 49 49 49 49 49 50 50 51 51 51 51 51 51 51 51 51 51 51 51 51 51 51 51 51 51 51 51 51 51 51 51 51 51 51 50 51 50 50 50 50 51 51 51 51 51 51 51 51 51 50 51 50 50 50 50 50 50 50 50 50 51 51 51 51 51 50 50 50 50 50 50 50 50 51 51 51 50 50 50 50 50 50 51 51 50 50 51 51 51 51 51 51 51 51 51 51 50 50 50 51 51 51 51 51 51 53 54 54 55 55 54 54 54 55 55 54 54 54 54 54 54 54 54 55 55 56 55 56 57 57 57 57 57 57 58 58 58 57 57 57 57 57 57 57 57 57 57 58 58 58 58 58 59 59 58 58 57 58 59 58 59 59 59 59 59 59 59 59 59 60 61 61 61 62 62 62 63 63 62 62 62 63 63 64 64 63 63 63 64 64 65 65 66 66 65 65 50 50 49 49 49 48 48 48 47 48 48 48 48 48 48 48 48 48 48 48 48 48 46 46 48 48 49 49 50 51 51 51 51 51 51 51 51 51 51 51 51 50 50 50 51 51 51 51 51 51 51 51 51 51 51 51 52 52 52 52 52 52 52 52 52 52 52 52 52 52 52 52 52 52 52 52 52 52 52 52 52 52 52 52 52 51 51 51 52 52 52 52 52 52 53 53 53 54 54 54 53 53 54 53 53 52 52 50 50 50 50 51 51 51 50 50 50 49 49 49 49 49 49 49 49 49 49 49 49 49 49 49 49 49 50 49 49 49 50 50 50 50 50 50 50 51 52 52 52 52 53 53 53 53 54 54 54 53 52 52 52 51 51 52 52 51 51 51 51 51 51 51 51 50 50 50 50 50 50 50 51 51 50 49 49 49 50 49 49 49 50 50 50 49 49 50 50 50 50 50 49 49 49 50 49 50 50 51 51 51 51 51 51 51 51 51 51 51 51 51 51 51 51 51 51 51 51 51 51 51 51 51 51 51 51 51 51 51 51 50 50 50 51 51 51 51 51 51 51 51 51 51 51 51 51 50 50 50 50 50 50 50 50 51 51 51 51 51 51 51 51 51 50 50 50 51 51 51 51 50 50 50 50 50 51 51 51 50 51 51 51 51 51 51 51 51 51 51 51 51 51 51 51 51 51 52 52 54 54 54 54 54 55 55 54 55 55 55 54 55 54 54 54 54 54 55 55 55 56 56 56 56 56 56 57 57 57 57 57 57 57 57 57 57 57 57 57 57 57 58 58 58 58 58 58 59 59 58 58 58 58 58 59 59 59 58 58 58 59 60 60 60 60 60 60 61 62 62 62 62 61 62 63 63 63 64 64 64 63 63 64 64 64 65 65 65 64 64 50 50 50 50 49 49 49 48 48 49 49 49 49 48 48 49 49 49 49 49 48 48 47 46 48 48 49 49 50 51 51 51 51 51 52 52 52 52 51 51 50 50 50 50 51 51 51 52 51 51 51 51 51 51 51 51 52 52 52 52 52 52 52 52 52 52 52 52 52 52 52 52 52 52 52 52 52 52 52 52 52 52 52 53 52 51 51 51 52 52 53 52 52 52 52 53 53 54 53 54 54 53 53 53 52 52 52 50 50 50 50 50 51 51 51 50 50 50 49 49 49 50 50 50 50 49 49 49 49 49 49 49 49 49 49 49 50 50 50 50 51 50 50 50 50 51 51 52 52 52 53 53 53 54 54 54 54 53 53 52 51 51 51 52 51 51 51 51 52 51 50 51 51 51 51 50 50 50 50 50 50 51 50 50 50 50 50 50 49 50 50 51 51 50 50 50 50 51 50 50 49 49 50 50 50 50 50 51 51 51 51 51 51 51 51 51 51 51 51 51 51 51 51 51 51 51 51 51 51 51 51 51 51 51 51 51 51 51 51 51 51 51 51 51 51 51 51 51 51 51 51 51 51 51 51 51 51 51 51 51 51 51 51 51 51 51 51 51 51 51 51 51 51 50 51 51 51 51 51 51 50 51 50 51 51 51 51 51 51 51 51 51 51 51 51 50 51 51 52 52 52 51 51 51 51 52 52 54 54 55 54 54 54 55 55 55 55 55 55 55 55 55 55 55 54 55 55 55 55 56 56 56 56 57 56 56 57 57 57 57 57 57 57 57 57 57 57 57 57 57 58 58 58 58 58 59 59 59 59 58 58 59 59 59 58 58 59 59 60 61 60 60 59 59 60 61 61 61 62 62 61 61 62 63 64 64 64 64 63 63 64 64 64 65 65 64 63 64 64 50 50 50 50 50 50 49 49 49 49 49 48 48 49 49 49 49 49 49 48 47 47 48 48 49 49 49 50 50 50 51 51 52 52 52 52 52 51 51 51 50 51 51 51 52 52 52 52 52 51 52 52 52 51 52 52 52 52 52 52 52 52 52 52 52 52 52 52 53 53 52 52 52 52 52 52 52 52 52 53 53 53 53 52 51 51 52 52 52 52 53 52 52 52 53 53 53 53 54 53 53 52 52 52 52 52 51 51 51 50 50 51 51 51 51 51 50 50 50 50 50 50 50 50 50 50 49 49 49 49 49 50 49 49 49 50 50 50 50 50 50 50 50 50 51 51 51 52 52 52 53 53 53 54 55 54 53 53 52 51 51 51 51 51 51 51 52 51 51 51 50 50 51 51 51 51 51 51 50 50 50 50 51 51 51 51 50 50 50 51 51 51 51 50 50 50 50 50 49 49 50 50 50 50 50 50 51 51 51 51 51 51 51 51 51 51 51 51 51 51 51 51 51 51 51 51 51 51 51 51 51 51 51 51 51 51 51 51 51 51 51 51 51 51 51 51 51 51 51 51 51 51 51 51 51 51 51 51 51 51 51 51 51 51 51 51 51 51 51 51 51 51 51 51 51 51 51 51 51 51 51 51 51 51 51 51 51 51 51 51 51 51 51 51 50 51 51 51 52 53 52 52 52 52 51 52 54 54 55 55 55 55 55 55 56 55 55 55 55 55 55 55 55 55 55 55 55 55 55 55 56 56 56 56 56 57 56 56 57 57 56 57 57 57 57 58 58 57 57 57 58 58 58 58 58 59 59 59 59 58 58 59 58 58 59 59 60 60 60 61 60 60 59 60 60 61 60 61 62 61 61 62 62 63 64 64 64 63 63 63 64 64 65 64 64 64 63 64 64 64 50 50 50 50 50 50 49 49 49 49 49 49 49 49 49 49 49 49 48 47 48 49 49 49 49 49 50 50 50 50 51 52 52 52 52 52 52 52 51 51 52 51 52 52 52 52 52 52 52 52 52 52 52 52 52 52 52 52 53 53 53 53 53 52 52 52 53 53 53 52 53 53 53 53 53 53 53 53 53 53 53 53 53 52 51 51 52 51 52 52 52 52 52 52 53 53 53 53 52 52 52 51 51 52 52 51 51 51 50 51 51 51 51 51 51 51 50 50 50 50 50 49 50 50 49 49 49 50 50 50 50 50 49 49 49 50 50 50 50 50 50 50 50 51 51 51 52 52 52 53 53 53 53 54 54 53 52 51 51 51 51 51 51 51 52 51 51 51 51 51 50 50 50 51 51 50 51 51 50 50 50 50 51 51 50 51 51 51 51 51 51 51 50 50 50 50 50 50 50 50 50 50 50 50 50 51 51 51 51 51 51 51 51 51 51 51 51 51 51 51 51 51 51 51 51 51 51 51 51 51 51 51 51 51 51 51 51 51 51 51 51 51 51 51 51 51 51 51 51 51 51 51 51 51 51 51 51 51 51 51 51 51 51 51 51 51 51 51 51 51 51 51 51 51 51 51 51 51 51 51 51 51 51 51 51 51 51 51 51 51 51 51 51 51 50 51 51 51 52 52 53 53 52 52 52 53 54 54 55 55 55 55 55 55 55 56 55 55 55 55 55 55 55 55 55 55 55 55 55 55 56 56 56 56 56 56 56 56 56 56 57 57 57 57 58 58 58 57 57 58 58 58 58 58 59 59 58 58 59 58 58 58 59 59 59 59 60 60 60 60 60 59 60 60 60 60 61 61 61 61 61 62 63 63 63 63 63 63 63 64 64 65 64 64 63 63 63 64 64 51 51 51 51 51 50 50 49 50 50 50 50 49 48 48 48 48 48 49 48 48 48 49 49 49 50 50 49 50 50 51 52 52 52 52 52 52 52 52 52 52 52 52 52 53 52 52 52 52 52 52 52 52 52 52 52 52 53 53 53 53 53 53 53 53 53 53 53 53 53 53 53 53 53 53 53 53 53 53 53 53 53 53 52 52 51 51 52 52 53 53 52 52 52 53 53 53 53 52 52 52 52 51 52 52 51 51 51 51 51 51 51 51 51 50 50 50 50 50 50 50 50 49 50 50 49 50 50 50 50 50 50 50 50 50 50 50 50 50 50 50 50 50 50 50 51 51 52 52 52 52 52 53 53 53 53 53 52 52 52 52 52 51 51 51 51 51 51 51 50 51 50 50 50 50 50 50 50 50 50 50 50 51 51 50 51 51 51 51 52 51 51 51 50 50 50 50 50 50 50 50 50 50 50 50 51 51 51 51 51 51 51 51 51 51 51 51 51 51 51 51 51 51 51 51 51 51 51 51 51 51 51 51 51 51 51 51 51 51 51 51 51 51 51 51 51 51 51 51 51 51 51 51 51 51 51 51 51 51 51 51 51 51 51 51 51 51 51 51 51 51 51 51 51 51 51 51 51 51 51 51 51 51 51 51 51 51 51 52 52 52 52 52 51 51 51 51 51 52 52 53 53 53 53 52 54 54 54 54 55 55 55 55 55 55 55 55 55 55 55 55 56 56 56 55 55 55 55 55 56 56 56 56 56 56 56 56 56 56 57 57 57 57 57 57 57 58 58 58 57 58 58 58 58 58 59 59 58 58 58 59 59 59 59 60 60 60 60 60 60 60 60 60 60 60 61 61 61 60 61 61 62 62 62 63 63 64 63 63 63 64 65 65 65 64 63 63 64 64 65 51 51 51 50 50 50 50 50 50 49 48 48 48 48 49 49 49 49 48 49 49 49 49 50 50 50 51 51 52 51 51 52 52 53 53 52 52 52 52 52 52 53 53 53 53 53 53 53 53 52 52 52 52 53 53 53 53 53 53 53 53 53 53 53 53 53 53 53 53 53 53 53 54 53 53 53 53 53 54 53 53 53 52 52 52 52 52 53 52 53 53 53 53 53 52 52 52 52 52 52 52 52 51 51 51 51 51 52 52 51 51 51 50 50 50 51 51 50 50 50 50 50 50 50 50 50 51 50 50 50 50 50 50 50 50 50 50 50 51 51 51 51 51 52 52 51 51 52 52 53 53 52 52 52 53 52 52 52 52 51 51 51 52 52 52 51 51 51 51 51 50 51 51 50 51 51 51 50 50 50 50 51 51 51 51 51 52 51 51 51 51 51 50 50 50 50 50 50 50 50 50 50 52 52 52 52 51 51 51 52 51 51 51 52 52 51 51 51 51 51 51 51 51 51 51 51 51 51 51 51 51 51 51 51 51 51 51 51 51 51 51 51 51 51 51 51 51 51 51 51 51 51 51 51 51 51 51 51 51 51 51 51 51 51 51 51 51 51 51 51 51 51 51 51 51 51 51 51 51 51 51 51 51 52 52 52 52 52 52 52 51 51 51 51 52 52 52 52 52 52 53 53 54 54 54 54 55 55 55 55 55 55 55 55 55 55 56 56 56 56 56 55 55 55 55 55 56 56 56 56 56 56 56 56 56 56 57 57 57 57 57 57 57 57 58 58 57 58 58 58 58 58 59 59 58 58 59 59 59 59 59 60 60 61 61 61 60 60 60 60 60 60 60 61 61 61 61 62 61 61 61 62 63 64 63 63 63 64 64 64 65 64 64 63 64 64 65 65 51 51 51 51 51 50 49 48 49 49 49 49 49 49 49 49 49 49 49 49 50 50 50 51 51 51 51 51 52 52 53 52 52 52 52 52 53 53 53 53 53 53 53 53 53 53 53 53 53 53 53 53 53 53 53 53 53 53 53 53 53 53 53 53 53 54 54 54 54 54 54 54 54 54 54 54 54 53 53 53 52 52 52 52 52 52 53 53 53 53 53 52 52 52 52 52 52 52 52 51 51 51 51 51 51 51 52 51 51 50 50 50 50 50 51 51 50 50 50 50 50 50 51 51 50 50 50 50 50 50 50 50 50 51 51 51 51 51 51 51 51 51 51 52 52 52 52 52 52 52 52 52 53 53 52 52 52 52 51 52 52 52 51 51 52 52 51 51 51 51 51 51 52 52 51 50 50 51 51 51 51 51 51 51 51 51 51 51 51 51 50 51 50 50 50 50 50 50 50 52 52 52 52 52 52 52 52 51 52 51 51 52 52 52 51 51 51 51 51 51 51 51 51 51 51 51 51 51 51 51 51 51 51 51 51 51 51 51 51 51 51 51 51 51 51 51 51 51 51 52 52 52 52 52 52 52 52 52 52 52 52 52 52 52 52 51 51 51 51 51 51 51 51 51 51 51 51 52 52 52 52 52 52 52 53 53 53 52 52 52 51 51 52 52 52 52 52 52 53 55 54 54 54 55 55 55 55 55 55 55 55 55 55 56 56 56 56 55 55 55 55 55 55 56 56 56 56 56 56 56 56 56 56 56 56 57 57 57 57 57 57 57 58 57 58 58 58 58 59 59 58 58 58 59 59 59 59 59 59 60 60 61 61 60 61 61 61 61 61 60 60 61 61 62 61 61 61 61 62 63 64 63 63 63 64 64 64 65 64 63 63 64 64 64 65 51 51 50 49 49 49 49 49 50 49 49 49 49 49 50 49 50 50 50 50 50 51 51 51 52 52 53 53 53 52 52 52 53 53 53 53 53 53 53 53 53 53 53 53 53 53 53 53 53 53 53 53 53 53 53 54 53 53 53 53 53 54 54 54 54 54 54 54 54 54 54 54 54 54 54 53 52 52 52 52 52 52 52 53 53 53 53 53 53 52 52 53 52 52 52 52 51 51 51 51 51 51 51 51 52 51 51 51 51 50 50 50 51 51 50 50 50 51 51 51 51 51 50 51 51 50 50 50 50 50 50 50 50 50 51 51 51 51 51 51 52 52 52 52 52 51 52 52 52 52 53 53 53 52 52 51 51 52 52 51 51 52 52 51 51 52 52 52 52 52 51 51 51 51 51 50 50 51 51 50 50 50 51 51 51 51 51 51 51 50 50 50 50 50 50 50 52 52 52 52 52 52 52 52 51 51 51 51 51 52 52 52 52 51 51 51 51 51 51 51 51 51 51 51 51 51 51 51 51 51 51 51 51 51 51 51 51 51 51 51 51 51 51 51 51 51 52 52 52 52 52 52 52 52 52 52 52 52 52 52 52 52 52 52 52 52 51 51 51 51 51 52 52 52 52 53 52 52 53 53 53 53 53 53 52 52 52 52 52 52 52 52 53 52 53 53 55 55 55 55 55 55 55 55 55 55 55 55 56 55 55 56 56 57 56 55 55 55 55 55 55 56 56 56 56 56 56 56 56 56 56 56 56 57 57 57 57 57 57 57 57 57 57 58 58 58 59 59 58 58 59 59 59 59 59 60 60 60 60 61 61 61 61 62 61 61 61 60 60 60 60 61 61 61 62 62 63 64 64 63 63 63 63 64 64 64 64 63 64 64 64 65 65 66 51 50 49 50 50 50 50 50 50 50 49 49 49 49 49 49 49 50 50 51 51 51 52 52 52 52 53 52 52 52 53 53 53 53 53 53 53 53 53 53 53 53 53 53 53 53 54 53 53 53 53 53 53 53 54 54 54 54 54 54 54 54 54 54 54 54 54 54 54 54 54 54 54 54 54 53 53 53 52 52 52 53 53 53 53 53 53 53 53 53 53 53 52 52 52 51 51 51 51 51 51 51 51 51 52 51 51 51 51 51 50 50 50 50 50 50 50 50 51 51 51 51 51 51 51 51 51 50 50 50 50 51 51 51 52 51 52 52 52 52 52 52 52 52 51 51 52 52 52 52 53 53 53 52 52 52 52 52 52 52 53 53 52 53 52 52 52 52 52 52 51 51 52 52 51 50 50 50 50 50 51 51 51 51 51 51 51 51 51 51 51 51 51 51 51 52 52 52 52 52 52 51 52 52 52 51 51 51 52 52 52 51 51 51 51 51 52 52 52 52 51 51 51 51 51 51 51 51 51 51 51 51 51 51 51 51 51 51 51 51 51 51 51 51 51 52 52 52 52 52 52 52 52 52 52 52 52 52 52 52 52 52 52 52 52 52 52 52 52 52 52 52 52 52 53 53 53 53 53 52 53 53 52 52 52 52 52 52 52 52 53 53 53 53 53 55 56 56 55 55 55 55 55 55 55 55 55 55 55 55 56 56 57 57 56 55 55 55 55 56 56 56 56 56 56 56 56 56 56 56 57 57 57 57 57 57 57 57 58 57 57 57 57 57 58 58 58 58 59 59 59 59 59 59 59 60 60 60 60 60 61 61 61 61 62 62 61 61 60 60 60 61 61 62 62 62 63 64 64 63 63 63 64 64 64 63 63 64 64 64 65 65 66 66 66 51 50 51 50 50 49 50 50 50 49 50 51 51 51 50 49 50 50 51 51 52 53 52 52 52 52 53 53 53 53 53 53 53 53 53 53 54 54 54 54 54 54 54 53 53 54 54 54 53 54 53 54 54 54 54 54 54 54 54 54 54 54 54 54 54 54 54 54 54 54 54 54 54 54 54 53 53 53 53 53 52 53 53 53 53 54 54 54 54 53 53 53 53 52 51 51 51 52 52 51 51 51 51 52 52 52 52 51 51 50 50 51 51 50 51 51 51 51 51 51 52 52 52 51 51 51 50 50 50 51 51 52 52 52 52 52 52 52 52 52 52 52 52 51 51 52 53 52 52 53 53 52 52 52 52 52 52 52 52 52 53 53 53 52 52 52 52 53 52 51 52 52 52 51 51 50 50 50 50 50 50 51 51 50 51 51 51 51 51 51 51 51 51 51 52 52 52 52 52 52 52 52 52 52 52 51 52 51 51 51 51 51 51 52 52 52 52 52 52 52 51 51 51 51 51 52 51 51 52 51 51 51 51 51 51 51 51 51 51 51 51 51 51 51 52 52 52 52 52 52 52 52 52 52 52 52 52 52 52 52 52 52 52 52 52 52 52 52 52 52 52 52 52 52 53 53 53 53 52 52 52 52 52 52 52 53 52 53 53 53 53 53 53 53 55 55 57 57 57 56 56 55 55 55 55 55 55 55 55 55 56 56 57 57 57 56 56 55 56 56 56 56 56 56 56 56 56 57 57 57 57 57 57 58 58 58 58 58 58 58 58 58 58 58 58 58 58 59 59 59 59 59 59 60 60 60 60 60 60 60 60 60 61 62 62 62 62 62 61 61 60 60 61 61 62 62 63 64 64 63 63 63 64 64 63 64 64 65 65 65 65 65 66 66 65 52 51 50 50 50 50 50 50 50 50 50 51 52 51 50 50 51 51 52 52 52 53 52 52 52 52 52 53 53 54 54 54 54 53 53 54 54 54 54 54 54 54 54 54 54 54 54 54 54 54 54 54 54 54 54 54 54 54 54 54 54 54 54 54 54 54 54 54 54 54 54 54 55 55 54 53 53 53 53 53 53 53 53 53 54 54 54 54 54 54 53 54 53 53 52 52 52 52 52 52 52 51 52 52 52 52 52 52 51 51 51 51 52 51 51 51 51 52 52 52 52 52 52 51 51 51 51 50 50 51 51 51 51 51 52 52 52 52 52 52 52 52 52 52 52 52 52 52 52 52 53 53 53 52 52 52 52 52 52 53 53 53 53 53 52 52 51 52 52 51 52 52 52 52 51 51 50 51 51 50 50 50 50 50 51 51 51 52 51 51 51 51 51 51 52 52 52 52 52 52 52 52 52 52 52 52 51 51 52 52 52 52 52 52 52 52 52 52 52 52 52 52 52 52 52 52 52 52 52 52 51 51 51 51 51 51 51 51 51 51 51 51 51 51 52 52 52 52 52 52 52 52 52 52 52 52 52 52 52 52 52 52 52 52 52 52 52 52 52 52 52 52 52 52 52 53 53 53 52 52 52 53 53 53 53 53 53 53 53 53 53 53 53 53 55 55 56 57 58 58 57 56 56 56 56 56 55 56 56 56 56 57 58 58 57 56 56 55 55 56 56 57 57 57 56 57 57 57 57 57 57 57 58 58 58 58 59 59 60 60 59 59 59 58 58 58 58 58 59 59 59 59 59 60 60 60 60 61 61 61 61 60 61 61 61 61 62 62 62 62 62 61 61 61 61 61 63 63 64 64 63 63 64 63 63 64 65 65 65 64 65 65 66 66 65 66 66 66 66 66 66 52 51 51 51 50 50 50 50 50 50 51 51 51 50 50 50 50 52 51 51 51 52 51 52 52 52 52 52 53 54 54 54 54 54 54 54 55 55 55 54 54 54 54 54 54 54 54 54 54 54 55 55 54 54 54 54 54 54 54 55 55 55 55 55 54 54 55 55 54 54 54 55 55 55 54 54 54 54 53 53 52 52 52 53 54 54 54 54 54 53 53 54 54 53 52 52 52 52 52 52 52 52 52 52 52 52 52 52 51 51 51 51 51 52 51 51 52 52 52 52 52 51 51 51 51 51 51 51 50 50 51 51 51 51 52 52 53 52 52 52 52 52 52 52 52 53 53 52 53 53 54 53 53 52 52 52 52 53 53 53 53 54 53 53 53 53 52 52 51 52 53 53 52 52 51 51 51 51 52 51 51 51 50 50 51 51 51 51 52 51 51 51 51 51 52 52 52 52 52 53 53 52 52 52 52 52 51 51 52 52 52 52 52 52 52 52 52 52 52 52 52 52 52 52 52 52 52 53 52 52 52 52 52 52 51 52 51 51 52 52 51 51 51 51 52 52 52 52 52 52 52 52 52 52 52 52 52 52 52 52 52 52 52 52 52 52 52 52 52 52 52 52 52 52 52 53 53 53 53 53 53 53 53 53 53 53 53 53 54 54 53 53 53 53 55 55 55 56 56 56 57 57 57 57 56 56 56 56 56 56 56 56 57 58 58 57 56 56 56 56 56 56 57 57 57 57 57 57 57 57 58 58 58 58 59 59 59 59 60 60 60 60 60 60 59 59 59 59 59 59 59 59 60 60 60 60 60 61 61 61 61 61 61 61 61 61 61 62 62 63 62 62 62 62 61 62 63 63 63 64 63 63 64 64 63 64 65 65 65 64 64 65 65 65 65 65 65 66 65 66 66 66 66 52 52 52 52 51 51 51 51 50 50 50 50 50 50 50 51 51 51 51 51 51 52 52 52 53 53 53 53 53 54 54 55 55 55 55 55 54 54 54 54 54 54 55 55 55 55 55 55 55 55 55 55 54 54 54 55 55 55 55 55 55 55 55 55 55 55 55 55 55 55 55 55 54 55 55 55 54 54 53 53 53 52 53 53 54 54 53 53 53 54 54 54 53 52 52 52 52 52 52 52 52 52 52 52 52 52 51 51 52 52 51 52 52 52 52 52 52 52 52 52 52 51 51 51 51 51 51 50 50 51 51 51 51 52 52 52 52 52 52 52 52 52 53 53 53 53 53 53 53 54 53 53 52 52 53 53 53 53 54 53 53 53 54 53 53 52 52 52 53 53 53 52 52 51 51 52 52 52 51 51 51 51 51 50 51 51 51 51 51 51 51 51 53 53 53 53 53 53 53 52 52 52 52 52 52 51 52 52 52 52 52 52 52 52 52 52 52 52 52 52 52 52 52 53 53 53 52 52 52 52 51 52 51 52 52 52 52 52 52 52 51 52 52 52 52 52 52 52 52 52 52 52 52 52 52 52 52 52 52 52 52 52 52 53 53 53 52 52 52 52 53 53 53 53 53 53 53 53 53 53 53 53 53 53 53 53 53 53 54 54 54 54 55 55 56 56 56 56 56 56 58 59 58 58 57 56 56 56 56 56 57 59 58 58 56 56 56 56 56 56 57 57 58 57 57 57 57 57 58 58 58 59 59 60 60 60 60 59 60 60 60 60 60 60 60 60 60 60 59 59 59 60 60 60 60 61 61 61 62 62 62 62 62 61 61 61 62 62 62 62 62 62 62 62 62 63 63 64 64 64 63 63 63 64 65 65 65 64 65 65 65 65 65 64 65 65 65 66 66 67 67 67 67 52 52 51 51 51 51 51 51 51 50 51 52 52 52 52 53 53 53 53 53 53 53 53 54 54 54 55 55 55 55 55 55 55 55 55 55 55 55 55 55 55 55 55 55 55 55 55 55 55 55 55 55 55 55 55 55 55 55 55 55 55 55 55 55 55 55 55 55 55 55 55 55 55 55 54 54 53 53 52 52 53 54 54 53 53 53 53 53 53 52 52 52 53 53 52 52 52 52 52 52 52 52 51 52 52 52 52 52 52 52 52 53 52 52 52 51 51 51 51 51 51 51 52 51 51 51 51 52 52 51 52 53 52 52 53 53 53 53 53 53 53 52 53 53 53 53 53 53 53 52 53 53 54 54 53 53 53 53 53 54 53 53 52 52 53 53 53 52 52 51 51 52 52 53 52 52 51 51 51 51 51 51 51 51 51 51 51 51 53 53 53 53 53 53 52 52 52 52 52 52 52 52 52 52 52 52 53 52 52 52 53 53 52 52 52 52 52 52 52 53 53 53 52 52 52 52 52 52 52 52 52 52 52 52 52 52 52 52 52 52 52 52 52 52 52 52 52 52 52 53 53 53 53 53 53 53 53 53 53 53 53 53 53 53 53 53 53 53 53 53 53 53 53 53 53 53 53 53 53 54 53 53 53 53 53 53 54 54 56 55 56 56 56 57 56 56 57 58 60 60 59 57 57 57 56 57 58 59 59 59 57 56 56 56 56 57 57 57 58 58 58 58 58 58 58 58 59 59 59 59 60 60 60 59 60 59 59 59 59 60 60 60 60 60 60 60 60 60 60 60 60 61 61 61 61 62 62 62 62 62 62 62 62 62 62 61 61 62 62 62 62 62 63 63 64 64 63 63 64 64 65 65 64 64 65 65 65 65 64 64 65 64 65 66 66 66 67 67 53 53 52 52 51 51 51 51 51 51 52 52 52 52 52 52 53 52 53 53 53 53 54 54 55 55 55 55 55 55 55 55 55 55 55 55 56 55 55 55 56 56 56 56 55 55 55 55 55 55 55 55 55 55 55 55 55 55 55 55 55 55 56 56 55 55 55 55 55 55 55 55 55 55 55 54 53 52 52 52 53 53 53 52 52 53 52 52 52 52 53 53 53 53 53 53 52 52 52 52 52 52 52 52 53 53 52 52 53 53 53 52 52 51 51 52 52 51 52 52 52 52 51 51 51 51 51 52 52 52 52 52 53 53 53 52 52 52 53 53 53 53 53 54 54 53 53 53 53 53 53 53 53 53 53 53 53 53 53 53 52 52 52 53 53 53 52 52 51 52 52 53 52 52 52 51 51 52 52 51 51 51 51 51 51 51 53 53 53 53 53 53 53 53 53 52 52 52 52 52 52 52 52 52 53 53 53 52 53 53 52 52 52 52 52 52 52 53 53 53 53 53 52 52 53 52 52 52 52 53 53 53 53 52 52 52 52 52 52 52 52 53 53 53 53 53 53 53 53 53 53 53 53 53 53 53 53 53 53 53 53 53 53 53 53 53 53 53 53 53 53 53 53 53 54 54 54 54 54 54 54 53 53 53 53 54 55 56 56 56 56 56 56 56 56 57 59 60 60 60 60 59 58 57 59 60 60 59 58 58 57 57 56 57 57 57 58 59 59 59 59 59 59 59 59 59 59 59 59 59 59 59 59 59 59 59 59 60 60 60 60 60 60 60 60 60 60 60 60 61 61 61 61 61 61 62 62 62 63 63 63 63 63 62 62 61 62 62 62 62 62 62 63 64 63 63 64 65 64 64 64 64 65 65 65 65 64 64 64 64 65 65 65 66 66 52 53 52 52 52 52 52 52 52 52 53 53 54 54 54 54 54 55 55 55 56 55 55 55 55 56 55 55 56 56 56 55 56 56 56 56 56 56 55 55 55 55 55 55 55 55 56 55 55 55 55 55 55 56 56 55 55 55 55 55 55 56 56 55 55 56 55 55 55 54 54 53 53 52 52 52 52 52 52 52 52 52 52 52 53 53 53 53 53 53 52 52 52 52 52 52 52 52 53 53 52 52 53 53 53 53 52 52 52 52 52 52 53 53 52 51 51 51 51 52 52 52 52 52 53 53 53 52 52 52 53 53 53 53 54 54 54 54 53 54 54 54 53 53 53 53 54 54 54 53 52 52 52 52 52 53 54 54 53 52 52 52 52 52 53 53 52 52 52 51 52 52 51 51 51 51 51 51 51 52 53 53 53 52 52 53 52 52 52 52 52 52 52 52 52 52 53 53 53 53 53 53 53 52 52 52 52 52 53 53 53 53 53 53 53 53 52 53 53 52 52 52 53 54 53 53 52 52 53 53 52 52 53 53 53 53 53 53 53 53 53 53 53 53 53 53 53 53 53 53 53 53 53 53 53 53 53 53 53 53 53 54 54 54 54 54 54 54 54 54 54 54 54 54 53 54 54 54 54 56 55 56 56 56 56 56 56 56 56 57 58 60 60 60 60 60 59 60 60 60 60 60 59 58 57 56 56 57 57 58 58 59 60 60 60 60 60 60 60 60 59 59 59 59 59 59 60 60 60 60 60 60 60 60 60 60 60 60 60 61 61 61 61 60 61 61 61 61 61 61 62 62 62 63 63 63 63 62 62 62 62 62 62 62 62 62 62 63 63 64 64 64 64 64 64 65 65 65 65 65 64 65 65 65 65 66 66 66 52 53 53 52 53 53 53 54 54 54 55 55 54 54 55 55 55 55 55 55 56 56 56 56 56 56 56 56 56 56 56 56 56 56 56 56 55 55 56 56 56 56 56 56 56 56 55 55 56 56 55 55 55 56 56 56 56 55 55 55 55 55 56 56 55 55 55 55 55 54 53 53 54 54 53 53 51 52 52 52 52 53 53 53 53 53 53 52 52 52 52 52 52 52 52 52 53 53 53 53 53 53 53 52 53 53 52 52 52 52 52 52 51 51 52 52 51 52 52 52 52 53 53 52 52 53 53 53 53 53 53 53 54 54 54 54 55 54 54 53 54 53 54 54 54 53 53 53 54 54 53 52 53 53 53 53 53 53 52 52 53 54 53 53 53 52 52 52 52 52 51 51 52 51 51 51 52 53 53 53 52 52 52 52 52 52 52 52 52 52 53 53 53 53 53 53 53 53 53 52 52 52 53 53 53 53 53 53 53 53 53 54 54 53 53 53 53 52 52 53 54 53 53 53 54 53 53 53 53 53 53 53 53 53 53 53 53 53 53 53 53 53 53 53 53 53 53 53 53 53 54 54 54 54 53 53 53 53 53 54 54 54 54 54 54 54 54 55 55 55 54 54 54 54 54 55 56 56 56 56 56 56 56 57 57 56 57 57 59 60 60 60 60 60 60 60 60 60 60 60 59 58 58 57 57 57 57 58 58 59 60 60 60 60 60 60 60 60 60 59 59 59 59 60 60 60 60 60 60 60 60 60 60 60 61 61 61 61 61 61 61 61 61 61 61 61 61 61 62 62 62 63 63 63 63 63 62 62 62 62 62 62 62 62 62 62 63 63 63 64 64 64 64 65 65 65 64 64 65 64 65 65 65 65 66 66 52 53 53 53 54 53 53 54 55 55 55 55 54 54 55 56 55 55 55 56 56 56 56 56 56 56 56 56 56 56 56 56 56 56 56 56 56 56 56 56 56 56 56 56 56 56 56 56 56 56 56 55 56 56 56 56 55 55 55 55 55 56 56 56 56 56 56 56 56 55 55 55 54 54 54 54 52 52 52 52 53 53 53 53 53 53 53 53 52 53 53 53 52 53 53 53 53 53 53 54 54 53 53 53 53 53 53 52 53 53 52 52 52 52 52 52 52 52 52 52 53 53 53 52 52 53 53 53 53 53 53 54 54 54 54 55 55 55 54 54 54 54 54 54 54 54 54 54 54 54 53 53 52 53 53 53 54 54 53 53 53 54 54 53 52 52 52 52 52 52 52 52 52 51 51 51 52 52 52 52 52 52 52 52 52 52 52 52 52 53 53 53 53 53 53 53 53 53 53 53 53 52 53 53 53 53 53 52 53 53 53 54 54 54 54 53 53 53 53 53 54 54 53 54 53 53 53 53 53 53 53 53 53 53 53 53 53 53 53 53 53 53 53 53 53 53 53 54 54 54 54 54 54 54 54 54 54 54 54 54 54 54 54 54 55 55 55 55 55 55 55 55 54 54 55 54 56 56 56 56 56 56 57 57 57 57 57 57 58 59 60 61 61 61 60 60 60 60 60 60 59 59 59 58 57 57 58 58 58 58 59 59 60 60 60 60 60 60 60 60 60 60 60 60 60 60 60 60 60 60 60 61 61 61 61 61 61 61 61 61 61 61 61 61 61 61 61 61 62 62 62 62 62 63 63 63 63 63 63 63 64 64 64 63 63 63 63 63 63 63 64 64 64 64 64 64 64 64 64 64 65 65 65 65 66 51 52 53 54 54 54 54 54 54 54 55 55 55 54 55 55 55 55 56 56 56 56 56 56 56 56 56 56 56 56 56 56 56 56 56 56 57 57 57 57 56 56 56 57 57 57 57 56 56 56 55 55 55 56 56 56 56 55 56 56 56 56 56 56 56 56 56 56 56 56 56 55 55 55 54 54 54 53 52 52 52 52 52 53 53 53 53 53 53 53 53 53 53 53 53 54 53 53 53 54 53 54 54 54 54 54 54 53 53 53 53 53 53 52 52 52 52 52 52 52 52 53 52 53 53 52 53 53 53 53 53 53 53 54 54 54 54 54 55 56 55 54 55 55 55 55 55 55 55 55 54 54 53 53 53 53 54 55 54 54 53 53 54 54 54 53 52 53 52 52 52 52 52 52 52 52 51 53 52 52 52 52 52 53 53 53 53 53 53 52 53 53 53 53 53 53 53 54 54 54 53 53 53 53 53 53 53 53 53 53 53 53 53 54 54 53 53 54 53 54 54 54 54 54 54 53 53 53 53 53 53 53 53 53 54 53 53 53 53 53 54 54 54 54 53 53 54 54 54 54 54 54 53 54 54 54 54 54 54 54 54 54 54 54 54 54 55 55 55 55 55 56 55 55 55 55 55 57 57 56 56 56 57 57 57 57 57 57 57 58 59 60 60 61 61 61 60 60 60 60 60 59 59 59 59 58 58 58 58 58 59 59 59 60 60 60 60 60 60 60 60 60 60 60 60 60 60 60 60 60 60 60 61 61 61 61 61 61 61 61 61 61 61 61 61 61 61 61 61 61 62 63 63 63 63 63 63 63 63 63 63 63 64 64 64 64 64 63 63 63 63 64 64 64 64 64 65 64 65 65 65 65 65 65 66 66 53 53 54 54 53 54 54 55 55 55 56 55 55 55 55 56 56 56 56 56 56 56 56 56 56 56 56 57 56 56 57 57 57 57 57 57 57 57 57 57 57 57 57 57 57 57 57 56 56 56 56 56 56 56 56 56 56 56 56 56 56 56 56 56 56 56 56 56 56 56 55 54 54 54 53 53 52 53 53 53 53 53 53 53 53 53 53 53 53 53 53 53 53 53 53 53 54 54 54 54 54 54 55 55 54 54 54 54 54 54 53 53 53 53 53 53 52 52 52 52 52 53 53 53 53 53 53 53 53 53 53 54 54 54 54 54 55 55 56 56 56 56 56 55 55 55 55 55 55 55 54 53 54 54 54 55 55 55 54 54 54 54 54 54 54 53 53 52 52 52 52 52 52 52 52 52 53 53 53 53 52 52 53 53 53 53 53 53 53 53 53 53 53 53 53 54 54 54 54 53 53 53 53 53 53 53 54 54 54 53 53 53 54 54 53 53 53 53 53 54 54 54 54 53 53 53 53 54 54 53 53 53 53 54 54 54 54 54 54 54 54 54 54 54 54 54 54 54 54 54 54 54 54 54 54 54 54 54 54 54 54 54 54 54 54 54 55 54 55 55 56 56 56 56 55 55 57 57 57 56 57 57 57 57 57 57 57 57 57 58 59 60 60 60 60 60 60 61 61 61 60 59 59 58 58 58 58 58 59 59 59 59 59 60 60 60 60 60 60 60 60 60 60 60 60 60 60 60 60 60 60 60 60 61 61 61 61 61 61 61 61 61 61 61 61 61 61 61 61 62 62 62 62 63 63 63 63 63 63 63 63 63 63 63 64 64 64 64 63 63 63 64 64 64 64 64 64 65 65 65 65 65 65 65 66 53 53 53 54 55 55 55 55 56 56 55 55 55 55 56 56 56 56 56 56 56 56 57 57 57 57 57 57 57 57 57 57 57 57 57 57 57 57 57 57 57 57 57 57 57 57 56 56 56 56 56 56 56 56 56 56 56 56 56 56 56 56 56 56 56 56 56 56 55 54 54 54 54 54 53 54 54 53 53 54 53 53 53 53 53 53 53 53 53 53 53 53 53 53 53 54 54 54 54 55 54 54 55 55 54 54 54 55 55 54 54 54 54 53 53 52 52 52 52 53 53 53 54 54 53 53 53 53 54 54 53 54 54 54 56 56 56 55 55 56 56 55 55 55 55 55 54 55 55 54 54 55 55 55 54 55 55 55 54 54 54 54 53 53 53 53 53 52 52 52 52 52 52 52 53 53 53 53 53 52 53 53 53 53 54 53 53 53 53 53 53 53 53 54 54 54 53 53 53 54 54 53 53 53 53 54 54 54 54 54 54 53 53 53 53 53 53 54 54 53 54 53 53 53 54 54 54 54 54 54 54 54 54 54 54 54 54 54 54 54 54 54 54 54 54 54 54 54 54 54 54 54 54 54 54 54 54 54 54 54 54 54 54 55 55 54 55 55 55 55 56 56 56 56 57 57 57 57 57 57 57 57 57 57 57 57 57 57 58 58 58 59 60 61 61 61 61 61 60 60 59 59 58 58 58 58 59 60 60 60 59 59 60 60 60 60 60 60 61 60 60 60 61 61 60 60 60 60 60 60 60 60 60 61 61 61 61 61 61 62 62 62 62 61 61 61 61 61 62 62 62 62 63 63 63 63 63 63 63 63 63 63 63 64 64 65 64 63 63 64 64 64 64 64 64 64 64 64 65 65 65 65 55 55 55 56 56 55 55 55 55 55 55 56 56 56 56 57 57 57 57 57 57 57 57 57 57 57 57 57 57 57 57 57 57 57 57 57 57 57 57 57 57 57 57 57 57 56 56 56 56 56 56 56 56 56 56 56 56 56 56 56 56 56 56 56 55 54 54 54 55 55 53 54 55 54 54 54 54 53 53 53 54 54 54 54 54 53 53 53 54 54 54 54 54 54 54 54 54 54 54 54 55 55 54 54 55 55 55 55 54 54 53 53 53 52 52 53 53 53 54 54 53 53 54 54 54 53 54 54 55 55 56 55 55 55 55 56 57 57 56 56 56 55 55 55 55 56 55 56 55 55 54 55 55 55 55 55 55 55 54 54 53 53 53 53 53 53 53 52 52 52 53 53 54 54 53 53 53 54 54 54 54 54 54 54 53 53 53 53 54 54 54 54 54 53 54 54 54 53 53 53 53 53 54 54 54 54 54 53 53 53 53 53 54 54 54 54 54 54 54 53 54 54 54 54 54 54 54 54 54 54 54 54 54 54 54 54 54 54 54 54 54 54 54 54 54 54 54 54 54 54 54 54 54 54 54 54 55 55 54 55 55 55 55 55 55 55 55 56 56 56 58 58 57 57 57 57 57 57 57 57 57 58 58 57 57 58 58 58 59 60 61 61 61 61 61 60 60 59 59 59 58 58 59 59 59 59 59 59 59 60 60 60 60 61 61 61 61 60 61 61 61 60 60 60 60 61 61 61 61 61 61 61 61 61 61 61 62 62 62 62 62 61 61 61 61 62 62 62 63 63 63 63 63 63 63 63 63 63 63 63 63 64 64 64 64 64 64 64 64 64 64 64 64 64 64 64 65 65 54 55 55 56 56 56 55 56 56 56 56 57 57 57 57 57 57 57 57 57 57 57 57 57 57 57 57 57 57 57 57 57 57 57 57 57 57 57 57 57 57 57 57 56 56 56 56 56 57 57 57 57 57 57 57 57 57 57 57 56 56 55 55 55 55 55 54 54 55 54 54 53 53 53 54 54 54 54 54 54 54 54 54 54 54 54 54 54 54 54 54 54 55 55 55 54 54 54 54 54 54 54 54 54 55 55 54 53 53 53 52 53 53 53 54 54 53 54 54 54 54 54 54 55 55 55 55 55 55 55 56 56 56 57 57 57 56 56 55 55 55 56 56 55 55 55 55 54 55 55 55 55 55 55 55 54 54 53 53 53 53 53 53 53 52 52 53 53 54 54 53 53 53 54 54 54 54 54 54 54 54 53 53 53 53 54 54 54 54 54 54 54 54 54 54 54 54 54 54 54 54 54 54 53 54 54 54 54 54 54 54 54 54 54 54 54 54 54 54 54 54 54 54 54 54 54 54 54 54 54 54 54 54 54 54 54 54 54 54 54 54 54 54 54 54 54 54 54 55 55 55 55 55 55 55 55 55 55 55 55 55 55 55 56 56 56 58 58 58 57 57 57 57 57 57 58 58 58 58 58 58 58 58 58 58 58 59 60 61 61 61 61 60 59 59 59 59 59 59 60 59 59 59 60 60 60 60 60 60 60 61 61 61 61 61 61 61 61 60 60 60 61 61 61 61 61 61 61 61 61 61 61 62 62 62 62 62 62 61 61 62 62 62 62 63 63 63 63 63 63 63 63 63 63 63 63 63 63 64 64 65 65 65 64 64 64 64 64 64 64 64 64 55 55 56 56 56 56 57 57 57 58 57 57 57 57 57 58 58 58 58 58 58 58 58 58 58 58 58 57 58 58 58 57 57 57 57 57 57 57 57 57 57 57 57 57 56 57 57 57 57 57 57 57 57 56 56 55 55 56 56 54 54 55 54 54 54 54 54 54 54 54 54 54 54 54 54 54 54 54 54 54 54 54 54 55 54 55 55 55 55 55 54 55 55 54 54 54 54 54 55 55 54 54 53 53 53 53 53 54 53 54 54 54 54 54 55 55 55 55 55 54 55 55 55 56 56 56 57 56 56 57 56 55 55 55 56 56 55 55 55 55 55 55 55 55 55 55 55 55 54 53 53 53 54 54 54 53 53 53 53 54 53 54 54 54 54 53 54 54 54 54 54 54 54 54 54 54 53 53 53 54 54 54 54 54 54 54 54 54 54 54 54 54 54 54 54 54 54 54 54 54 54 54 54 54 54 54 54 54 54 54 54 54 54 54 54 54 54 54 54 54 54 54 54 54 54 54 54 54 54 54 54 55 54 54 55 54 55 55 54 55 55 55 55 55 55 55 55 55 55 55 55 55 55 55 55 55 56 56 56 58 58 58 58 58 58 58 57 58 58 58 58 58 58 58 58 58 58 58 58 59 59 59 60 61 60 60 60 59 59 59 59 59 59 59 59 59 60 60 60 60 60 60 60 61 61 61 61 61 61 61 61 61 61 61 61 61 61 62 61 61 61 61 61 61 62 62 62 62 62 62 62 62 62 62 62 62 63 63 63 63 63 63 63 63 63 63 63 63 63 63 63 63 63 64 65 65 65 65 64 64 64 64 65 65 57 57 57 58 58 58 57 58 58 58 58 58 58 58 58 58 58 58 58 58 58 58 58 58 58 58 58 58 57 58 57 57 57 57 57 57 57 57 57 57 57 57 57 57 57 57 56 56 56 56 55 56 55 54 54 55 54 54 54 54 54 54 54 54 54 54 54 55 55 55 55 55 55 54 55 55 55 55 55 55 55 55 55 55 55 55 55 55 55 54 54 54 54 54 54 54 54 54 54 53 53 54 54 54 54 54 54 54 55 55 55 54 55 55 55 56 56 56 56 56 56 56 56 57 56 55 55 55 55 56 55 56 56 56 56 55 55 55 55 55 55 55 54 54 54 53 54 54 54 54 54 53 53 54 54 54 55 54 54 54 54 54 54 54 54 54 54 54 55 55 54 54 53 54 54 54 54 54 54 54 54 54 54 54 54 54 54 54 54 54 54 54 54 54 54 54 54 54 54 54 54 54 54 55 55 55 55 55 55 55 55 55 54 54 54 54 54 54 54 54 54 55 55 55 55 55 55 55 55 55 55 55 55 55 55 55 55 55 55 55 55 55 55 55 55 55 55 55 55 56 56 56 56 58 58 58 58 58 59 58 58 58 58 58 58 58 58 58 58 58 58 58 59 59 59 59 59 59 60 60 60 60 60 60 59 59 59 59 59 59 60 60 60 60 60 60 60 61 61 61 61 61 61 61 61 61 60 61 61 61 61 62 61 61 61 61 61 61 62 62 62 62 62 62 62 62 62 62 62 62 63 63 63 63 63 64 63 63 63 63 63 63 63 63 63 63 63 63 64 64 64 65 64 64 64 58 57 58 58 58 58 58 58 58 58 58 58 58 58 58 58 58 58 58 58 58 58 58 58 58 58 58 57 58 58 57 57 57 57 57 57 57 57 57 57 57 57 57 57 56 56 57 56 57 56 56 55 55 55 55 55 55 55 54 54 54 55 55 55 55 54 54 55 55 55 55 55 55 55 55 55 56 56 56 56 56 56 55 55 55 55 55 55 55 55 54 54 54 54 54 54 54 54 54 54 54 54 54 54 54 54 54 54 54 55 56 56 56 56 56 56 57 56 56 56 57 57 57 56 55 55 55 55 55 55 55 55 56 56 56 56 55 55 56 55 55 54 54 54 53 54 54 53 54 54 53 53 54 54 55 55 54 54 54 54 54 54 54 54 54 55 55 55 55 55 54 54 54 54 54 54 54 54 54 54 54 54 54 54 54 54 54 54 54 55 55 54 54 54 54 54 54 54 54 54 54 54 55 55 55 55 55 55 55 55 55 55 55 55 55 54 54 54 55 54 55 55 55 55 55 55 55 55 55 55 55 55 55 55 55 55 55 55 55 55 55 55 55 55 55 55 56 56 56 56 56 56 58 58 58 58 58 59 59 59 58 58 58 58 58 58 58 58 58 58 59 59 58 58 59 59 59 59 60 60 60 60 60 60 59 59 59 60 59 60 60 60 60 60 60 60 61 61 61 61 61 61 61 61 61 61 61 61 61 61 61 62 62 61 61 61 61 62 62 62 62 62 62 62 62 62 62 62 63 63 63 63 63 64 64 64 63 63 63 63 63 63 63 63 63 63 63 63 63 64 64 65 58 58 58 58 58 58 58 58 58 58 58 58 58 58 58 58 58 58 58 58 59 58 58 58 58 58 58 58 58 58 58 58 58 58 58 58 58 58 58 58 58 58 57 57 57 57 57 57 57 56 55 56 55 56 56 55 55 55 55 54 54 55 55 55 55 55 55 55 55 55 55 55 56 55 55 56 56 56 56 57 57 56 56 56 55 55 55 55 55 55 55 55 54 54 54 54 55 54 54 54 54 54 54 54 54 55 55 55 56 56 56 56 56 56 56 56 56 56 56 56 57 57 57 57 56 56 55 56 56 55 55 55 56 56 56 56 55 55 56 56 55 55 54 54 54 54 54 53 53 54 54 54 55 54 55 55 55 54 54 54 54 54 55 55 55 55 55 55 55 56 55 55 54 54 54 54 54 54 54 54 54 54 54 54 54 54 54 54 54 54 55 55 54 54 54 54 54 54 54 54 54 54 55 55 55 55 55 55 55 55 55 55 55 55 55 55 54 54 55 55 55 55 55 55 55 55 55 55 55 55 55 55 55 55 55 55 55 56 55 55 55 56 56 56 56 56 56 56 56 56 56 56 58 58 58 59 59 59 59 59 59 58 58 58 58 58 58 58 58 58 59 59 59 59 59 59 59 59 59 60 60 60 61 61 60 60 60 60 60 60 60 60 60 60 60 60 61 61 61 61 61 61 61 61 61 61 61 61 61 61 61 62 62 61 61 61 61 62 62 62 62 62 62 62 62 62 62 63 63 63 63 63 63 63 63 64 64 63 63 63 63 63 63 63 64 64 63 63 63 64 64 64 58 59 58 58 58 58 58 58 58 58 58 58 58 58 58 58 58 58 58 59 59 59 59 59 58 58 58 58 57 58 59 58 58 58 58 58 58 58 58 58 58 58 57 57 57 57 57 56 56 56 56 55 56 56 55 55 55 55 55 55 55 55 55 55 56 56 56 56 56 56 56 56 56 56 56 56 57 57 56 57 57 56 56 56 56 56 56 56 55 55 54 54 55 55 55 55 54 54 54 54 54 54 54 55 55 56 56 56 56 56 56 56 56 56 57 56 56 56 57 57 57 57 57 57 56 56 56 56 56 56 55 55 56 55 56 55 55 56 56 56 55 54 54 54 55 54 54 53 53 53 54 55 55 55 55 55 55 55 54 54 54 55 55 55 55 55 55 55 56 56 55 55 55 55 55 55 55 55 54 54 54 54 54 54 54 54 54 54 54 54 55 55 55 54 54 54 54 55 54 54 54 55 55 55 55 55 55 55 55 55 55 55 55 55 55 55 55 55 55 55 55 55 55 55 55 55 55 55 55 55 55 55 55 55 56 56 56 56 56 56 56 56 56 56 56 56 56 56 56 56 56 58 58 58 58 59 59 59 59 59 58 58 58 59 58 58 58 59 58 59 59 59 60 60 59 59 59 59 59 59 60 60 61 60 60 60 60 60 60 60 60 60 60 60 60 61 61 62 62 62 62 62 62 62 62 62 61 61 61 61 61 62 62 62 61 61 62 62 62 62 62 62 62 62 62 62 62 62 62 63 63 63 63 63 64 64 64 64 64 64 63 63 64 64 64 64 64 64 64 64 58 59 59 59 58 59 59 58 58 58 58 59 59 59 59 59 59 59 59 59 59 59 59 59 58 58 58 58 58 58 58 58 58 58 58 58 58 58 58 58 58 58 58 58 57 57 56 56 57 57 57 56 56 56 55 55 55 55 55 55 56 56 56 56 56 56 56 56 56 56 57 57 57 57 56 56 56 57 57 57 57 56 56 56 56 56 56 56 56 55 55 55 54 54 54 55 54 54 54 54 54 54 54 55 55 56 56 55 56 56 57 56 57 57 57 57 56 57 57 56 56 57 57 57 57 57 56 55 56 56 55 56 56 55 56 56 56 56 56 56 55 55 55 54 55 55 55 54 54 54 53 55 55 55 55 55 55 56 55 54 55 55 55 55 55 55 55 55 55 55 55 56 56 56 56 56 56 55 55 55 55 55 55 55 55 55 54 55 55 54 54 55 55 54 55 55 54 55 55 55 55 55 55 55 55 55 55 55 55 55 55 55 55 55 55 55 55 55 55 55 55 56 56 56 56 56 56 56 56 55 55 55 55 56 56 56 56 56 56 56 56 56 56 56 56 56 56 56 56 56 56 58 58 59 59 59 59 59 60 59 59 59 59 58 58 58 58 59 59 59 59 60 60 59 59 59 59 59 60 59 60 59 60 60 60 60 60 60 60 60 60 60 60 61 60 60 61 61 62 62 62 62 62 62 62 62 62 61 61 61 61 62 63 62 61 61 62 62 62 62 62 62 62 62 62 62 62 62 62 63 63 63 63 63 63 63 64 64 64 63 63 64 64 64 64 64 64 64 64 64 59 59 59 59 59 58 59 59 59 59 59 59 59 59 59 59 59 59 59 59 59 59 59 59 59 58 58 58 58 58 58 58 58 58 58 58 58 58 58 58 58 58 57 57 57 56 56 57 57 57 56 56 55 55 55 55 55 56 56 57 57 56 56 57 57 57 56 56 57 57 56 56 56 57 57 57 57 57 57 57 57 57 57 56 56 56 55 55 55 55 55 55 55 54 54 54 54 54 55 55 55 56 55 55 55 55 56 56 56 56 57 57 57 57 57 57 57 56 57 57 57 57 57 57 56 55 56 56 56 56 56 56 56 56 56 56 56 56 56 55 55 55 55 55 55 55 54 54 54 55 56 56 56 56 56 56 55 55 55 55 55 55 55 55 55 55 55 55 55 55 55 56 56 56 56 56 56 55 55 55 55 55 55 55 55 55 54 54 54 54 54 54 55 55 55 55 55 55 55 55 55 55 55 55 55 55 55 55 55 55 55 55 55 55 55 55 55 55 56 56 56 56 56 56 56 56 56 56 55 55 56 56 56 56 56 56 56 56 56 56 56 56 56 56 56 56 56 56 56 58 59 59 59 59 59 59 59 59 59 59 59 59 59 58 58 59 59 59 59 59 59 59 59 59 59 60 60 59 60 59 59 60 60 60 60 60 60 60 60 61 61 61 61 61 61 61 61 62 62 62 62 62 62 62 62 62 62 62 61 62 63 63 62 62 62 62 62 62 62 62 62 62 62 62 62 63 63 63 63 63 63 63 63 63 63 63 63 63 63 64 64 64 64 64 64 64 64 60 59 59 59 59 59 59 59 59 59 59 59 59 59 59 59 59 59 59 59 59 59 59 58 58 58 58 58 58 58 58 59 59 58 58 58 58 58 58 58 58 58 58 57 57 57 57 57 56 56 56 56 56 56 55 55 55 56 56 56 56 56 56 56 56 56 56 56 56 56 57 57 57 57 57 57 56 56 56 56 57 56 57 57 56 56 56 55 55 55 55 55 54 54 54 54 54 55 54 54 55 55 55 55 55 56 56 56 56 57 57 57 57 57 57 57 57 57 57 58 57 57 57 56 56 56 56 56 56 56 56 56 56 56 56 56 56 56 56 55 55 55 55 56 56 55 55 54 56 56 56 56 56 56 56 55 55 56 55 55 55 55 55 55 55 55 56 55 55 55 55 55 56 56 56 56 56 55 55 55 55 55 55 55 55 55 55 55 55 55 55 55 55 55 55 55 55 55 55 55 55 55 55 55 55 55 55 55 55 55 55 55 55 55 55 55 56 56 56 56 56 56 56 56 56 56 56 56 56 56 56 56 56 56 56 56 56 56 56 56 56 56 56 57 57 57 57 57 59 59 59 59 60 59 59 60 60 60 60 60 59 59 59 59 59 59 59 59 59 59 59 59 59 60 60 60 59 60 60 60 59 60 60 60 60 60 60 60 61 61 61 61 61 61 61 61 61 62 62 62 62 62 62 62 62 62 62 62 61 62 63 63 62 62 62 62 62 62 62 63 63 62 62 62 62 63 63 63 63 63 63 63 63 63 63 63 63 63 64 64 64 64 64 64 64 64 59 59 60 60 60 59 59 59 59 59 59 59 59 59 59 59 59 59 59 59 59 58 58 58 59 59 59 59 59 59 59 59 58 58 58 59 58 58 58 58 58 57 57 57 57 57 57 57 56 56 56 56 56 56 56 56 56 56 56 56 56 57 57 56 57 57 57 57 57 57 58 57 57 57 56 56 56 56 56 56 57 57 57 56 56 56 56 56 55 55 55 55 54 54 54 54 55 55 55 56 56 55 55 55 56 57 57 56 58 57 57 57 57 57 57 57 58 58 57 57 57 57 57 56 56 56 56 56 56 56 56 56 56 56 56 56 56 56 56 56 56 56 56 55 55 56 56 56 56 55 55 55 55 55 56 56 55 55 56 56 55 55 55 56 56 56 56 56 56 56 56 56 57 56 55 55 55 55 55 55 55 55 55 55 55 55 55 55 55 55 55 55 55 55 55 55 55 55 55 55 55 55 55 55 55 55 55 55 55 55 56 56 56 56 56 56 56 56 56 56 56 56 56 56 56 56 56 56 56 56 57 57 57 57 56 56 56 56 56 56 56 57 57 57 57 59 59 59 59 59 59 59 59 60 60 60 60 60 59 59 59 59 59 59 59 59 59 59 59 59 60 59 60 59 60 60 60 60 60 60 60 60 60 60 61 61 61 61 61 61 61 61 61 62 63 62 63 63 62 62 62 62 63 63 62 62 62 62 62 63 62 62 62 62 62 63 63 62 62 62 62 62 62 63 63 63 63 62 62 62 62 63 63 63 63 63 64 64 64 64 64 60 60 60 60 60 60 60 60 59 59 60 60 59 59 59 59 59 59 60 59 59 59 59 59 59 59 59 59 58 58 58 58 58 58 58 58 58 58 58 58 58 58 58 58 58 57 57 57 56 56 56 57 57 56 57 57 57 57 57 57 57 57 57 58 58 57 58 58 58 58 58 57 57 56 56 56 56 56 56 56 57 56 56 56 56 56 56 56 55 55 55 55 55 54 55 55 56 56 56 55 55 56 56 56 57 56 57 57 57 57 58 58 58 57 58 58 59 58 57 58 58 57 57 56 56 56 56 56 56 56 56 56 56 56 56 56 56 56 56 56 57 56 56 56 57 56 56 56 56 56 55 55 55 56 56 56 56 56 56 56 56 56 56 56 56 56 56 56 56 56 56 57 56 56 56 56 56 56 56 55 55 55 55 55 55 55 55 55 55 55 55 55 55 55 55 55 55 55 55 55 55 56 56 56 56 56 56 56 56 56 56 56 56 56 56 56 56 56 56 56 56 56 56 56 56 56 56 57 57 57 57 57 57 57 57 57 57 56 57 57 57 57 57 57 59 59 59 59 59 59 59 59 59 59 60 60 60 59 59 59 59 60 59 59 59 59 59 59 59 60 60 59 59 60 59 59 59 59 59 60 60 61 61 61 61 61 61 61 61 61 61 61 62 62 62 63 63 63 63 63 62 63 63 63 62 62 62 62 62 63 62 62 62 62 63 63 63 62 62 62 62 62 62 62 63 63 62 62 62 62 62 62 63 63 63 63 64 60 60 60 60 60 60 60 60 60 60 60 60 59 59 60 60 60 60 60 60 60 59 59 59 59 59 59 59 59 59 59 58 58 58 59 58 58 59 59 59 59 58 58 58 57 58 57 57 57 57 57 57 57 57 57 58 58 58 57 57 57 58 59 58 58 57 57 58 58 58 57 57 58 57 57 57 57 56 56 56 56 56 56 57 57 56 56 56 56 55 55 55 55 55 56 56 56 56 55 56 56 57 57 56 56 57 57 56 56 57 57 57 57 57 58 58 58 58 57 57 58 58 57 56 56 56 56 56 56 56 56 56 56 57 57 56 56 57 56 56 56 57 57 56 57 56 56 56 56 56 55 55 55 56 56 56 56 56 56 56 57 57 57 57 57 57 56 56 56 56 57 57 57 57 57 57 57 56 56 55 56 56 55 55 55 56 55 55 56 56 56 55 55 55 56 56 56 56 56 56 56 56 56 56 56 56 56 56 56 56 56 56 56 56 56 56 56 56 56 56 56 56 56 56 57 57 57 57 57 57 57 57 57 57 57 57 57 57 57 57 57 57 57 57 59 59 59 59 59 59 59 59 59 60 60 60 60 60 60 59 59 60 60 60 59 59 59 59 59 59 60 59 59 59 59 60 60 60 60 60 60 60 60 61 61 61 61 61 61 62 61 62 62 62 62 63 63 63 63 63 63 63 63 63 63 62 61 62 62 62 62 62 62 62 62 63 63 63 63 62 62 62 62 62 62 62 62 62 62 62 62 62 62 63 63 63 63 60 61 61 61 61 60 60 60 60 60 59 59 60 60 60 59 59 60 60 60 59 59 59 59 59 59 59 59 59 59 59 59 58 58 58 58 59 59 59 59 59 58 58 57 57 57 57 58 58 58 58 57 57 57 58 58 57 57 57 57 57 58 58 58 57 57 58 58 57 57 56 57 57 57 58 57 57 58 57 56 55 56 56 57 57 57 56 56 55 55 56 56 56 56 56 56 55 56 56 56 56 57 57 57 57 57 57 57 57 57 58 58 58 57 58 59 59 58 57 57 58 58 57 56 56 56 56 56 56 56 56 56 57 57 57 57 57 56 57 57 57 57 56 57 57 57 57 57 56 56 55 56 56 56 56 56 56 56 56 56 56 56 56 57 57 57 57 57 57 57 57 58 58 58 57 57 57 56 56 56 56 56 56 56 56 56 56 56 56 56 56 56 56 56 56 56 56 56 56 56 56 56 56 56 56 56 56 56 56 56 57 56 57 57 57 57 57 57 57 57 57 57 57 57 57 57 57 57 57 57 57 57 57 57 57 57 57 57 57 57 57 57 57 59 59 59 59 59 59 59 59 59 59 59 60 59 60 60 60 59 59 60 60 60 60 59 59 59 59 60 59 60 60 60 60 60 61 60 61 61 61 61 60 61 61 62 62 62 62 62 62 62 62 62 63 63 63 63 63 63 63 63 63 63 62 62 61 61 62 62 62 62 62 63 63 63 63 63 62 62 63 62 62 62 62 63 63 63 63 62 62 62 62 62 63 61 61 61 61 61 61 61 60 60 59 60 60 61 60 60 60 59 59 60 60 60 59 59 59 59 59 59 59 59 59 59 59 59 59 59 59 59 59 59 59 59 59 59 58 57 57 57 58 58 57 57 57 57 58 58 58 57 57 57 58 58 58 58 57 57 57 58 58 57 57 57 56 57 57 58 57 58 58 58 57 56 56 56 56 57 56 56 56 56 56 55 56 56 56 56 56 56 56 56 56 56 57 57 58 58 57 57 57 57 57 57 57 58 58 58 58 59 58 58 57 58 58 57 57 56 56 56 56 56 56 57 57 57 57 57 57 57 56 57 57 57 57 57 58 57 57 57 57 56 56 56 56 56 56 56 56 56 56 56 57 57 56 57 56 57 57 58 57 57 57 57 58 58 58 58 57 57 56 56 56 56 56 56 56 56 56 56 56 56 56 56 56 56 56 56 56 56 56 56 56 56 56 56 56 56 56 56 56 57 57 57 57 57 57 57 57 57 57 57 57 57 57 57 57 57 57 57 57 57 57 57 57 57 57 57 57 57 57 57 57 57 58 57 59 59 59 59 59 59 59 59 59 59 59 59 59 59 60 60 60 59 60 60 60 60 59 59 60 60 60 60 60 60 60 61 61 61 61 60 61 62 61 61 61 61 61 61 62 62 62 62 62 62 62 63 63 63 63 62 63 63 63 63 64 63 62 62 61 61 61 62 63 62 63 63 63 63 63 63 62 63 63 63 63 62 62 63 63 63 63 62 63 63 61 61 61 61 60 60 60 61 60 59 59 59 60 59 60 60 60 60 60 60 59 59 59 60 59 59 59 59 59 59 59 59 59 59 59 59 59 60 60 59 58 57 57 57 58 58 57 57 57 58 58 57 57 58 58 58 58 58 57 57 57 58 58 58 57 58 57 57 57 57 58 58 58 58 58 58 57 56 56 56 56 57 56 56 56 57 56 56 56 56 56 57 57 57 57 57 56 57 57 57 58 58 57 57 57 58 58 58 58 59 59 58 58 58 58 58 58 58 58 57 57 57 56 57 57 57 57 57 57 57 57 57 57 57 57 57 57 57 57 58 57 57 57 57 56 56 56 56 56 56 56 56 56 56 56 57 56 56 57 57 57 57 58 58 58 57 57 57 57 58 58 58 57 57 56 56 56 56 56 56 56 56 56 56 56 56 56 56 56 56 56 56 56 56 56 56 56 56 57 57 56 57 57 57 57 57 57 57 57 57 57 57 57 57 57 57 57 57 57 57 57 57 57 57 57 57 57 57 57 57 58 58 57 57 57 57 57 57 57 59 59 59 59 59 60 60 60 60 60 59 60 59 59 60 60 60 59 60 60 60 60 59 60 61 60 60 61 60 60 61 61 62 61 61 61 61 62 61 61 61 61 61 61 61 61 62 62 62 62 62 62 63 63 63 63 62 63 63 63 64 64 63 62 62 61 62 62 63 63 63 63 64 64 63 63 63 63 63 63 63 63 63 62 63 63 62 61 61 61 61 60 60 60 59 59 59 59 60 59 60 60 60 60 60 60 60 60 60 59 59 60 59 59 59 59 59 59 59 60 60 60 59 58 57 57 57 58 58 57 57 57 57 57 57 58 58 58 58 58 58 58 57 57 58 58 58 58 58 58 57 57 57 58 57 57 58 58 58 58 58 57 56 56 56 56 56 56 56 57 56 56 56 57 57 57 57 57 58 57 57 57 57 58 58 58 58 58 58 58 59 59 59 59 59 59 58 58 58 58 58 58 57 57 57 57 57 57 57 57 57 57 57 57 57 57 57 57 57 57 57 57 58 57 57 57 57 56 57 57 57 57 56 56 56 56 56 56 56 56 57 57 57 58 58 58 58 58 57 57 56 57 57 57 57 57 57 57 56 56 56 56 56 56 56 57 56 56 56 56 56 56 56 57 57 57 57 57 56 56 57 57 57 57 57 57 57 57 57 57 57 57 57 57 57 57 57 57 57 57 57 57 57 57 57 57 57 57 57 57 57 58 58 58 58 58 58 58 58 58 57 57 59 60 60 60 60 60 60 60 60 60 60 60 60 60 60 59 60 60 60 60 60 60 60 60 61 61 61 61 61 61 61 61 61 62 62 62 62 62 62 62 62 61 61 62 61 61 62 62 62 62 62 62 62 63 63 63 62 62 63 63 64 64 64 63 62 62 61 62 62 63 63 63 63 64 64 64 63 63 63 63 64 63 63 63 62 62 62 61 60 60 60 60 59 59 60 60 60 60 60 60 60 60 60 60 60 60 60 59 59 59 59 59 60 60 61 60 59 59 57 57 57 57 57 57 57 58 58 57 57 57 57 58 59 58 58 58 57 58 58 58 58 58 58 58 57 57 58 58 58 57 58 58 58 57 57 57 57 57 57 56 56 57 56 56 56 57 57 57 57 57 57 57 57 57 57 57 57 58 58 58 59 58 58 58 58 58 58 59 59 59 59 59 59 58 58 58 58 57 57 57 57 57 57 57 57 57 57 57 57 57 57 57 57 57 57 57 58 58 58 57 57 57 57 57 57 57 56 57 57 57 57 56 57 57 57 57 57 57 57 58 58 58 58 57 57 57 57 57 57 57 57 57 57 57 56 56 57 57 57 57 57 57 56 56 56 56 57 57 57 57 57 57 57 57 57 57 57 57 57 57 57 57 57 57 57 57 57 57 57 57 57 57 57 57 57 57 57 57 57 57 57 57 57 57 57 58 58 58 58 58 58 58 58 58 58 58 60 60 60 60 60 60 60 60 60 60 60 60 60 60 60 60 60 60 60 60 60 60 60 59 60 60 60 60 61 61 61 61 62 62 62 62 62 62 62 63 62 62 62 62 61 61 62 62 62 62 62 62 62 62 63 64 64 63 62 63 63 64 64 63 62 63 62 62 62 62 62 63 63 64 64 64 64 64 64 64 64 64 64 63 61 60 60 60 60 60 60 60 60 60 60 60 60 60 60 60 60 60 60 60 59 60 60 60 60 60 60 60 58 58 57 58 58 57 57 58 58 58 59 58 58 58 58 58 58 58 57 57 58 58 58 58 58 58 58 58 58 57 58 57 57 58 58 58 58 58 58 57 58 58 58 57 57 56 56 57 57 56 56 57 57 57 57 57 57 57 57 57 58 58 58 59 59 58 58 58 58 58 58 59 58 58 58 58 59 59 58 58 58 57 57 57 57 57 57 58 57 57 58 58 57 57 57 57 57 57 57 57 58 58 58 58 57 57 58 58 57 57 57 57 58 58 57 57 57 58 58 58 58 58 58 58 58 58 58 58 57 57 57 57 57 57 57 57 58 57 57 57 57 57 57 57 57 57 57 57 57 57 57 57 57 57 57 57 57 57 57 57 57 57 57 57 57 57 57 57 57 57 57 57 57 58 57 57 57 57 58 58 57 57 57 58 58 58 58 58 58 58 58 58 58 58 58 58 58 58 58 58 60 60 60 60 60 60 60 60 60 59 60 60 60 60 61 60 60 60 60 61 61 61 60 60 60 60 60 61 61 61 61 61 61 61 62 61 61 62 62 63 63 63 62 62 62 62 62 62 62 62 62 62 62 62 63 64 64 64 63 62 62 63 62 62 62 64 63 62 62 62 62 63 63 64 64 64 64 64 64 64 63 64 64 63 61 61 61 61 60 60 60 60 60 60 60 60 60 60 60 60 60 60 60 60 60 60 60 60 58 59 59 59 59 58 58 58 58 59 59 58 59 58 59 58 58 58 58 57 57 57 58 58 58 58 58 58 58 57 58 58 58 58 58 58 58 58 58 57 57 58 58 58 57 57 57 57 57 57 56 57 56 56 57 57 58 58 58 58 58 58 58 58 58 59 58 58 58 59 59 59 59 59 59 58 58 58 58 59 58 58 58 57 57 57 58 58 58 58 58 58 58 58 58 58 58 58 58 57 58 58 58 58 58 58 58 58 58 58 57 57 58 58 58 57 57 58 58 58 58 58 59 58 58 58 58 58 58 57 57 57 57 57 57 57 58 58 57 57 57 57 57 57 57 57 57 57 57 57 57 57 57 57 57 57 57 58 58 58 57 57 57 57 57 57 58 58 58 58 58 58 58 58 57 57 58 58 58 58 58 58 58 58 58 58 58 58 58 58 58 58 58 58 58 58 58 58 58 58 60 60 60 60 60 60 60 60 60 60 60 61 61 60 60 61 60 61 60 60 61 61 61 61 61 60 61 61 61 61 61 61 61 61 61 61 62 62 62 63 63 63 63 63 63 62 62 62 63 63 62 62 62 63 63 63 63 63 64 64 63 62 62 62 62 64 64 63 62 63 63 62 63 63 64 64 64 64 64 64 64 63 63 63 61 61 61 61 61 60 60 60 60 60 60 60 61 61 60 60 60 61 61 60 60 61 60 58 59 60 60 60 59 59 59 59 59 59 58 59 59 58 59 59 59 59 58 58 57 57 58 58 58 58 58 58 57 58 58 58 58 58 58 58 58 58 58 58 57 58 58 57 57 57 58 57 57 56 57 57 57 57 58 58 58 58 58 58 58 58 58 58 58 59 59 59 59 59 59 59 59 59 58 58 58 59 59 58 58 58 58 57 58 58 58 58 58 58 58 58 58 58 58 58 58 58 58 58 58 58 58 58 58 58 58 58 58 58 58 58 58 58 58 57 58 58 58 58 58 58 58 58 58 58 58 58 57 57 57 57 57 57 57 58 57 57 57 57 57 57 57 57 57 57 57 57 57 57 58 58 57 57 57 58 58 58 58 57 57 57 58 58 58 58 58 58 58 58 58 58 58 58 58 58 58 58 58 58 58 58 58 58 58 58 58 58 58 58 58 58 58 58 58 58 58 58 58 60 60 60 60 61 61 61 61 60 60 61 61 61 61 60 61 61 61 61 61 61 61 61 61 60 60 60 61 61 61 61 62 61 61 61 62 61 62 63 62 63 63 64 64 63 63 62 62 63 64 63 63 63 63 63 63 63 63 64 64 64 63 62 62 63 63 64 64 63 63 63 63 63 64 64 64 64 64 64 64 64 63 61 61 61 61 61 61 60 60 61 61 61 60 60 61 61 60 60 60 60 59 59 60 60 60 61 60 60 60 60 59 59 59 59 59 58 59 59 59 59 59 58 58 57 58 58 58 58 58 58 57 57 58 58 58 58 58 58 58 58 58 58 57 57 57 57 57 57 57 57 57 57 57 57 57 58 57 57 58 57 58 58 58 58 58 59 59 59 59 59 59 59 59 59 59 59 59 58 58 59 58 58 58 58 58 58 58 58 58 58 58 58 58 58 58 58 58 58 58 58 59 59 59 58 58 58 59 59 59 59 59 59 58 58 58 58 58 58 58 58 58 58 58 58 58 58 58 58 58 57 57 57 58 58 58 57 58 58 57 57 57 57 57 57 57 57 57 57 57 57 58 58 58 58 58 58 58 58 58 58 58 58 58 58 58 58 58 58 58 58 58 58 58 58 58 58 58 58 58 58 58 58 58 58 58 58 58 58 58 58 58 58 58 58 58 58 58 58 58 58 60 60 61 60 61 61 61 61 61 61 61 61 61 61 60 61 62 61 61 61 62 62 61 61 61 61 60 61 62 61 61 61 61 61 61 61 62 62 62 62 63 63 63 63 64 64 63 63 64 64 63 63 63 63 63 63 63 63 63 64 64 64 63 62 62 62 63 64 64 63 64 63 64 64 65 64 64 64 64 64 64 64 64 61 61 61 61 61 61 61 60 60 60 60 60 60 60 60 60 60 59 59 60 60 60 61 61 60 60 60 60 60 60 59 59 59 59 59 59 60 60 59 59 59 59 58 58 58 59 58 57 57 58 58 58 59 58 58 58 57 58 58 58 58 58 57 57 57 57 57 57 58 58 58 57 57 57 58 57 58 58 59 58 58 59 59 59 59 59 59 59 58 59 59 59 59 59 58 58 58 59 59 58 58 58 58 58 58 58 58 58 58 58 58 58 58 58 58 58 58 59 59 59 58 58 58 58 58 59 59 59 59 59 59 59 58 58 58 58 58 58 58 58 58 59 59 58 58 57 58 57 57 58 58 58 58 58 58 58 58 58 58 57 58 57 58 58 58 58 58 58 58 58 58 58 58 58 58 58 58 58 58 58 58 58 58 58 58 58 58 58 58 58 58 58 58 58 58 58 58 58 58 58 58 58 58 58 58 58 58 58 58 58 58 58 58 58 59 59 59 61 61 60 61 61 61 61 61 61 61 61 61 61 61 61 61 62 62 61 62 62 62 62 62 62 61 61 61 61 62 62 62 62 62 61 62 62 62 62 62 63 63 63 63 64 64 64 64 64 64 64 64 64 64 63 63 64 64 63 63 63 63 63 63 63 62 62 63 64 64 64 64 63 64 64 65 64 64 64 64 64 64 64 62 61 61 61 61 60 60 60 61 61 61 61 61 61 60 60 60 60 60 61 61 61 61 61 60 60 60 60 60 59 59 59 59 60 60 59 59 59 59 59 58 59 59 59 58 58 57 58 58 58 58 59 59 58 58 58 58 58 58 58 58 57 57 57 57 58 58 58 58 58 58 58 58 58 59 58 58 58 59 58 58 59 58 59 59 58 59 59 59 59 59 59 58 58 59 59 58 58 58 58 58 58 58 59 58 58 59 59 59 59 58 58 58 58 59 59 59 59 59 59 58 59 59 59 59 59 59 59 59 58 58 58 58 58 58 58 59 59 59 59 58 58 58 58 58 58 58 58 58 58 58 58 58 58 58 58 58 58 58 58 58 58 58 58 58 58 58 58 58 58 58 58 58 58 58 58 58 58 58 58 58 58 58 58 58 58 58 58 58 58 58 58 58 58 58 58 58 58 58 58 58 59 58 58 58 58 58 58 58 59 59 59 59 59 61 61 61 61 61 61 61 61 61 61 61 62 61 62 62 62 63 62 62 63 63 63 63 63 62 62 62 62 61 61 62 63 63 63 62 62 62 62 62 62 62 62 62 63 63 64 64 64 64 65 65 64 64 64 64 64 64 64 63 64 64 63 64 64 63 63 62 62 63 64 64 64 64 64 65 65 64 64 64 64 64 64 64 61 60 61 61 62 62 62 62 61 62 60 60 60 61 61 61 61 61 61 61 62 61 60 61 61 61 61 60 60 60 60 59 59 59 59 59 59 59 59 59 59 58 58 58 58 58 58 58 58 58 58 58 58 58 59 59 58 58 58 58 58 58 58 58 58 58 58 58 58 58 59 59 59 59 59 59 59 59 59 59 59 59 59 59 59 59 59 59 59 58 59 59 59 59 58 59 59 59 59 59 59 59 59 59 59 59 59 59 59 59 60 59 59 59 59 59 59 59 60 60 60 60 60 60 59 59 58 58 58 58 59 59 59 59 59 59 58 58 58 58 58 58 58 58 58 59 58 58 58 58 58 58 58 58 58 58 58 58 58 58 59 59 59 59 59 58 58 58 58 58 59 59 59 59 59 59 59 59 59 59 59 59 59 59 59 59 59 59 59 59 59 59 59 59 59 59 59 59 59 59 59 59 59 59 59 59 59 59 59 59 60 60 60 60 60 60 60 60 59 60 60 60 61 61 61 62 62 62 61 62 62 63 63 62 61 62 62 61 60 60 60 60 61 62 62 62 62 62 62 61 61 61 61 61 62 62 62 63 63 64 65 65 64 64 64 64 64 64 64 65 64 64 64 65 64 64 63 63 63 64 64 65 65 65 65 65 64 64 64 64 64 61 61 62 62 62 62 62 62 61 60 61 61 61 62 62 61 61 61 62 62 62 61 62 62 62 62 62 61 60 59 59 59 59 59 60 60 59 60 59 59 58 58 58 58 58 58 58 58 58 58 58 58 59 59 59 58 58 58 58 59 58 58 58 58 59 58 58 59 59 59 59 59 59 59 59 58 59 59 59 59 58 59 59 59 59 59 59 59 59 59 59 59 59 59 59 59 59 59 59 59 59 59 59 59 59 59 59 59 60 60 60 60 60 60 60 60 60 60 60 60 60 60 59 59 58 59 59 59 58 59 59 59 59 59 59 58 58 58 59 59 58 58 58 58 58 58 58 58 58 58 58 58 58 58 58 58 58 58 58 58 59 59 59 58 59 59 59 59 59 59 59 59 59 59 59 59 59 59 59 59 59 59 59 59 59 59 59 59 59 59 59 59 59 59 59 59 60 60 60 59 59 60 59 59 59 60 59 60 60 60 60 60 60 60 61 61 60 60 60 60 61 61 61 62 62 62 62 62 63 63 63 63 63 63 62 62 62 61 61 60 61 62 62 62 63 63 63 62 62 61 62 62 61 61 62 62 63 64 65 65 64 65 65 64 64 64 65 65 64 64 64 65 65 64 64 63 63 64 65 65 65 65 65 65 64 64 65 64 65 61 62 62 62 62 62 62 62 61 61 61 62 62 62 62 62 62 62 62 62 63 62 62 62 63 63 63 62 61 61 60 60 60 60 60 60 60 60 59 59 59 59 59 59 59 59 59 59 58 58 58 58 58 59 59 59 59 59 59 59 59 59 58 58 59 58 59 59 59 59 59 59 59 59 59 59 59 59 58 59 59 59 59 59 59 60 59 59 59 60 60 59 59 59 59 59 59 59 59 59 59 59 59 59 59 59 59 59 60 60 60 60 60 60 60 60 60 60 60 60 60 59 59 59 59 59 59 59 59 59 59 59 59 59 59 59 59 59 59 59 59 59 58 58 58 58 58 58 58 58 58 58 58 58 58 58 58 58 59 59 59 59 59 59 59 59 59 59 59 59 59 59 59 59 59 59 59 59 59 59 59 59 59 59 59 59 59 59 59 59 59 59 59 60 60 60 60 60 60 60 60 59 60 59 59 59 59 59 60 60 60 60 60 61 61 61 61 60 60 61 61 61 61 62 62 62 62 62 63 63 63 62 63 62 62 61 61 61 61 61 61 61 61 61 62 62 63 63 63 63 63 63 63 62 62 62 62 63 65 65 65 65 65 65 65 64 65 65 65 65 65 65 65 65 64 64 63 63 64 65 65 65 65 65 65 65 65 65 62 62 62 63 62 63 62 63 62 62 62 62 62 62 62 62 62 63 62 63 63 63 63 63 63 63 63 63 63 62 61 61 61 60 60 60 60 60 60 60 60 60 60 60 60 60 59 59 59 59 58 58 58 59 59 59 59 59 59 59 59 59 59 59 59 59 59 60 60 59 59 59 59 59 59 59 59 59 59 59 59 59 59 59 59 59 60 59 59 60 60 59 59 59 59 59 59 59 59 59 59 60 60 59 59 59 59 59 60 60 60 60 60 60 61 60 60 60 60 60 60 60 60 59 59 59 59 59 59 59 59 59 59 59 59 59 59 59 59 59 59 59 59 59 58 58 58 58 58 58 58 58 58 58 58 58 58 58 59 59 59 59 59 59 59 59 59 59 59 59 59 60 59 59 60 59 59 60 60 59 59 59 59 59 60 60 60 60 60 59 59 59 60 60 60 60 60 60 60 60 60 60 60 60 60 59 59 59 60 60 60 61 61 61 61 60 61 61 60 60 60 61 61 61 62 63 63 63 63 63 62 62 61 61 61 61 61 61 62 61 62 62 62 62 61 62 63 63 64 64 63 63 63 63 63 63 63 63 65 65 65 66 66 65 65 65 65 66 65 65 64 64 64 64 65 65 65 65 66 65 65 65 62 62 62 63 63 63 63 63 63 63 63 63 63 63 62 63 63 63 63 64 64 64 64 63 63 63 63 62 63 62 62 62 62 61 60 60 60 60 60 61 61 60 60 60 60 60 60 59 59 59 59 59 59 59 59 59 59 59 59 59 59 59 59 59 59 59 59 59 60 59 59 59 59 59 59 59 59 59 59 59 59 60 59 59 59 59 60 60 59 60 60 60 60 59 59 59 59 60 60 60 60 60 60 60 60 59 59 59 60 61 61 61 60 60 61 61 61 60 60 60 60 60 60 60 60 60 60 60 60 60 60 60 59 59 59 59 59 59 59 59 59 59 59 59 59 59 58 58 59 58 58 58 58 58 58 59 58 58 59 60 60 59 60 60 59 60 59 59 59 59 60 60 60 60 60 60 60 60 60 59 59 59 60 60 60 60 60 60 59 59 59 59 59 60 60 60 60 60 60 60 60 60 60 60 60 59 59 59 59 60 60 60 60 60 60 60 61 61 61 61 61 61 61 62 62 63 63 63 63 63 62 62 61 61 61 62 63 62 62 62 63 62 63 63 62 62 62 63 64 63 63 63 64 63 64 64 64 64 65 65 66 66 66 65 65 66 64 64 65 62 63 63 63 63 63 64 63 63 63 64 64 63 63 63 63 63 63 63 64 64 64 64 64 64 63 62 62 62 62 62 62 62 62 61 60 60 60 60 60 61 60 60 60 60 60 60 60 60 60 60 59 59 59 59 59 59 59 59 59 59 60 60 60 59 59 59 59 59 59 59 59 59 59 59 59 59 59 59 59 60 60 60 60 59 59 59 60 60 59 60 60 60 60 60 60 60 60 60 60 60 60 60 60 60 60 60 59 59 60 61 61 61 61 61 61 61 61 60 60 60 60 61 61 61 61 61 61 61 61 61 60 60 59 59 59 59 59 59 59 59 59 58 59 59 59 59 59 59 58 58 58 59 59 59 59 59 58 59 60 60 60 60 60 60 60 60 60 59 59 59 60 60 60 60 60 60 60 60 60 59 60 60 60 60 60 60 59 59 59 59 59 59 59 59 60 60 60 60 60 60 60 60 60 60 60 60 60 60 60 60 60 60 60 60 60 61 61 61 61 61 61 61 62 63 63 63 63 63 63 63 63 62 62 62 62 63 63 63 62 62 63 63 64 63 63 62 62 63 63 63 63 63 63 63 63 63 63 64 65 65 66 66 64 63 63 63 64 64 64 64 64 64 63 63 64 64 64 64 63 63 63 63 64 64 64 64 64 64 63 62 62 62 62 62 62 61 62 62 61 60 60 61 61 61 61 61 61 61 61 60 60 61 60 60 59 59 59 60 60 60 60 59 60 60 60 60 60 60 60 59 59 59 59 59 59 60 60 60 59 60 60 59 60 60 60 60 59 60 59 60 60 60 60 60 60 60 60 60 60 60 60 60 60 60 60 60 60 60 60 60 60 60 61 61 61 61 61 61 61 61 61 60 60 60 60 61 61 61 61 61 60 60 60 61 61 60 60 59 59 59 60 59 59 59 59 59 59 59 59 59 59 59 59 58 59 59 59 59 59 59 59 59 60 60 60 60 60 60 60 60 60 60 59 59 60 60 60 60 60 60 60 60 60 60 60 60 60 60 59 59 59 59 59 60 60 60 60 59 60 60 60 60 60 60 60 60 61 61 60 60 60 60 60 61 60 60 59 60 60 60 60 60 61 61 61 62 63 63 62 62 62 63 64 63 63 62 62 63 63 64 63 63 63 62 63 64 64 63 62 62 62 63 63 63 63 63 63 64 64 63 63 63 65 65 64 64 65 65 64 65 65 65 64 64 64 64 65 65 64 64 64 64 64 64 64 64 64 63 62 62 62 63 62 61 62 61 61 62 62 61 61 61 62 62 61 61 62 61 61 61 60 60 61 60 60 60 60 60 60 60 60 60 60 60 60 60 60 60 60 60 60 60 60 60 60 60 60 60 60 60 60 60 60 60 60 60 60 60 60 60 60 60 60 60 60 60 60 60 60 60 60 60 60 60 60 60 60 60 60 60 60 60 61 61 61 61 61 61 61 61 61 61 61 61 60 61 61 61 61 61 61 60 61 61 61 60 60 60 60 60 60 60 60 60 59 59 59 59 59 59 59 59 59 59 59 59 59 59 59 59 59 59 60 61 60 60 61 61 61 60 60 59 59 59 60 60 60 60 60 60 60 60 60 60 60 60 60 60 60 60 60 59 60 60 61 60 60 60 60 61 61 61 61 60 60 60 61 61 60 60 60 60 60 60 61 60 60 60 60 60 60 60 61 62 62 62 62 62 62 62 62 63 63 63 63 62 62 63 63 64 64 64 64 63 64 64 63 63 63 63 63 64 64 64 64 63 63 64 64 63 64 64 66 66 65 65 65 66 66 66 66 65 65 64 64 65 65 65 65 65 64 64 64 63 63 62 62 62 62 62 62 61 61 61 61 61 62 61 61 61 61 62 62 61 61 61 62 61 61 61 61 61 61 61 60 60 60 60 60 60 60 60 60 60 60 60 60 60 60 60 60 60 60 60 60 60 60 60 60 60 60 60 60 60 60 60 60 60 60 60 61 60 60 60 60 60 60 61 61 60 60 60 60 60 60 60 60 60 60 60 60 61 61 61 61 62 61 61 61 61 61 61 61 61 61 61 61 61 61 61 61 61 61 61 61 60 60 60 60 60 60 60 60 60 60 59 59 59 59 59 59 59 59 59 59 59 59 59 60 59 60 61 61 61 61 61 61 61 60 60 60 60 60 60 61 61 60 60 60 60 60 60 60 60 60 60 60 60 60 60 60 60 61 61 61 61 60 61 61 61 61 61 61 60 61 61 61 61 61 61 60 60 60 61 61 60 60 60 60 61 61 61 62 63 63 63 62 62 63 63 63 64 64 63 63 62 63 63 63 64 65 64 64 64 64 63 64 64 63 63 64 64 64 64 64 63 64 64 64 64 66 66 66 66 66 66 66 65 65 65 65 65 65 65 65 64 64 64 64 64 63 62 62 62 61 61 61 61 61 61 61 61 61 61 61 61 61 62 62 61 61 61 62 62 62 62 62 61 61 61 61 60 60 60 60 61 61 60 60 60 61 61 60 61 60 60 60 60 60 60 60 60 60 60 60 60 60 60 60 60 60 60 61 60 60 60 61 61 61 60 60 60 61 61 61 60 60 60 60 61 61 61 61 60 60 60 60 61 61 61 61 62 61 61 62 62 61 61 61 61 61 61 61 61 61 61 61 61 61 61 61 60 60 60 60 61 60 60 60 60 60 60 60 60 59 59 59 59 59 59 60 59 59 59 60 60 60 61 61 61 61 61 61 61 61 60 60 60 60 60 61 61 60 60 60 60 60 60 60 60 60 60 60 60 61 61 61 60 61 61 62 61 60 61 61 62 62 61 60 60 61 62 61 61 61 61 60 61 61 61 61 61 60 60 60 61 61 61 62 62 62 62 63 63 62 63 63 64 64 64 63 63 63 63 63 64 65 65 65 65 65 64 65 65 64 64 64 64 64 64 65 64 64 65 64 66 66 66 67 67 67 67 67 67 67 66 66 66 66 66 65 65 65 65 65 64 65 64 64 64 64 64 63 62 62 61 62 62 61 61 61 61 61 61 61 61 61 61 61 62 62 62 61 61 61 62 62 62 62 62 61 61 61 61 61 61 61 61 60 61 61 60 60 60 61 61 61 61 61 61 61 60 60 60 61 61 61 60 60 60 60 60 60 60 61 61 60 61 61 61 61 61 61 61 60 61 61 61 61 61 61 61 61 61 61 61 61 61 61 61 61 61 61 61 61 61 61 61 62 61 61 61 61 61 61 62 61 61 61 61 61 61 61 61 60 61 60 60 60 61 60 60 61 61 60 60 60 60 60 59 59 59 60 59 60 59 60 60 60 60 61 61 61 61 61 61 60 61 61 61 60 60 60 61 61 61 61 60 60 61 61 60 61 60 60 61 61 61 62 61 60 61 62 62 61 61 61 62 61 61 61 60 61 62 62 61 62 61 61 60 61 62 61 61 60 60 60 60 60 61 61 61 62 62 63 63 63 63 63 63 64 64 64 64 63 64 64 64 65 65 65 66 66 65 65 65 65 64 64 64 64 65 65 65 65 67 67 67 67 67 67 67 67 67 67 67 66 66 66 66 67 67 65 65 64 64 64 64 64 64 64 63 64 64 62 62 62 61 62 62 61 61 61 61 61 61 61 61 61 61 61 62 62 62 62 62 62 62 62 62 62 62 62 61 61 62 62 61 61 61 61 61 61 61 61 61 61 61 61 61 61 61 61 61 61 61 61 61 61 61 61 61 61 61 61 61 61 60 61 61 61 61 61 61 61 61 61 61 61 61 61 61 61 61 61 61 61 61 61 61 61 61 62 62 62 62 62 62 61 61 61 61 61 61 62 62 61 61 61 61 61 61 61 61 61 61 61 61 61 60 60 60 60 60 61 61 61 61 61 60 60 59 59 60 60 60 60 60 60 60 60 60 61 61 61 61 61 61 61 61 61 61 61 60 60 61 61 61 61 61 60 61 61 60 61 61 61 60 61 62 61 61 61 61 61 62 61 61 62 62 61 61 61 61 61 62 62 62 62 61 61 61 61 62 61 60 60 60 60 61 61 61 61 61 61 62 63 63 64 63 63 63 64 64 65 64 64 64 65 65 65 65 65 65 66 66 66 65 65 64 64 64 65 65 65 67 67 67 67 67 67 67 67 67 67 67 66 66 66 66 66 66 66 66 66 64 64 64 64 64 64 63 63 63 64 63 63 62 62 62 62 62 62 61 61 62 62 62 62 62 62 62 61 61 61 61 62 62 62 62 62 62 62 62 62 62 62 61 62 62 61 61 61 61 61 61 62 61 61 61 61 61 61 61 61 61 61 61 61 61 61 61 61 61 61 61 61 61 61 61 61 61 61 61 61 61 61 61 61 61 61 61 61 61 61 61 61 61 61 61 61 61 61 61 61 62 62 62 62 62 62 62 61 61 62 62 62 62 62 61 61 61 62 62 62 62 61 60 61 61 61 61 61 61 61 60 60 60 60 61 60 61 61 60 60 60 60 60 60 60 60 60 61 61 61 61 61 61 61 62 61 61 61 61 61 61 61 60 61 61 61 61 60 61 61 61 61 61 61 61 61 61 61 62 61 62 62 62 62 61 61 62 62 62 62 62 61 61 62 62 62 62 61 61 61 61 61 61 60 60 61 61 61 62 62 62 62 62 63 63 64 64 64 63 63 64 65 65 65 64 64 64 64 65 65 65 65 66 65 66 66 65 65 64 64 64 65 65 67 66 67 67 67 67 67 67 66 66 66 66 66 67 66 65 65 66 65 64 63 63 63 64 63 63 63 63 63 63 62 62 62 62 62 62 62 62 62 62 62 62 62 62 62 62 62 62 62 62 62 62 62 62 62 62 62 62 62 62 62 62 61 62 62 62 62 62 62 62 62 62 61 61 61 61 61 61 61 61 61 61 61 61 61 61 61 61 61 61 61 61 61 61 61 61 61 61 61 61 61 61 61 62 61 61 61 61 61 61 61 61 61 61 61 61 61 61 61 62 62 62 62 63 63 63 62 62 62 62 62 62 62 62 62 62 62 62 62 62 61 61 60 60 61 61 61 61 61 61 61 61 61 61 61 61 60 60 60 60 61 60 60 61 61 61 61 61 61 62 61 61 61 62 61 61 61 62 62 61 61 61 61 61 61 61 60 60 61 61 61 61 62 62 62 62 62 62 62 62 62 63 62 62 62 62 62 62 63 62 62 61 62 63 62 62 61 61 60 60 60 60 60 61 61 62 62 62 63 63 63 63 63 64 64 64 64 64 64 64 65 65 65 65 64 65 65 65 65 65 65 65 66 66 66 65 65 65 64 64 64 64 66 67 67 67 67 67 66 65 65 66 66 66 66 66 65 65 65 65 63 63 62 63 63 63 63 63 62 62 62 62 62 62 62 62 62 62 62 62 62 63 62 62 62 62 62 62 62 62 62 62 62 62 62 63 63 62 63 63 62 62 62 62 62 62 62 62 62 62 62 62 62 62 62 62 62 62 62 61 61 61 61 61 61 61 61 61 61 61 61 61 61 61 61 61 61 61 61 61 61 61 61 61 62 61 61 61 61 61 61 62 61 61 61 61 61 61 61 61 62 62 62 63 63 63 62 62 62 62 62 62 62 62 62 62 62 62 62 62 62 61 61 61 61 60 61 61 61 61 61 61 61 61 61 61 60 60 60 60 60 61 61 61 61 61 61 61 61 62 62 61 62 61 62 61 61 61 61 62 61 61 61 61 61 61 61 61 61 61 62 62 62 63 63 62 63 63 62 62 62 63 63 64 63 63 62 62 62 62 62 62 62 63 63 62 62 61 61 60 60 60 60 61 61 62 63 63 62 62 63 63 63 63 63 64 64 65 65 65 65 65 66 65 65 65 65 66 66 65 65 65 66 66 66 66 65 64 64 64 64 64 64 64 66 65 66 66 66 65 65 65 65 65 65 65 65 65 64 64 64 64 62 62 62 62 62 62 62 61 61 62 62 62 62 62 62 62 63 63 63 63 63 63 63 63 63 62 62 62 62 62 63 63 63 62 63 63 63 62 63 63 63 62 62 62 62 62 62 62 62 62 62 62 62 62 62 62 62 62 62 62 61 61 61 61 61 61 61 61 61 61 62 61 61 61 61 61 61 61 61 61 61 61 61 61 62 62 62 61 61 62 62 62 62 62 62 62 61 62 62 62 63 63 63 63 63 63 63 63 62 62 62 62 62 63 62 62 62 62 62 63 62 61 61 61 61 61 61 61 61 61 61 62 61 61 61 60 60 61 61 60 60 61 61 61 61 61 61 61 62 62 62 62 62 62 62 61 61 61 61 61 61 61 62 62 62 62 61 61 61 61 61 61 62 62 63 63 63 63 63 62 62 63 63 64 64 63 63 63 62 62 61 62 62 63 62 62 62 61 61 60 60 60 62 62 62 63 63 62 63 63 63 63 64 64 64 64 64 65 65 65 65 66 66 65 65 65 66 66 66 66 66 66 66 67 66 66 65 65 64 64 64 65 65 65 65 66 66 65 65 65 64 64 64 64 64 64 64 64 63 63 63 63 63 62 62 62 62 62 62 62 62 62 62 62 63 63 63 63 63 63 63 63 63 63 63 63 63 63 63 62 63 63 63 63 63 63 63 63 63 63 63 63 63 63 63 63 62 62 62 62 62 62 62 62 62 62 62 62 62 62 62 62 62 61 61 61 61 61 62 62 62 62 62 62 62 62 62 62 62 62 62 62 62 61 62 62 62 62 62 61 61 62 62 62 62 62 62 62 62 62 62 62 62 63 63 63 63 63 63 63 62 62 62 63 63 63 63 63 63 62 62 62 63 62 62 61 61 61 61 62 62 62 62 62 61 61 61 61 61 61 62 61 61 60 60 60 61 61 61 61 61 61 61 63 63 63 62 62 62 61 62 62 62 61 61 62 62 62 62 62 61 61 62 62 62 62 63 63 63 63 64 64 63 63 63 63 64 64 63 63 63 63 62 62 61 62 62 63 62 61 61 61 61 61 61 62 63 63 62 62 62 63 63 64 64 64 64 64 64 64 65 65 65 65 66 66 66 65 65 66 66 66 66 66 67 67 66 66 65 65 65 65 65 65 65 65 65 65 68 69 68 68 68 69 69 69 68 66 65 65 64 64 64 64 64 64 64 64 64 63 63 63 63 63 63 62 63 63 63 63 63 63 63 63 63 63 63 63 63 63 63 63 63 63 63 63 63 63 63 63 63 63 63 63 63 63 63 63 63 63 63 63 63 63 63 63 63 63 63 62 62 63 62 62 63 63 62 62 62 62 62 62 62 62 62 62 61 61 62 62 62 62 62 62 62 62 62 62 62 62 62 62 62 62 62 62 62 62 62 62 62 62 62 62 62 62 62 62 62 62 62 62 62 62 62 63 63 63 63 63 63 63 63 63 62 63 63 63 63 63 63 63 62 62 63 62 62 61 62 62 62 62 62 62 61 61 61 61 61 61 61 62 62 61 61 61 61 61 60 61 61 61 61 61 61 62 63 63 62 62 62 62 63 62 62 62 61 62 62 62 62 61 61 61 62 62 63 63 63 63 63 63 64 64 64 63 63 63 64 64 64 63 63 62 63 62 62 61 62 62 62 61 61 62 62 61 61 62 62 62 62 63 63 63 63 64 64 64 64 64 64 65 65 65 65 66 66 66 66 65 66 66 66 66 66 66 66 66 66 66 65 65 65 65 65 65 65 65 65 65 66 69 69 68 68 68 68 68 69 69 69 70 70 68 68 70 69 67 66 65 64 64 63 64 64 64 64 64 64 64 64 64 64 64 64 63 63 63 63 63 63 63 63 63 63 64 63 64 63 63 63 63 63 64 64 63 63 63 63 63 63 63 63 63 63 63 63 63 63 63 63 63 64 63 63 63 63 63 63 63 63 63 63 63 63 63 63 63 63 62 62 62 62 62 62 62 62 62 62 62 62 62 62 62 62 62 62 62 62 62 62 62 62 62 62 62 62 62 62 62 62 62 62 62 62 62 62 62 62 62 62 62 62 62 62 63 63 63 63 64 64 63 63 63 63 63 63 63 63 63 63 64 63 63 63 62 62 62 62 62 62 61 61 61 61 61 62 62 61 62 62 62 62 61 62 62 62 61 61 61 61 62 61 61 62 63 63 63 62 62 63 63 63 63 62 62 62 62 63 62 62 62 62 62 62 62 63 63 63 63 63 63 63 64 64 64 64 64 64 64 64 64 63 62 62 63 63 62 61 62 62 62 61 62 62 61 61 61 62 62 62 63 63 63 64 64 64 64 64 64 64 65 65 65 66 66 66 66 66 66 66 66 66 66 66 66 66 66 66 66 65 65 65 65 65 65 65 65 65 65 66 66 69 69 69 68 68 69 68 68 68 68 69 69 69 70 70 69 69 69 70 70 70 70 69 68 67 65 65 64 64 64 64 64 65 64 64 64 64 64 64 64 64 64 64 64 64 64 64 64 64 64 64 64 64 64 64 64 64 64 64 64 64 64 63 63 63 63 63 63 63 63 64 64 64 63 63 63 64 64 64 64 64 63 63 63 63 63 63 63 63 63 63 63 63 63 63 63 63 62 62 62 63 63 62 62 62 62 62 62 62 62 62 62 62 62 62 62 62 62 62 62 62 62 62 62 62 62 62 62 62 62 62 62 63 62 62 63 63 63 63 62 62 64 63 64 64 64 64 64 63 63 63 63 63 63 63 63 64 64 64 63 63 63 62 62 63 62 62 62 62 62 61 61 62 61 61 61 62 62 62 62 62 62 61 61 61 61 61 61 61 62 62 63 63 63 63 63 63 63 63 63 62 63 63 63 63 63 62 62 62 62 62 63 63 63 63 63 63 63 63 63 63 64 64 64 64 64 64 64 63 63 62 62 62 62 62 61 62 62 61 62 62 62 63 63 63 63 63 63 63 63 63 63 63 64 64 65 65 65 65 65 66 66 66 67 66 66 66 66 66 66 66 66 66 66 66 66 65 65 65 65 65 66 66 65 65 65 65 66 66 69 68 69 68 68 68 69 68 68 69 68 68 69 69 69 69 69 68 69 69 69 70 69 69 69 70 71 71 70 69 68 67 66 65 64 64 64 64 65 65 65 65 65 65 65 65 65 65 64 64 64 64 64 64 64 64 64 64 64 64 64 64 64 64 64 64 64 64 64 63 63 63 63 63 64 64 64 64 64 64 64 63 64 64 64 64 64 64 63 63 63 63 63 63 63 63 63 63 63 63 63 63 63 63 63 63 63 63 63 63 63 62 62 62 62 62 62 62 62 62 62 62 62 62 62 62 62 62 62 62 62 62 62 62 62 62 62 62 62 62 63 63 63 63 63 63 63 63 64 64 64 64 64 64 64 64 64 63 63 63 63 63 64 64 64 64 64 63 63 63 63 63 63 63 63 63 63 62 62 62 62 62 62 62 62 63 62 62 62 62 61 62 62 62 62 61 61 62 62 63 63 63 64 63 63 63 63 63 63 63 63 63 63 63 62 62 62 62 63 63 63 63 63 63 63 63 64 64 65 64 64 64 64 64 64 64 63 63 63 63 63 62 62 62 62 62 62 62 62 63 63 63 64 64 64 64 64 64 64 64 64 64 64 65 65 64 65 65 66 66 67 67 67 66 66 66 66 66 66 66 66 66 66 66 65 66 65 66 66 66 66 65 66 66 66 66 66 66 69 69 69 69 68 69 69 68 68 68 68 68 69 69 69 68 68 67 68 68 69 70 69 69 69 70 70 70 70 69 68 67 66 65 64 64 64 65 65 65 65 65 65 65 65 65 65 65 64 64 64 64 64 64 64 64 64 64 64 64 64 64 64 64 64 64 64 64 64 64 64 64 64 64 64 64 64 64 64 64 64 64 64 64 64 64 64 64 64 63 64 63 63 63 63 63 63 63 63 64 63 64 63 63 63 63 63 63 63 64 63 63 63 62 62 62 62 62 62 62 63 63 63 63 63 62 62 62 62 62 62 62 62 62 62 62 62 62 62 63 63 63 63 63 63 63 63 63 64 64 65 64 64 64 64 64 63 63 63 63 63 63 63 64 64 64 64 64 63 63 63 63 63 63 63 63 63 63 63 63 62 62 63 63 63 63 63 63 63 62 62 62 62 62 62 62 62 62 62 63 63 64 63 63 63 63 63 64 64 64 63 63 63 63 63 63 63 63 63 63 63 63 63 64 63 64 64 64 64 64 64 64 64 64 64 64 64 63 63 63 63 63 62 62 62 62 63 63 63 63 63 63 63 63 63 64 64 64 64 64 65 65 64 64 64 64 65 65 65 66 67 67 67 67 67 66 66 66 66 66 66 67 67 66 66 66 66 66 66 66 66 65 66 66 66 66 66 67 69 69 69 69 69 69 69 69 69 69 68 68 69 69 68 68 68 67 68 69 69 70 70 69 69 70 70 70 69 69 68 66 66 65 64 64 64 65 65 65 65 65 65 65 65 65 65 65 65 65 65 65 65 65 65 65 64 64 64 64 64 64 64 64 64 64 64 64 64 64 64 64 64 64 64 64 64 64 64 64 64 64 64 64 64 64 64 64 64 64 63 64 64 63 63 64 64 64 64 64 64 64 64 64 64 64 63 63 63 64 64 63 63 63 62 62 62 62 63 62 63 63 63 63 63 63 63 63 63 63 63 63 63 63 62 62 63 63 63 63 63 63 63 63 63 63 64 63 64 64 65 65 64 64 64 64 64 64 64 63 63 64 63 63 64 64 64 63 63 63 63 63 63 63 63 63 63 63 63 63 63 63 63 64 64 64 64 64 63 63 63 63 63 63 62 63 62 62 63 63 63 64 64 64 63 63 64 64 64 63 63 63 63 64 64 63 63 63 63 63 63 64 64 64 63 63 64 64 64 64 64 64 64 64 64 64 64 63 63 63 63 63 63 63 62 62 63 63 63 63 63 63 63 63 63 63 63 63 64 64 64 65 65 65 65 65 65 65 65 66 66 67 67 67 67 67 66 66 66 66 67 67 67 67 66 66 66 66 66 67 66 66 65 66 66 66 67 67 70 69 69 69 70 70 69 69 69 68 69 69 69 68 68 67 68 68 69 69 70 69 68 69 69 69 69 69 68 67 67 67 66 65 65 65 65 66 66 65 66 66 66 66 66 66 66 65 65 65 65 65 65 65 65 65 65 65 65 65 65 64 64 64 64 64 64 64 64 65 65 65 64 64 64 64 64 64 64 64 64 64 64 64 65 64 64 64 64 64 64 64 64 64 64 64 64 64 64 64 64 64 64 64 64 63 63 63 63 64 64 64 63 63 62 63 63 63 63 63 63 63 63 63 63 63 63 63 63 63 63 63 63 63 63 63 63 63 63 63 63 63 63 63 63 64 64 65 65 65 65 65 64 64 64 64 64 64 64 64 64 64 64 64 64 64 64 64 64 64 63 63 63 63 63 63 64 63 63 64 64 64 64 64 64 64 64 64 64 63 63 63 63 63 63 63 62 63 63 63 64 64 64 64 64 64 64 64 64 64 64 63 64 64 64 63 63 63 63 63 63 63 63 64 64 64 64 64 64 64 64 64 64 64 64 64 64 63 63 63 63 63 63 63 62 63 63 63 63 63 63 63 63 63 63 63 64 64 64 64 64 65 65 65 65 66 66 66 66 67 67 67 67 67 67 67 66 66 67 67 67 67 67 67 67 66 66 66 66 67 66 66 66 66 66 69 69 69 69 69 70 70 69 69 69 69 68 68 69 68 68 68 68 68 68 69 69 69 69 68 68 68 70 69 68 67 66 66 66 65 65 65 66 66 66 66 66 66 66 66 66 66 66 65 65 65 65 65 65 65 65 65 65 65 65 65 65 64 64 65 65 65 65 65 65 65 65 65 65 65 65 65 65 65 65 64 65 65 64 65 65 65 64 64 64 64 64 64 64 64 64 64 64 64 64 64 64 64 64 64 64 64 64 63 63 64 64 64 63 63 63 63 63 63 63 63 63 63 63 63 63 63 63 63 63 63 63 63 63 63 63 63 63 63 63 64 63 63 63 63 63 63 63 64 64 64 65 64 64 64 64 64 64 64 64 64 64 64 65 64 64 64 64 64 64 64 64 63 64 64 64 63 63 63 64 64 64 64 64 64 64 64 64 64 64 64 63 63 63 63 63 63 63 63 63 64 64 64 64 64 64 64 64 65 65 64 64 64 64 64 64 64 63 63 63 63 63 64 64 64 64 64 64 65 64 64 64 63 64 63 64 64 64 64 64 63 63 63 63 63 63 63 63 63 63 63 63 64 64 64 64 63 64 64 64 64 64 64 65 65 65 66 66 66 66 67 67 66 67 67 67 67 66 67 67 67 67 67 67 67 67 67 66 66 66 67 67 66 66 67 69 69 69 69 68 70 70 70 69 68 67 68 68 67 68 68 68 68 69 69 70 69 68 67 67 69 69 68 67 66 65 65 65 65 66 66 66 66 66 66 66 66 66 66 66 66 65 65 65 65 65 65 65 65 65 65 65 65 65 65 65 65 65 65 65 65 65 65 65 65 65 65 65 65 65 65 65 65 65 65 65 65 65 65 65 65 64 65 64 65 65 64 64 64 64 64 64 64 64 64 64 64 64 64 64 64 64 64 64 64 64 64 64 63 63 63 63 63 63 63 63 63 63 63 63 63 63 63 63 63 63 63 63 63 63 63 63 63 63 63 63 63 63 63 63 63 64 64 64 64 65 65 64 65 65 64 64 64 64 64 65 64 64 64 65 64 64 63 64 64 63 63 64 64 64 64 64 63 64 64 64 64 64 64 64 64 64 64 64 64 63 63 63 63 63 63 64 64 64 64 64 64 64 64 64 65 65 65 65 65 65 65 65 64 64 63 63 64 64 64 64 64 64 64 64 64 65 65 64 65 64 63 64 63 64 64 64 64 64 64 63 63 63 63 63 63 64 64 64 64 64 64 64 64 64 64 64 64 64 65 65 64 64 65 66 65 65 66 67 66 66 66 67 67 67 67 67 67 67 67 67 67 67 67 67 67 67 67 68 68 68 67 67 70 71 70 68 68 69 68 68 68 68 68 68 68 67 67 67 68 68 68 69 70 69 70 69 67 67 67 66 66 66 66 66 66 66 66 67 67 67 67 66 66 66 66 66 66 66 66 66 66 66 66 65 65 65 65 65 65 65 65 65 65 65 65 65 65 65 65 65 65 65 65 65 65 65 65 65 65 65 65 65 65 65 65 65 65 65 65 65 65 65 64 64 64 64 65 64 64 64 65 65 64 64 64 64 64 64 64 64 64 64 64 64 64 63 63 63 63 63 63 63 63 64 64 64 64 63 63 63 63 63 63 63 63 63 63 64 63 63 63 64 64 64 63 63 63 64 64 64 64 64 65 65 65 65 65 65 65 65 64 64 64 64 64 64 64 64 64 64 64 63 63 64 64 64 64 64 64 64 64 64 64 64 64 64 64 64 64 64 64 64 64 64 64 63 63 64 64 65 65 65 65 65 65 65 65 65 65 65 65 65 65 65 64 64 64 64 64 64 64 64 64 64 64 64 65 65 65 65 65 64 64 64 64 64 64 64 64 64 64 64 64 64 63 63 64 64 64 64 64 64 64 64 64 64 64 64 64 64 64 64 64 64 64 65 65 65 66 66 66 66 66 67 67 67 67 67 67 67 68 68 68 68 68 68 68 68 68 68 68 68 68 68 70 69 68 68 68 68 69 69 69 69 69 69 68 68 67 67 67 68 69 69 70 70 69 68 68 68 67 67 67 67 66 66 66 67 67 67 67 67 67 67 67 67 67 67 66 66 66 66 66 66 66 66 66 66 65 65 65 65 65 65 65 65 65 65 65 65 65 65 65 65 65 65 65 65 65 65 65 65 65 65 65 65 65 65 65 65 65 65 65 65 65 65 65 65 65 65 65 65 65 65 65 64 64 64 64 64 64 64 64 64 64 64 64 63 63 64 64 64 64 63 64 64 64 64 64 64 64 64 64 64 64 64 64 64 64 63 63 63 63 64 64 64 64 64 65 65 64 64 64 64 65 65 65 65 65 65 65 64 64 64 64 64 64 64 64 64 63 64 63 64 64 64 64 64 64 64 64 64 64 64 65 65 65 64 64 64 64 64 64 64 64 64 64 64 65 65 65 65 65 65 65 65 65 65 64 65 64 64 64 64 64 64 64 64 64 64 64 64 64 64 64 64 65 65 65 65 64 64 64 65 64 64 64 64 64 64 64 64 64 64 64 64 64 64 64 64 64 64 64 64 64 64 64 64 64 64 64 64 64 64 65 65 65 65 65 65 66 66 66 67 67 67 67 68 67 67 67 68 68 68 68 68 69 68 68 68 68 68 69 70 69 69 70 71 71 71 71 69 69 69 67 67 69 68 69 70 69 69 68 68 67 67 67 67 67 67 66 67 67 67 67 67 67 67 67 67 67 67 67 66 66 66 66 66 66 66 66 66 66 66 66 66 66 66 66 66 65 66 66 66 66 66 66 66 66 65 65 65 65 65 65 65 65 65 65 65 65 65 65 65 65 65 65 65 65 65 65 65 65 65 65 65 65 65 65 65 64 64 64 65 64 64 64 64 64 64 64 64 64 64 64 64 64 64 64 64 64 64 64 64 64 64 64 64 64 64 64 64 64 64 64 64 64 63 64 64 64 64 64 65 65 65 65 65 65 65 65 65 65 65 65 65 64 64 64 64 64 64 64 64 65 65 64 64 63 64 64 64 64 64 65 64 64 64 64 64 64 65 64 64 64 64 64 64 64 64 64 64 64 65 65 65 65 65 65 65 65 65 65 65 65 65 65 65 65 65 65 64 64 64 64 64 64 64 64 64 64 64 65 65 65 65 65 65 65 64 64 64 64 64 64 64 64 64 64 64 64 64 64 64 65 65 65 64 64 64 64 64 64 64 64 64 64 65 65 65 65 66 66 66 65 65 66 66 67 67 68 68 68 68 67 68 68 68 69 68 69 69 68 69 68 69 69 69 69 69 71 71 71 72 72 72 73 72 71 71 71 71 66 67 67 68 68 67 68 67 67 67 66 67 67 67 67 67 67 67 67 67 67 67 67 67 67 67 67 67 66 66 66 66 66 66 66 66 66 66 66 66 66 66 66 66 66 66 66 66 66 66 66 66 66 66 66 65 66 66 66 66 65 65 66 66 65 65 65 66 66 66 66 66 65 65 65 65 65 65 65 65 65 65 65 65 65 65 65 65 65 65 64 64 64 64 64 64 64 64 64 64 64 64 64 64 64 64 64 64 64 64 64 64 64 64 64 64 64 64 64 64 64 64 64 64 64 64 65 64 65 65 65 65 65 65 65 65 65 65 66 65 65 64 64 64 65 65 64 64 65 65 65 64 64 64 64 64 64 64 64 64 64 65 64 64 64 64 65 65 64 64 64 64 64 64 64 64 65 65 66 66 65 65 65 65 65 65 65 65 65 65 65 65 65 65 65 65 64 64 64 65 64 64 65 64 65 65 64 65 65 65 65 65 65 65 64 64 65 64 64 64 64 64 64 64 64 64 64 65 65 65 65 65 65 65 64 64 64 64 64 65 65 65 65 66 66 66 66 67 67 66 66 66 66 67 67 68 68 68 68 68 68 68 69 68 69 69 68 68 68 69 69 69 69 69 69 72 73 74 74 74 73 72 72 72 72 70 69 67 67 67 66 66 66 66 66 66 67 67 67 67 67 67 68 68 68 68 67 67 67 67 67 67 67 67 67 67 66 66 66 66 66 66 66 66 66 66 66 66 66 66 66 66 66 66 66 66 66 66 66 66 66 66 66 66 66 65 66 66 66 65 65 65 66 66 66 66 66 65 65 65 65 65 65 65 65 65 65 65 65 65 65 65 65 65 65 65 64 65 65 65 64 64 64 64 64 64 64 64 64 64 64 64 64 64 64 64 64 64 64 64 64 64 64 64 64 64 64 64 64 64 64 65 65 65 65 65 65 65 65 65 65 65 66 66 65 65 65 66 66 65 65 65 65 65 65 65 65 64 64 64 64 64 64 65 65 64 65 65 64 64 64 65 65 65 65 65 64 64 64 64 64 65 65 66 66 65 65 65 65 65 65 65 65 65 65 65 65 66 65 65 65 65 65 66 65 65 65 65 64 65 65 65 65 65 65 64 64 64 64 65 65 65 65 65 65 64 65 64 64 64 65 65 65 65 65 65 65 65 65 65 65 64 64 64 65 66 66 66 66 66 66 67 67 68 67 67 67 67 66 67 67 68 68 68 68 68 68 69 68 69 69 68 69 69 69 69 69 69 69 74 74 73 73 73 73 72 72 72 71 70 70 69 68 68 69 67 67 67 67 67 67 67 67 68 68 68 68 68 68 68 68 68 68 68 68 68 67 67 67 67 67 67 67 67 67 67 66 66 66 66 66 66 66 66 66 66 66 66 66 66 66 66 66 66 66 66 66 66 66 66 66 66 65 66 66 66 66 66 66 66 66 66 66 66 65 65 65 65 65 65 65 65 65 65 65 65 65 65 65 65 65 65 65 65 64 64 64 64 64 64 64 64 64 64 65 65 65 65 65 65 64 64 64 64 64 64 64 64 64 64 64 64 64 65 65 65 66 65 65 65 65 65 65 65 65 66 66 65 65 65 66 66 65 65 66 65 65 65 64 64 64 64 64 64 64 64 64 65 65 64 65 64 64 65 65 65 65 65 65 65 65 65 64 64 65 65 66 65 65 65 65 65 65 65 65 65 65 66 66 66 66 66 66 66 65 65 66 66 66 65 65 65 65 65 66 66 65 65 64 64 65 64 64 64 64 65 65 65 65 65 64 64 65 65 65 65 65 65 65 65 65 65 65 65 65 65 65 65 66 66 67 67 67 66 67 67 68 68 68 67 67 67 67 68 68 68 68 68 69 69 69 68 69 68 68 69 69 69 69 69 69 73 73 72 72 73 72 73 73 72 71 70 70 70 70 71 71 70 69 68 68 68 67 67 67 68 68 68 68 68 68 68 68 68 68 68 68 68 68 67 67 67 67 67 67 67 67 67 67 67 67 66 66 66 66 66 66 66 67 67 67 67 67 66 66 66 66 66 66 66 66 66 66 66 66 66 66 66 66 66 66 66 66 66 66 66 66 66 65 65 65 66 66 66 66 65 65 66 65 65 65 65 65 65 65 66 65 65 64 64 64 64 64 65 65 65 65 65 65 65 65 65 65 65 65 65 64 64 64 64 64 64 64 64 64 64 65 65 64 65 65 65 65 66 66 66 65 65 66 66 66 66 65 65 65 65 65 65 65 65 65 64 64 64 65 65 64 64 64 64 65 64 64 65 64 64 65 65 65 65 65 65 65 65 65 64 64 65 65 66 65 65 65 66 65 66 65 65 65 66 66 66 67 66 67 67 67 66 66 66 65 65 65 65 65 65 65 65 66 66 65 65 65 65 65 65 64 64 64 64 65 65 65 64 64 65 65 65 65 65 65 65 65 65 66 66 66 66 67 66 65 66 66 67 67 68 67 67 67 68 69 68 68 67 67 67 68 68 69 69 69 69 68 68 68 69 68 68 69 69 69 68 69 70 73 72 72 72 72 72 72 72 72 72 72 72 72 72 73 72 71 70 69 69 68 68 67 67 68 68 68 68 68 68 68 68 68 68 68 68 68 68 68 67 67 67 67 67 67 67 67 67 67 67 67 67 67 66 66 66 67 67 67 67 67 67 67 66 66 66 66 66 66 66 66 66 66 66 66 66 66 66 66 66 66 66 66 66 66 66 66 66 66 66 66 66 66 66 66 66 66 66 66 66 66 66 66 66 66 66 65 65 65 65 65 65 65 65 65 65 65 65 65 65 65 65 65 65 65 65 65 65 65 65 65 65 65 65 65 65 65 64 64 65 65 65 66 66 66 66 66 66 66 66 66 66 66 65 65 65 65 65 65 65 64 64 64 65 65 65 65 64 64 64 64 64 64 64 64 64 65 65 65 65 65 65 65 65 65 64 64 65 65 65 66 66 66 66 66 66 66 66 66 66 66 67 67 67 67 67 67 67 67 66 66 66 66 65 65 65 66 66 66 66 66 66 65 65 65 65 65 65 65 65 65 65 65 64 65 65 65 65 65 65 65 65 65 65 66 66 67 67 68 68 66 66 66 67 67 68 68 68 68 68 69 69 68 68 67 67 68 68 69 69 69 69 69 68 68 68 69 68 69 69 69 69 69 69 69 73 72 73 73 72 71 72 73 73 73 74 74 73 73 74 73 72 70 69 69 68 67 67 68 68 68 68 68 68 68 68 68 68 68 68 68 68 68 68 67 67 67 67 67 67 67 67 67 67 67 67 67 67 67 67 67 67 67 67 67 67 67 67 66 66 66 66 66 66 67 66 66 66 66 66 66 66 66 66 67 67 67 67 67 66 66 66 66 66 66 66 66 66 66 66 66 66 66 66 66 66 66 66 66 66 66 66 66 65 65 65 65 65 65 65 65 65 65 65 65 65 65 65 65 65 65 65 65 65 65 65 65 65 65 65 65 65 65 64 65 65 65 65 66 66 66 66 66 66 66 66 66 66 66 65 65 66 65 65 65 65 65 65 66 66 65 65 65 65 65 65 65 65 65 64 64 65 65 65 65 65 65 65 65 65 65 64 64 65 65 66 66 66 66 66 66 66 66 66 66 66 67 67 67 67 67 67 67 67 67 66 66 65 65 65 65 66 66 67 67 66 66 66 66 66 66 65 65 65 65 65 65 65 65 65 65 65 65 65 65 65 65 65 65 65 65 67 67 67 68 68 67 66 67 68 68 68 68 68 69 69 69 69 68 67 67 68 69 69 69 69 69 69 69 69 69 68 69 69 69 69 69 69 70 74 73 74 74 74 74 73 72 71 72 73 74 73 73 73 74 74 73 71 71 71 71 69 68 67 68 68 68 69 69 69 69 69 69 69 68 68 68 68 68 68 68 68 67 67 67 67 67 67 67 67 67 67 67 67 67 67 67 67 67 67 67 67 67 67 67 67 67 67 66 66 67 66 66 66 66 66 66 67 66 66 67 67 67 67 66 66 66 66 67 66 66 66 66 66 66 66 66 66 66 66 66 66 66 66 66 66 66 66 66 66 65 65 65 65 65 65 65 65 66 65 65 65 65 65 65 65 65 65 65 65 65 65 65 65 65 65 65 65 65 65 66 66 66 66 66 66 67 66 66 66 66 66 66 66 66 66 66 66 66 66 66 66 66 67 66 66 66 65 65 65 65 66 65 65 65 64 64 65 65 65 65 65 65 65 65 65 64 64 64 64 66 66 66 66 66 66 66 66 66 66 67 67 67 67 67 67 66 67 66 67 67 67 66 66 65 66 66 66 67 67 66 65 66 66 65 65 66 66 65 65 65 65 64 65 65 65 65 65 65 65 65 65 66 66 67 66 66 66 66 67 67 68 68 67 67 67 68 68 68 68 69 69 69 69 68 68 68 69 69 69 69 69 69 69 69 69 69 69 69 69 69 69 69 69 70 74 74 75 75 74 73 74 73 71 72 73 73 72 72 72 73 74 73 72 73 73 72 70 69 68 68 68 69 69 69 69 69 69 69 69 69 69 69 69 69 69 68 68 68 68 68 68 68 68 67 67 67 67 68 68 68 67 67 67 67 67 67 67 67 67 67 67 67 67 67 67 67 67 67 66 66 67 67 67 67 67 67 67 67 67 67 67 67 67 67 67 67 66 66 66 66 66 66 66 66 66 66 66 66 66 66 66 66 66 66 66 66 66 66 65 66 66 66 66 66 66 66 66 66 66 66 66 66 65 65 65 65 65 65 65 65 65 65 65 65 65 67 66 66 66 66 66 66 66 66 66 66 66 66 66 66 66 66 66 67 66 66 66 66 66 66 66 66 66 66 66 66 66 66 66 65 64 64 65 65 65 65 65 65 65 65 65 65 65 65 65 66 66 66 66 66 66 67 67 67 67 67 67 67 67 67 67 67 66 67 67 67 67 67 66 66 66 67 67 67 66 65 65 65 65 65 65 65 66 66 65 65 65 65 65 65 65 65 66 65 65 66 66 66 66 67 68 67 66 67 68 68 68 68 68 68 68 67 68 68 68 68 69 69 70 69 69 69 70 70 69 69 69 69 69 70 69 69 69 69 69 69 70 70 70 75 75 75 74 73 73 73 73 72 71 72 72 72 72 71 73 74 74 74 74 72 71 70 69 68 68 68 69 69 69 69 69 69 69 69 69 69 69 69 69 69 68 68 68 68 68 68 68 68 68 68 68 68 68 68 68 68 68 68 67 67 67 67 67 67 67 68 68 68 68 67 67 67 67 67 67 67 67 67 67 67 67 67 67 67 67 67 67 67 67 67 67 66 66 66 66 67 67 67 67 67 67 66 66 66 66 66 66 66 66 66 66 66 66 66 66 66 66 66 66 66 66 66 66 66 66 66 66 66 66 66 66 66 65 65 65 65 65 65 65 66 67 67 66 67 67 67 67 66 66 66 66 67 67 67 66 66 66 66 66 67 66 66 66 66 66 66 66 66 66 66 66 66 66 65 65 65 64 65 65 65 65 65 65 65 65 65 65 65 65 65 65 66 66 66 67 67 67 67 67 67 67 67 67 66 66 66 66 67 67 67 67 67 67 67 66 67 67 67 67 66 66 65 65 65 65 65 65 66 66 65 65 65 65 65 65 65 66 66 66 66 66 66 67 67 67 68 68 67 67 67 68 68 68 69 69 69 69 68 68 68 68 69 70 70 70 70 70 70 70 70 70 69 69 69 70 70 70 69 69 70 69 69 69 70 75 74 73 74 73 72 72 72 72 72 71 71 71 72 72 73 74 74 74 72 71 70 70 69 68 68 69 69 69 69 69 69 69 69 69 69 69 69 69 69 68 68 68 68 68 68 68 68 68 68 68 68 68 68 68 68 68 68 68 68 67 67 67 67 68 68 68 68 68 68 68 68 68 68 67 67 68 68 67 67 67 67 67 67 67 67 67 67 67 67 67 67 66 66 67 67 67 67 67 67 67 67 67 67 67 66 66 66 66 66 66 66 66 66 66 66 66 66 66 66 66 66 66 66 66 66 66 66 66 66 66 66 66 66 65 65 65 65 65 66 67 67 67 67 67 67 67 67 67 66 66 67 67 67 66 66 66 66 66 67 67 66 66 66 66 66 66 66 66 66 67 66 66 65 65 65 65 65 65 65 65 65 65 65 65 65 65 65 65 65 66 66 66 67 66 67 67 67 67 67 67 67 66 66 67 67 67 67 68 67 68 68 67 67 67 66 67 67 67 67 66 65 65 65 65 65 65 65 65 65 65 65 65 66 66 65 66 66 66 66 67 66 67 67 68 68 68 68 68 67 67 68 69 69 69 69 69 69 68 68 69 69 70 70 70 70 70 70 70 70 70 70 70 69 70 69 70 69 69 69 69 70 70 70 76 75 75 75 74 74 73 73 73 72 71 71 71 71 72 71 73 73 73 72 71 70 70 69 69 69 69 69 70 70 70 70 70 70 70 70 69 69 69 69 69 69 69 69 69 69 68 68 68 68 68 68 68 68 68 68 68 68 68 68 68 68 68 68 68 68 68 68 68 68 68 68 68 68 68 68 68 68 68 68 68 67 67 68 67 68 68 67 67 67 67 67 67 67 67 67 67 67 67 67 67 67 67 67 67 67 67 67 66 66 66 66 66 66 66 66 66 66 66 66 66 66 66 66 66 66 66 66 66 66 66 66 66 66 66 66 66 66 66 66 68 68 67 67 67 67 67 67 67 67 66 67 67 67 67 67 66 67 67 67 67 67 67 67 67 66 66 66 66 67 67 66 66 65 65 65 65 65 65 65 65 65 66 66 66 65 65 65 65 65 66 66 67 67 66 67 67 66 67 66 67 66 67 67 67 67 68 68 68 68 68 68 67 67 67 67 66 67 67 67 66 66 65 65 65 65 65 65 65 65 65 65 65 65 65 65 66 66 66 66 67 67 67 68 68 68 69 68 68 68 68 68 68 68 69 68 69 69 69 69 70 70 70 70 69 69 69 69 69 69 69 69 69 69 70 70 70 70 70 69 69 69 70 76 76 76 75 74 73 72 72 72 73 73 72 71 71 72 71 73 73 72 70 69 69 69 69 69 69 70 70 70 70 70 70 70 70 70 70 70 70 70 69 69 69 69 69 69 69 69 69 69 69 69 69 68 68 68 68 68 68 68 68 68 68 68 68 68 68 68 68 68 68 68 68 68 68 68 68 68 68 68 68 68 68 68 68 68 68 67 67 67 67 67 67 67 67 67 67 67 67 67 67 67 67 67 67 67 67 67 67 66 66 66 66 67 67 67 67 67 67 67 67 67 67 67 66 66 66 66 66 66 66 66 66 66 66 66 66 66 66 66 67 68 68 68 68 67 67 68 67 67 67 67 67 67 67 67 67 67 67 67 67 67 67 67 67 67 67 66 66 67 67 66 66 66 66 66 66 66 65 65 65 65 66 66 66 66 65 65 65 65 66 67 67 66 66 66 66 66 66 66 66 67 67 67 67 68 68 68 68 67 67 67 67 67 66 67 66 67 67 66 66 66 65 65 65 65 65 65 65 65 65 66 66 66 66 66 66 66 66 66 66 67 67 67 68 68 69 69 69 69 68 68 68 69 69 69 69 69 69 70 70 70 70 70 70 70 69 69 69 69 69 68 69 69 70 70 70 69 69 69 69 70 70 76 75 76 76 75 73 73 74 74 74 74 73 73 72 71 71 72 73 74 72 71 70 70 70 69 70 70 70 70 70 70 70 70 70 70 70 70 70 70 70 69 69 69 69 69 69 69 69 69 69 69 69 69 69 69 69 68 68 68 68 68 68 69 69 69 69 68 68 68 68 68 68 68 69 68 68 68 68 68 68 68 68 68 68 68 68 68 68 67 67 67 67 67 67 67 67 67 67 67 67 67 67 67 67 67 67 68 68 67 67 66 66 66 67 67 67 67 67 67 67 67 67 67 67 67 67 67 67 66 66 66 66 66 66 66 66 66 66 66 66 68 68 67 67 68 67 67 68 68 68 67 67 67 67 67 67 67 67 67 67 67 67 67 67 67 67 67 67 67 67 67 67 67 66 66 66 66 66 66 66 65 66 66 66 66 66 66 66 66 66 67 66 66 66 66 66 66 66 66 67 66 67 67 67 67 68 68 68 67 67 67 67 67 66 66 66 66 66 66 66 66 65 66 66 66 66 66 66 66 66 66 66 66 66 66 66 67 67 67 66 66 66 67 67 67 68 68 68 69 69 69 69 69 69 69 69 69 70 70 70 70 70 70 70 69 69 70 70 70 70 69 69 68 69 69 70 69 69 69 69 70 70 71 76 76 75 74 74 75 76 76 76 76 75 74 73 72 71 71 71 71 71 72 71 71 70 70 70 70 70 70 70 70 70 70 70 70 70 70 70 70 70 70 69 69 69 69 69 69 69 69 69 69 69 69 69 69 69 69 69 68 68 68 68 69 69 69 69 69 69 68 69 69 69 69 69 69 69 68 68 68 68 68 68 68 68 68 68 68 68 68 68 67 67 67 68 67 67 67 67 67 67 68 68 68 67 67 67 67 67 67 67 67 66 66 67 67 67 67 67 67 67 67 67 67 67 67 67 67 67 67 67 67 67 67 67 67 66 67 66 66 66 66 68 68 68 67 67 67 67 68 68 68 68 68 67 67 68 68 67 67 67 67 68 67 67 67 67 67 67 67 67 67 67 67 67 67 66 66 66 66 66 66 66 66 66 66 66 66 66 66 66 66 67 67 66 67 67 67 67 67 67 67 67 67 67 67 67 68 68 68 67 67 66 66 66 66 66 66 66 66 66 66 66 66 66 66 66 66 66 66 66 66 66 66 66 66 66 67 67 67 67 67 67 66 66 67 67 67 67 68 68 69 69 69 69 69 69 69 70 70 70 71 71 71 70 70 70 70 70 71 70 70 70 69 68 68 69 70 68 69 70 70 70 71 71 71 70 70 77 76 76 75 75 76 76 75 75 75 75 74 73 73 72 72 72 71 70 70 70 71 70 70 70 70 71 71 71 71 71 71 71 71 71 71 70 70 70 70 70 70 70 69 69 69 69 69 69 69 69 69 69 69 69 69 69 69 69 69 69 69 69 69 69 69 69 69 69 69 69 69 69 69 69 69 69 69 69 68 68 68 68 68 68 68 68 68 68 68 68 68 68 68 68 67 67 67 68 68 68 68 68 67 67 67 67 67 68 67 67 67 67 67 67 67 67 67 67 67 67 67 67 67 67 67 67 67 67 67 67 67 67 67 67 67 67 67 67 67 68 68 68 68 68 68 68 68 68 68 68 68 68 67 67 68 68 68 68 68 68 68 68 67 67 68 67 67 67 67 67 67 67 67 67 67 66 66 66 66 66 66 66 66 66 66 66 66 66 66 67 67 67 67 67 67 67 67 67 67 67 67 67 67 67 68 68 67 67 66 66 66 66 66 66 66 66 66 66 66 66 66 66 66 66 66 66 66 66 66 66 67 67 67 67 67 67 67 67 68 67 67 67 67 68 67 68 69 69 69 69 70 70 69 70 69 69 70 70 70 70 71 71 70 71 71 71 71 71 70 69 69 69 68 69 69 68 69 70 70 70 70 70 70 70 70 69 77 76 75 76 76 76 76 75 75 74 73 73 73 72 72 72 72 72 71 71 70 70 70 71 71 71 71 71 71 71 71 71 71 71 71 71 71 71 71 70 70 70 70 70 70 70 69 69 69 69 69 69 69 69 69 69 69 69 69 69 69 69 69 69 69 69 69 69 69 69 69 69 69 69 69 69 69 69 69 69 69 68 68 68 68 68 68 68 68 68 69 68 68 68 68 67 67 68 68 68 68 68 68 68 68 68 68 68 67 67 67 67 67 67 68 68 68 67 67 67 67 67 67 67 67 67 67 67 67 67 67 67 67 67 67 67 67 67 67 68 68 68 68 68 68 68 68 68 68 68 68 68 67 67 68 68 68 68 68 68 68 68 67 68 68 68 68 67 67 67 67 67 67 67 67 66 66 67 66 66 66 66 66 66 67 66 67 67 67 67 67 67 67 67 67 67 67 67 67 67 67 67 67 67 67 67 67 67 66 66 66 66 67 67 66 67 67 66 67 67 66 66 66 66 66 67 67 66 66 66 66 66 67 67 67 67 68 68 68 68 67 68 68 69 68 68 69 69 69 70 70 70 70 69 70 70 71 71 70 70 70 70 70 70 71 71 71 71 71 70 69 69 69 69 70 69 68 68 69 69 69 70 70 70 70 69 69 69 77 77 77 77 78 77 76 75 74 74 74 73 74 74 73 72 71 71 71 71 71 71 71 71 71 71 71 71 71 71 71 71 71 71 71 71 71 71 70 70 70 70 70 70 70 70 70 70 70 69 69 69 69 70 69 69 69 69 69 69 69 69 69 69 69 69 69 69 69 69 69 69 69 69 69 69 69 69 69 69 69 69 69 69 69 69 68 68 68 69 69 68 69 68 68 67 68 68 68 68 68 68 68 68 68 68 68 67 67 67 67 68 68 68 68 68 68 68 68 68 68 68 67 68 67 67 67 67 67 67 67 67 67 67 67 67 67 67 68 68 68 68 68 68 68 68 68 68 68 68 68 68 68 68 68 68 69 68 68 68 68 68 68 68 68 68 68 68 67 67 68 68 67 67 67 67 67 67 67 66 66 66 66 67 67 67 67 67 67 67 67 67 67 67 67 68 68 68 68 68 67 67 67 67 67 67 66 66 66 67 67 67 67 67 67 67 67 67 67 67 67 67 67 67 67 67 67 67 67 67 67 66 67 67 68 68 68 68 68 68 68 69 69 69 69 68 69 69 69 69 70 70 70 70 71 71 71 71 70 70 70 70 70 71 71 71 70 70 70 70 70 70 70 70 70 69 68 68 68 69 69 70 70 69 69 69 69 70 78 78 78 78 78 77 76 75 75 74 74 74 74 74 73 72 71 71 71 71 71 71 71 71 71 71 71 71 71 71 71 71 71 71 71 71 71 70 70 70 70 70 70 70 70 70 70 70 70 70 69 69 70 70 69 69 69 69 69 69 69 69 69 69 69 69 69 69 69 69 69 69 69 69 69 69 69 69 69 69 69 69 69 69 69 69 68 69 69 69 69 69 68 68 68 68 68 68 68 68 68 69 69 68 68 68 68 67 67 68 68 68 68 68 68 68 68 68 68 68 68 68 68 68 68 68 68 68 67 67 67 67 67 67 67 67 67 69 68 68 68 68 68 68 68 68 69 69 68 68 68 68 68 68 68 68 68 68 68 68 68 68 68 68 68 68 68 67 67 68 68 68 67 67 67 67 67 67 67 67 67 66 67 67 67 66 66 67 67 67 68 68 68 68 68 68 68 68 68 68 67 67 68 67 67 67 67 67 67 67 67 67 67 67 67 67 67 67 67 67 67 67 67 67 67 67 67 68 68 68 67 67 67 67 68 68 68 68 68 68 69 69 70 70 70 69 69 70 70 70 71 71 71 71 72 71 71 71 71 70 70 71 71 71 70 70 70 71 70 70 70 71 71 71 70 70 69 69 68 68 69 70 69 69 69 70 70 71 78 78 77 76 75 75 75 75 74 73 73 73 73 73 72 71 71 71 71 72 72 72 72 72 72 72 72 72 72 72 71 71 71 71 71 71 71 71 71 71 70 70 70 70 70 70 70 70 70 69 69 69 69 69 69 70 69 69 69 69 69 69 69 69 69 69 69 69 69 69 69 69 69 69 69 69 69 69 69 69 69 69 69 69 69 69 69 69 69 69 69 69 68 68 68 68 68 68 68 69 68 68 68 68 68 68 68 68 68 68 68 68 68 68 68 68 68 68 68 68 68 68 68 68 68 68 68 68 68 68 68 68 67 67 67 68 68 68 68 68 68 68 68 68 69 69 69 68 68 68 68 68 68 68 68 68 68 68 68 68 68 68 68 68 68 68 67 67 68 67 67 67 67 67 67 67 67 67 67 67 67 67 67 67 67 67 68 68 68 68 68 68 68 68 68 68 68 68 68 67 67 67 67 67 67 67 67 67 67 67 67 67 67 67 67 67 67 67 67 67 67 67 67 67 67 67 67 68 68 68 67 67 67 68 68 68 68 69 69 69 69 69 70 70 70 70 70 70 71 71 71 71 71 71 70 70 71 70 70 71 71 71 70 70 70 70 70 70 70 71 71 71 70 70 70 70 70 69 69 69 70 69 69 70 70 71 71 71 77 77 77 76 76 75 74 73 72 72 73 72 72 71 71 72 72 72 72 72 72 72 72 72 72 72 72 72 72 72 71 71 71 71 71 71 71 71 71 70 70 70 70 70 70 70 70 69 70 70 70 70 70 70 70 70 70 70 70 70 70 69 69 69 69 70 70 70 69 69 70 69 69 69 69 69 69 69 69 69 69 69 69 69 69 70 69 69 69 69 68 68 68 68 68 69 69 69 69 68 68 68 68 68 68 68 68 68 68 68 68 68 68 68 68 68 68 68 68 68 68 68 68 68 68 68 68 68 68 68 68 67 69 69 69 69 69 69 69 68 68 69 69 69 69 68 68 68 68 68 68 68 68 69 69 68 68 68 68 68 68 68 68 68 67 68 68 68 67 67 67 67 67 67 67 67 67 67 67 67 67 67 68 68 68 68 68 68 68 68 68 68 68 68 68 67 67 67 67 67 67 67 67 67 67 68 67 67 67 67 68 67 67 67 67 67 67 67 67 67 67 67 67 68 68 68 68 68 67 67 67 67 68 68 69 69 69 69 69 69 69 70 70 70 69 70 70 71 71 71 71 70 70 70 70 70 71 71 70 70 70 70 70 70 70 70 71 71 70 69 70 70 70 70 70 69 69 70 69 69 70 70 71 71 71 72 72 77 78 77 75 75 74 73 72 72 72 72 71 71 72 72 72 72 72 72 72 72 72 72 72 72 72 72 72 72 72 71 71 71 71 71 71 71 71 71 70 70 70 70 70 70 70 70 70 70 70 70 70 70 70 69 70 70 70 70 70 70 70 70 70 70 70 70 70 70 70 70 70 70 69 69 69 69 69 69 69 69 69 69 70 70 69 69 69 69 68 68 68 68 68 69 69 69 69 69 69 69 68 68 68 68 68 68 68 68 69 68 68 68 68 68 68 68 68 68 68 68 68 68 68 68 68 68 68 68 68 69 69 69 69 69 69 70 69 69 69 69 69 69 68 69 68 68 69 69 69 69 69 69 68 68 68 68 68 68 68 68 68 68 68 68 68 68 67 67 67 67 67 67 67 67 67 67 67 67 67 68 68 68 68 68 68 68 68 68 68 68 67 67 67 67 67 67 68 68 68 68 68 68 68 68 68 68 68 68 68 68 68 67 67 67 67 68 68 68 68 68 68 68 68 69 68 68 68 68 68 68 68 68 68 68 69 69 69 70 70 70 69 70 70 71 72 72 72 72 71 71 71 71 70 70 70 70 70 70 70 70 70 70 71 71 71 70 69 70 70 69 69 69 69 69 70 69 69 70 69 71 71 71 71 72 72 78 77 77 76 75 74 73 73 72 72 71 72 72 72 72 72 72 72 72 72 72 72 72 72 72 72 72 72 72 72 72 72 72 72 72 72 72 71 71 71 71 71 71 71 71 71 71 71 71 71 71 71 71 70 70 70 70 70 71 71 71 71 71 71 71 71 71 71 71 71 71 71 71 71 71 71 71 70 70 70 69 70 70 70 70 70 69 69 69 69 69 68 68 69 69 69 69 69 69 69 69 69 69 69 69 69 69 69 69 69 69 69 69 69 69 69 69 69 69 69 69 69 68 68 68 68 68 68 68 68 69 69 69 69 70 69 70 70 70 70 70 69 69 68 68 68 68 69 69 69 69 69 69 68 68 68 68 68 68 68 68 68 68 68 68 68 68 67 67 67 67 67 67 67 67 67 67 67 67 67 67 68 68 68 68 68 68 68 68 67 67 67 67 67 67 67 68 68 68 68 68 67 67 67 67 68 68 68 67 67 67 68 68 68 67 67 67 68 68 68 68 68 68 68 68 69 68 68 69 69 68 68 68 68 68 68 68 69 69 69 69 69 69 69 70 71 71 71 70 70 70 70 70 70 70 70 70 71 70 70 70 69 70 70 71 71 70 69 69 69 69 69 69 69 69 69 68 68 69 69 69 69 69 69 70 70 77 76 76 75 74 74 73 73 72 72 72 72 72 72 72 72 72 72 72 72 72 72 72 72 72 72 72 72 72 72 72 72 72 72 72 72 71 71 71 71 71 71 71 71 71 71 71 71 71 71 72 71 71 71 71 71 71 71 71 71 71 71 71 71 71 71 71 71 71 71 71 71 71 71 71 71 71 70 70 69 70 70 70 70 70 70 70 70 70 69 69 68 69 69 69 69 70 70 70 70 69 69 69 69 69 69 69 69 69 69 69 69 69 69 69 69 69 69 69 69 69 69 69 69 69 68 68 68 68 69 69 69 69 69 69 70 70 69 69 70 69 69 69 69 69 69 69 69 69 69 69 69 69 69 68 68 68 68 68 68 68 68 68 68 68 68 68 68 67 67 67 67 67 68 68 68 68 68 67 67 67 67 68 68 68 68 67 67 67 67 67 68 68 68 68 68 68 68 68 68 68 68 68 68 68 68 68 68 68 68 68 68 68 68 68 67 67 67 68 68 68 69 69 69 69 69 69 69 69 69 68 69 68 69 69 68 69 69 69 69 69 69 70 70 71 71 71 70 70 70 71 71 71 70 71 71 71 71 71 70 70 70 70 70 70 70 69 69 69 69 70 70 70 69 69 69 68 69 69 69 70 69 69 70 70 70 77 76 76 75 74 74 73 73 73 72 72 72 72 72 73 73 73 73 73 73 73 72 72 72 72 72 72 72 72 72 72 72 72 72 72 71 71 71 71 71 71 71 71 71 71 71 71 71 72 72 72 72 72 71 71 71 71 71 71 71 71 71 71 71 71 71 71 71 71 71 71 71 71 71 71 71 71 70 70 70 70 70 70 70 70 70 70 69 69 69 69 69 69 69 69 70 70 70 70 70 69 69 69 69 69 69 69 69 69 69 69 69 69 69 69 69 69 69 69 69 69 69 69 69 69 69 69 69 69 69 69 69 70 70 70 70 70 70 70 70 69 69 69 69 69 69 69 69 69 69 69 69 69 69 69 69 69 69 69 69 69 69 68 68 68 68 68 67 67 67 68 68 68 68 68 68 67 67 68 67 67 68 68 68 68 68 67 67 68 68 68 68 68 68 68 68 68 68 68 68 68 68 68 68 68 68 68 68 68 68 68 68 68 68 68 68 68 68 68 68 69 69 70 70 70 70 70 70 69 69 69 69 70 69 69 69 69 69 69 69 69 70 71 71 72 71 71 71 71 71 72 71 71 71 71 72 71 71 71 71 70 71 70 70 70 70 71 70 70 70 70 70 70 69 69 69 69 70 69 70 69 70 70 70 70 76 76 75 75 74 74 73 73 73 72 72 72 73 73 73 73 73 73 73 73 73 73 73 73 73 72 72 72 72 72 72 72 72 72 72 72 71 71 71 71 71 71 71 71 71 71 71 71 71 71 71 72 72 72 72 71 72 72 71 71 71 71 71 71 71 71 71 71 71 71 71 71 71 71 71 71 71 71 70 70 70 70 70 70 70 70 70 70 70 70 70 69 69 70 70 70 70 70 70 70 69 69 69 69 69 70 70 70 70 70 70 70 69 69 69 69 69 69 69 69 69 69 69 69 69 69 69 69 70 70 70 70 69 70 70 70 70 70 70 70 69 69 69 69 70 70 69 69 69 69 69 69 69 69 69 69 69 69 69 69 69 69 69 68 68 68 68 67 67 68 68 68 68 68 68 68 68 67 68 68 68 68 68 68 68 68 68 68 68 68 68 68 68 68 68 68 68 68 68 68 68 68 68 68 68 68 68 68 68 68 68 68 68 68 68 68 68 68 68 69 69 70 70 70 70 70 70 70 70 71 70 70 70 70 70 70 69 70 70 69 70 70 71 71 72 72 72 72 71 72 72 71 71 71 72 71 71 71 71 70 70 70 70 70 70 71 72 72 71 70 70 70 69 69 69 69 69 70 69 69 69 70 70 70 75 75 74 74 73 73 72 72 72 73 73 73 73 73 73 73 73 73 73 73 73 73 73 73 73 72 72 72 72 72 72 72 72 72 72 72 71 71 71 71 71 71 71 71 71 71 71 71 71 72 72 72 72 72 72 72 72 72 72 71 72 72 72 72 72 72 72 71 71 71 71 71 71 71 71 71 70 70 70 70 70 71 71 71 71 71 71 70 70 70 70 70 70 70 70 70 70 70 70 69 69 70 70 70 70 70 70 70 70 70 70 70 70 70 70 70 69 69 69 69 69 69 69 69 69 69 70 70 70 70 70 70 70 70 70 70 70 70 70 70 69 69 70 70 70 69 69 69 69 69 69 69 69 69 69 69 69 69 69 69 69 69 69 68 68 68 68 68 68 69 69 69 68 68 68 68 68 68 68 68 68 68 68 68 68 68 68 69 69 68 68 68 68 68 68 68 68 68 68 68 68 68 68 68 68 68 68 68 68 68 68 69 68 68 69 69 69 69 69 70 70 70 70 70 70 70 70 71 71 71 70 71 70 70 70 70 70 71 70 71 72 71 71 72 72 72 72 72 72 72 71 72 72 72 71 71 71 71 71 71 71 70 71 71 71 72 71 71 71 70 69 69 69 69 69 69 70 70 70 70 70 74 74 74 74 73 73 72 72 72 73 73 73 73 73 73 73 73 73 73 73 73 73 73 73 73 73 73 73 72 72 72 72 72 72 72 72 72 72 72 72 72 72 71 71 71 72 71 71 71 71 72 73 72 72 72 72 72 72 72 72 72 72 72 72 72 72 72 72 72 72 72 72 72 71 71 71 71 70 70 70 70 70 71 71 71 71 71 71 71 71 70 70 70 70 70 70 70 70 70 70 70 70 70 70 70 70 70 70 70 70 70 70 70 70 70 70 70 70 70 69 69 69 69 69 69 70 70 70 70 71 71 71 70 70 70 70 71 71 70 70 70 70 70 70 70 70 70 70 69 69 69 70 70 70 69 69 69 69 69 69 69 69 69 69 69 68 68 68 68 68 69 69 69 69 69 68 68 69 68 69 68 68 68 68 68 68 69 69 69 69 69 69 68 68 68 68 68 68 68 68 68 68 68 68 68 68 68 69 69 68 68 69 69 69 68 68 69 69 69 70 71 70 70 70 71 71 71 71 71 71 71 72 72 71 70 71 71 71 72 72 72 72 72 71 72 72 72 72 72 72 72 72 72 72 72 71 71 71 71 72 71 71 71 71 72 72 71 71 71 70 70 70 70 70 70 70 69 70 70 70 71 71 74 73 73 74 74 74 73 73 73 73 73 74 74 73 73 73 73 73 73 73 73 73 73 73 73 73 73 73 72 72 72 72 72 72 72 72 72 72 72 72 72 72 72 72 72 72 71 71 72 73 73 72 72 72 72 72 72 72 72 72 72 72 72 72 72 72 72 72 72 72 72 72 71 71 72 71 71 71 71 71 71 71 71 71 71 71 70 70 70 70 70 70 71 71 70 70 70 70 70 70 70 70 70 70 70 70 70 70 70 70 70 70 70 70 70 70 70 70 70 70 69 69 69 70 70 70 70 71 71 71 71 71 71 71 71 71 70 70 70 70 70 70 70 70 70 70 70 69 70 70 70 70 70 70 70 70 69 69 70 70 70 69 69 69 68 68 69 69 69 69 69 69 69 69 69 69 69 69 69 68 68 69 69 69 69 69 69 69 69 69 69 69 69 69 69 69 69 68 68 69 69 68 68 69 69 69 69 69 69 69 69 69 69 69 69 70 70 70 71 70 70 70 71 71 71 71 72 72 72 71 71 72 72 72 72 72 72 72 72 72 72 71 72 72 71 72 72 72 72 73 73 72 72 71 71 71 71 72 72 71 71 72 72 71 71 71 70 70 70 70 70 70 70 71 70 69 70 70 70 71 75 74 74 73 73 73 73 73 73 74 74 74 74 74 73 74 73 73 73 73 73 73 73 73 73 73 73 73 73 73 73 72 72 73 72 72 72 72 72 72 72 72 72 72 72 72 72 72 72 72 72 72 71 72 72 72 72 73 72 72 72 72 72 72 72 72 72 72 72 72 72 72 72 71 71 71 71 71 71 71 71 71 71 71 71 71 71 71 71 71 71 71 71 71 71 70 70 70 70 70 70 70 70 70 70 70 70 70 70 70 70 70 70 70 70 70 70 70 70 70 70 70 70 70 70 70 71 71 71 71 71 71 71 71 71 71 71 71 70 70 70 70 70 70 70 70 70 70 70 70 70 70 70 70 70 70 69 70 70 69 70 69 69 69 69 68 69 69 69 69 69 69 69 69 69 69 69 69 69 69 69 69 69 69 69 69 69 69 69 69 69 69 69 69 69 69 69 69 68 69 69 69 69 69 69 69 69 69 69 69 69 70 69 70 70 70 70 71 71 71 70 70 70 70 70 71 71 72 72 72 71 71 72 72 72 72 72 72 71 72 72 71 72 72 71 71 72 72 72 73 73 72 72 72 71 72 72 72 72 72 72 72 72 72 71 71 71 70 70 70 70 70 71 71 70 70 70 70 70 71 74 73 73 73 73 74 74 74 74 74 74 74 74 74 73 74 74 73 73 73 73 73 73 73 73 73 73 73 73 73 73 73 73 73 72 72 72 72 72 72 72 72 72 72 72 72 72 72 72 72 71 72 72 73 73 73 73 73 72 72 72 72 72 72 72 72 72 72 72 72 72 72 72 71 71 71 71 71 71 71 71 71 71 71 71 71 72 72 71 71 71 71 71 71 70 70 70 70 71 71 70 70 71 71 71 71 71 71 71 70 70 70 70 70 70 70 70 70 70 70 70 70 70 71 71 71 71 71 71 71 71 71 71 71 71 71 71 71 70 70 70 70 70 70 70 70 70 70 70 70 70 70 70 70 69 69 69 69 69 69 69 69 69 69 69 69 69 69 69 69 69 69 69 69 69 69 69 69 69 69 69 69 69 69 69 69 69 69 69 69 69 69 69 69 69 69 69 69 69 69 69 69 69 69 69 69 70 69 69 70 70 70 70 70 70 70 71 70 70 70 70 70 70 70 71 72 72 71 71 71 72 72 72 71 72 72 72 71 72 72 72 72 71 71 72 72 72 73 73 73 72 72 72 72 72 73 73 72 73 73 73 72 72 71 70 70 70 70 71 71 71 71 71 71 70 70 70 74 74 74 74 74 74 74 74 74 74 74 74 74 74 74 74 74 74 74 74 74 74 74 74 73 73 73 73 73 73 73 73 73 73 73 73 73 73 73 73 73 73 73 73 73 72 72 72 72 72 72 72 72 73 73 73 73 73 72 72 72 72 72 72 72 72 72 71 72 72 72 72 72 71 71 71 71 71 71 71 71 71 71 71 71 71 71 72 72 71 71 71 71 71 71 71 70 71 71 71 71 71 71 71 71 71 71 71 71 71 71 71 71 71 71 71 71 70 70 70 70 70 70 71 71 71 71 71 71 71 71 71 71 71 71 71 70 71 71 71 71 71 70 70 70 70 70 70 70 70 70 70 70 70 70 70 70 70 70 69 70 69 69 69 69 69 69 69 69 70 70 69 69 70 70 69 69 69 69 69 69 69 70 70 69 69 69 69 69 69 69 69 69 69 69 69 69 69 69 69 70 69 69 69 69 70 70 70 69 70 70 70 70 70 70 70 70 70 70 71 71 71 71 72 72 72 72 72 72 71 71 72 72 72 72 72 72 72 72 72 72 71 72 72 72 72 72 73 72 72 73 72 73 73 73 73 73 73 74 73 73 72 72 71 71 71 71 71 71 71 71 71 71 70 70 70 70 74 74 74 74 74 74 74 74 74 74 74 74 74 74 74 74 74 74 74 74 74 74 74 74 74 74 74 74 73 73 73 73 73 73 73 73 73 73 73 73 73 73 73 73 73 73 73 73 72 72 72 72 72 72 73 73 73 73 73 73 73 72 72 72 72 72 72 71 72 72 72 72 73 71 71 71 71 71 71 71 71 71 71 71 71 71 72 72 72 72 72 71 71 70 71 70 71 71 71 71 71 71 71 71 71 71 71 71 71 71 71 71 71 71 71 71 71 71 71 71 71 71 70 71 71 71 71 71 71 71 71 71 71 71 71 71 71 71 71 71 71 71 70 70 70 70 70 71 71 71 70 70 70 70 71 70 70 70 71 70 70 70 69 69 69 69 69 69 69 70 70 70 70 70 70 70 70 69 70 70 70 70 70 70 70 70 70 69 69 70 69 69 69 70 70 69 69 69 69 70 70 70 70 70 70 70 70 70 70 70 70 70 70 70 70 70 70 70 70 71 71 71 71 71 72 72 71 72 72 72 71 72 72 72 72 72 72 72 72 72 72 72 72 73 72 72 72 72 72 73 73 73 73 73 73 73 73 73 73 73 73 72 72 72 72 71 71 71 71 71 70 70 71 70 70 70 75 74 74 74 74 74 74 74 74 74 74 74 74 74 74 74 74 74 74 74 74 74 74 74 74 74 74 74 74 74 74 74 74 73 73 73 73 73 73 73 73 73 73 73 73 73 73 73 73 73 73 73 73 72 72 72 72 73 73 73 73 73 73 73 72 73 73 73 72 72 72 72 73 73 72 72 72 72 72 72 71 71 71 71 71 71 71 72 72 72 72 72 71 71 71 71 71 71 71 71 71 71 71 71 71 71 71 71 71 71 71 71 71 71 71 71 71 71 71 71 71 71 71 71 71 71 71 71 71 71 71 71 71 71 71 71 71 71 71 71 71 71 71 71 71 70 71 71 71 71 71 71 71 71 70 70 70 70 71 71 71 71 70 70 70 69 69 69 70 70 70 70 70 70 70 70 70 70 70 70 70 70 70 70 70 70 70 70 70 70 70 70 69 70 70 70 70 70 70 69 69 70 70 70 70 70 70 70 70 70 70 70 70 70 70 70 70 70 70 70 70 70 70 70 71 71 72 71 71 71 71 72 72 71 71 71 72 72 72 72 72 73 73 72 72 72 73 73 72 72 73 73 74 73 73 73 73 73 72 73 73 73 73 72 73 72 72 71 71 70 70 70 71 71 71 71 71 71 75 75 74 74 74 74 74 74 74 74 74 74 75 74 74 74 74 74 74 74 74 74 74 74 74 74 74 74 74 74 74 74 74 74 73 73 73 73 73 73 73 73 73 73 73 73 73 73 73 73 73 73 73 73 72 72 73 73 73 73 73 73 73 73 73 73 73 73 72 72 72 72 72 72 72 72 72 72 72 72 71 71 71 71 71 71 72 72 72 72 71 72 72 72 72 72 71 71 71 71 71 71 71 71 71 71 71 71 71 71 71 71 71 71 71 71 71 71 71 71 71 71 71 71 72 72 72 72 71 71 71 71 71 71 71 71 71 71 71 71 71 71 71 71 71 71 71 71 71 71 71 71 71 71 71 71 71 70 71 71 71 70 70 70 69 70 70 70 70 70 70 70 70 70 70 70 70 70 70 70 70 70 70 70 70 70 70 70 70 70 70 70 70 70 70 70 70 70 70 70 70 70 70 70 70 70 70 70 70 70 70 70 70 70 70 70 70 70 70 71 70 70 71 71 71 71 71 71 71 71 71 71 71 72 72 73 73 72 72 73 73 73 73 72 72 73 73 73 72 73 73 74 74 73 73 73 73 72 72 72 72 72 72 72 72 73 72 71 70 71 71 72 72 72 76 75 75 75 74 75 74 74 74 74 74 75 75 75 75 75 75 74 74 74 74 74 74 74 74 74 74 74 74 74 74 74 74 74 74 74 74 74 73 74 74 74 73 73 73 73 73 73 73 73 73 73 73 73 73 73 73 73 73 73 73 73 73 73 73 73 73 73 72 72 72 72 73 72 72 72 72 72 72 72 72 71 71 71 71 72 72 72 72 72 72 72 73 72 72 71 71 71 71 71 71 71 71 71 71 72 72 72 71 71 72 72 72 72 72 72 71 71 71 71 71 71 71 72 72 72 72 72 72 72 72 72 71 71 71 71 71 71 71 71 71 71 71 71 71 71 71 71 71 71 71 71 71 71 71 71 71 71 71 71 70 71 70 70 70 70 70 71 71 70 70 70 70 70 70 70 70 70 70 70 70 70 70 71 71 71 70 70 70 71 70 71 70 70 70 70 70 70 70 70 70 70 70 70 70 70 70 70 70 70 70 70 70 70 70 70 70 70 70 70 70 70 71 71 71 70 70 70 71 72 72 72 72 72 73 73 73 72 73 73 73 73 73 72 72 73 73 73 73 73 74 74 73 73 74 73 73 73 73 73 72 72 72 72 72 72 71 71 71 71 72 76 75 75 75 74 74 74 74 75 75 75 75 75 75 75 75 75 75 74 74 75 75 74 74 74 74 74 74 74 74 74 74 74 74 74 74 74 74 74 74 74 73 74 73 73 73 73 73 73 73 73 73 73 73 73 73 73 73 73 73 73 73 73 73 73 73 73 72 72 72 73 72 72 72 72 72 72 72 72 72 72 72 72 72 72 72 72 72 73 73 73 73 72 72 72 72 72 72 72 72 72 71 72 72 72 72 72 72 72 72 72 72 72 72 72 72 72 71 71 71 71 72 72 72 72 72 72 72 72 72 72 72 72 72 72 72 72 72 72 72 71 71 71 71 71 71 71 71 71 71 71 71 71 71 71 71 71 71 71 71 71 70 70 70 70 71 71 70 70 70 70 71 71 71 71 71 71 71 71 71 71 71 71 71 71 71 71 71 71 71 71 70 70 70 70 70 70 70 70 70 70 70 70 71 71 71 70 70 70 70 70 70 70 70 70 70 70 70 70 70 71 71 71 70 71 71 72 72 73 73 73 72 73 74 74 73 73 73 73 73 73 73 72 72 73 74 74 74 74 74 74 74 74 74 73 73 73 73 73 73 73 72 72 72 72 72 72 73 76 76 76 75 75 75 75 74 74 75 75 75 75 75 75 75 75 75 75 75 75 75 75 75 75 75 75 74 74 74 74 74 74 74 74 74 74 74 74 74 74 74 74 74 74 73 73 74 74 74 73 73 74 74 73 73 73 73 73 73 73 73 73 73 73 73 73 73 73 73 73 72 72 72 72 72 72 72 72 72 72 72 72 73 72 73 72 73 73 73 73 73 73 72 72 72 72 72 72 72 71 71 71 72 72 72 72 72 72 72 72 72 72 72 72 72 72 72 72 72 72 72 72 72 72 72 72 72 72 72 72 72 72 72 72 72 72 72 72 72 72 72 72 71 71 72 72 71 71 71 71 71 72 71 71 72 72 72 72 71 71 71 71 71 71 71 71 71 70 71 70 71 71 71 71 71 71 71 71 71 71 71 71 71 71 71 71 72 72 71 71 70 70 70 70 70 70 70 71 70 71 71 71 71 71 71 70 70 70 70 71 70 71 71 71 71 71 71 71 70 70 71 71 71 72 72 72 72 73 73 73 73 73 74 73 73 74 73 73 74 74 73 73 73 73 74 74 74 74 73 74 74 74 73 73 72 72 73 73 72 72 72 72 73 73 77 76 76 76 76 76 75 75 75 75 75 75 75 75 75 75 75 75 75 75 75 75 75 75 75 75 75 75 75 74 74 74 74 74 74 74 74 74 74 74 74 74 74 74 74 74 74 74 74 74 74 74 74 74 74 74 73 74 74 73 73 73 73 73 73 73 73 73 73 73 73 72 72 72 72 72 72 72 72 72 72 72 72 73 73 73 73 73 74 73 73 73 72 72 72 72 72 72 73 72 72 72 72 72 72 72 72 72 72 72 72 72 72 72 72 72 72 72 72 72 72 73 73 72 72 72 72 72 72 72 72 72 72 72 72 72 72 72 72 72 72 72 72 72 72 72 72 72 71 71 71 71 71 72 72 72 72 72 72 72 71 71 71 71 71 71 71 71 71 71 71 71 71 71 71 71 71 71 71 71 71 71 71 71 71 71 72 72 72 71 71 71 71 71 70 71 70 71 71 71 71 71 71 71 71 70 70 71 71 71 72 71 71 71 71 71 71 71 71 71 71 70 71 72 72 72 72 72 72 73 73 74 74 74 74 73 74 74 74 74 74 74 73 74 73 74 74 74 73 73 73 73 72 72 72 72 72 72 72 72 73 73 77 76 75 75 75 76 75 75 75 75 75 75 75 75 75 75 75 75 75 75 75 75 75 75 75 75 75 75 75 75 75 75 75 75 75 75 75 74 74 74 74 74 74 74 74 74 74 74 74 74 74 74 74 74 74 74 74 74 74 74 73 74 73 73 73 73 74 74 74 74 73 73 73 73 73 72 72 72 72 72 72 73 73 73 73 73 73 74 74 73 73 72 73 72 73 74 73 72 73 73 73 72 72 72 72 72 72 72 72 72 72 72 72 72 72 72 72 72 72 72 72 73 73 72 72 73 73 73 73 73 73 73 73 73 73 73 72 72 72 72 72 72 72 72 72 72 72 72 72 71 71 72 72 72 72 72 72 72 72 72 72 71 71 71 71 71 71 71 71 71 71 71 71 71 71 71 71 71 71 71 71 71 71 71 71 72 72 72 71 71 71 71 71 71 71 71 71 71 71 72 72 71 71 71 71 71 71 71 72 71 72 72 71 72 71 72 72 71 71 72 71 71 71 71 71 72 72 72 73 73 73 74 74 74 74 74 74 74 74 74 74 74 73 73 73 74 74 73 73 73 73 73 73 72 72 73 72 72 73 73 73 76 76 76 75 75 76 76 76 75 75 75 75 75 75 75 75 76 75 75 75 75 75 76 75 75 75 75 75 75 75 75 75 75 75 75 75 75 75 75 75 75 75 74 74 74 74 74 74 74 74 74 74 74 74 74 74 74 74 74 74 74 74 74 74 74 74 74 74 74 74 74 73 73 73 73 73 73 73 73 73 73 73 73 72 72 72 73 74 74 73 73 73 73 73 74 74 73 73 73 73 72 72 72 72 72 72 72 72 72 72 72 72 72 72 72 72 72 72 72 72 72 73 73 73 73 73 73 73 73 73 73 73 73 73 73 73 73 73 73 72 72 72 72 72 72 72 72 72 72 72 71 71 72 72 72 73 73 72 72 72 72 72 72 72 71 71 71 71 71 72 71 72 71 71 71 71 72 72 72 71 71 72 72 71 71 72 72 72 71 71 71 71 71 71 71 71 72 72 71 71 71 71 71 71 71 71 72 72 72 72 72 73 72 72 72 72 72 72 72 72 72 72 71 72 72 72 72 72 73 73 74 74 74 74 74 74 74 74 74 74 73 73 73 73 73 73 73 73 73 73 73 72 73 73 73 73 73 73 73 76 76 76 76 76 76 76 75 75 76 76 76 75 75 75 75 75 76 76 76 76 76 76 76 75 75 75 75 75 75 75 75 75 75 75 75 75 75 75 75 75 75 75 75 74 74 74 74 74 74 74 75 75 75 75 74 74 74 74 74 74 74 74 74 74 74 74 74 74 74 74 73 73 73 73 73 73 73 73 73 73 73 73 73 73 74 74 74 75 74 73 73 73 73 74 74 73 73 73 73 73 72 72 72 72 72 72 72 72 72 72 72 72 72 72 72 73 72 72 72 72 73 73 73 73 73 73 73 73 73 73 73 73 73 73 73 73 73 73 73 72 72 73 73 73 73 72 72 73 72 72 72 71 72 72 72 73 72 72 72 72 72 72 72 72 71 71 71 72 71 71 71 71 71 72 72 72 72 72 72 72 72 72 72 72 72 72 72 72 71 71 71 71 72 72 72 72 71 71 71 71 71 71 71 72 72 73 73 73 73 73 73 73 73 73 73 73 72 72 72 72 72 73 72 72 73 73 74 74 74 74 73 74 74 74 74 73 74 73 73 73 73 73 73 74 73 73 73 73 73 74 77 77 77 76 76 77 77 76 76 77 77 76 76 76 75 76 75 76 76 76 76 76 76 76 76 75 75 75 75 75 76 76 76 76 75 75 75 75 75 75 75 75 75 75 75 75 75 74 75 75 75 75 75 75 75 75 75 74 74 74 74 74 74 74 74 74 74 74 74 74 74 74 74 73 73 73 73 73 73 73 73 73 73 73 74 74 75 75 75 74 73 73 73 73 74 74 73 73 74 74 73 73 72 72 72 73 73 72 72 72 72 73 73 73 73 73 73 73 72 72 72 73 73 73 73 73 73 73 73 73 73 73 73 73 73 73 73 73 73 73 72 73 73 73 73 73 73 73 73 73 72 72 72 72 72 72 73 72 72 72 72 72 72 72 72 72 71 71 71 71 71 72 72 72 72 72 72 72 72 72 72 72 72 72 72 72 72 72 72 72 71 71 71 72 72 72 72 71 71 71 71 72 72 72 72 73 73 73 73 74 74 73 73 73 72 72 72 72 72 72 73 73 72 72 73 73 73 74 74 74 74 74 74 74 74 74 74 73 73 78 78 77 77 77 77 76 76 76 76 76 76 76 76 76 76 76 76 76 75 75 76 76 76 76 76 76 76 76 75 75 75 75 75 75 75 75 75 75 75 75 75 75 75 75 75 75 75 75 75 75 75 75 75 75 75 75 75 75 75 75 75 75 74 74 74 74 74 74 73 73 73 73 73 73 73 73 74 74 75 76 75 74 75 75 74 74 74 73 74 74 75 74 73 73 73 73 73 73 72 72 72 72 73 73 73 73 73 73 73 73 73 73 73 73 73 73 73 73 73 73 73 73 73 73 73 73 73 73 73 73 73 73 73 73 73 73 73 73 73 73 73 72 72 72 72 72 72 73 73 73 73 72 73 73 73 73 72 72 72 72 71 71 72 72 72 72 72 72 72 72 72 72 72 72 72 72 73 72 72 72 72 72 72 72 72 71 71 72 71 72 73 72 73 73 74 74 73 73 73 73 73 72 72 72 72 72 73 73 73 73 74 74 74 74 74 77 76 76 76 76 76 76 76 76 76 76 76 76 75 75 75 76 76 76 76 76 76 76 76 76 75 75 75 75 75 75 75 75 75 75 75 75 75 75 75 75 75 75 75 75 75 75 75 75 75 75 75 75 75 75 75 75 74 74 74 74 74 74 73 73 73 73 73 74 74 74 74 75 75 76 76 76 76 76 75 75 74 74 75 75 75 75 74 74 73 74 73 73 73 73 72 73 73 73 73 73 73 73 73 73 73 73 74 74 73 73 73 73 73 73 73 73 73 73 73 73 73 73 73 73 73 73 73 73 73 73 73 73 73 73 74 73 73 72 72 72 72 73 73 73 73 73 73 73 73 73 72 72 71 71 71 72 72 72 73 73 73 73 72 72 72 72 72 72 72 72 73 73 73 72 72 71 71 71 71 71 72 72 73 74 72 73 74 74 73 74 74 73 73 73 73 72 72 73 73 77 77 77 76 76 76 76 77 77 77 77 76 76 75 75 76 76 76 76 76 76 76 76 76 76 75 75 75 75 75 75 75 75 75 75 75 75 75 75 75 75 75 75 75 75 75 75 75 75 75 75 75 75 75 75 74 74 74 74 74 74 74 74 74 74 74 74 74 75 75 75 75 76 76 76 75 75 76 76 76 75 75 75 75 75 74 74 74 73 73 73 73 73 73 73 73 73 73 73 73 73 73 73 73 73 74 74 74 73 73 73 73 74 73 73 73 73 73 73 73 73 73 73 73 73 73 74 74 73 73 73 73 73 73 73 73 73 72 72 72 73 73 73 73 73 73 73 73 73 72 72 72 72 72 72 73 73 73 73 73 73 73 73 72 72 72 72 72 73 73 73 73 72 72 72 73 73 73 73 74 74 73 73 77 77 76 77 77 77 77 77 77 76 75 75 75 76 76 76 76 76 76 76 76 75 75 75 75 75 75 75 75 75 75 75 75 75 75 75 75 75 75 75 75 75 75 75 75 75 75 75 75 75 75 75 74 74 74 74 74 74 74 74 74 74 74 75 74 74 74 75 75 76 76 75 74 75 75 76 76 76 75 74 74 74 74 74 74 73 73 73 73 73 73 73 73 73 73 73 73 73 73 73 73 73 74 74 74 74 74 74 74 74 74 74 73 73 73 73 74 74 74 74 73 73 73 74 73 73 73 73 73 73 73 74 73 73 72 72 72 72 73 73 73 73 73 73 73 73 73 72 72 72 72 72 73 73 73 73 73 73 73 73 73 73 73 73 73 73 73 72 72 78 77 77 77 77 77 77 77 77 76 76 75 75 75 75 76 76 76 76 76 76 76 76 75 76 76 76 75 75 75 75 75 75 75 75 75 75 75 75 75 76 76 76 76 75 75 75 75 75 75 75 75 74 74 74 74 74 74 74 74 74 74 74 75 76 75 75 75 75 77 76 76 75 74 75 75 76 76 76 75 74 74 74 74 74 74 74 74 74 74 74 73 73 73 73 73 73 73 73 73 73 73 74 74 74 74 74 74 74 74 74 74 74 74 74 74 74 74 74 74 74 74 74 73 73 73 73 73 74 74 74 74 74 74 73 72 72 73 73 73 74 74 73 73 73 73 73 73 72 72 72 72 73 73 73 73 73 73 73 73 73 73 73 73 73 73 73 77 77 78 77 77 77 77 77 76 76 76 76 76 76 76 76 76 76 76 76 76 76 76 76 76 76 76 76 75 76 76 76 76 76 76 76 76 76 76 76 76 76 76 75 75 75 75 75 75 74 74 74 74 74 74 75 75 74 75 74 75 76 76 76 76 77 77 77 76 76 75 75 75 75 76 76 75 74 75 75 75 74 74 74 74 74 74 74 74 74 74 74 74 74 74 74 74 73 73 74 74 75 74 74 74 74 74 74 74 74 74 74 74 74 74 74 74 74 74 74 74 74 73 73 74 74 74 74 74 73 73 73 73 73 73 73 74 74 73 73 73 73 72 72 72 72 72 73 73 73 73 73 73 73 73 73 73 73 73 73 73 78 78 78 77 77 77 77 76 76 75 76 76 76 76 76 76 76 76 76 76 76 76 76 75 76 76 76 76 76 76 76 76 76 76 76 76 76 76 76 76 75 75 76 75 76 75 75 76 75 75 76 76 75 76 76 76 75 76 77 77 77 77 77 76 76 76 76 76 75 75 76 76 76 75 74 75 75 74 74 74 74 74 74 73 74 74 73 73 74 74 74 74 74 74 73 74 74 74 75 75 75 74 75 75 75 74 74 74 74 75 74 75 74 74 75 75 75 74 75 75 74 74 73 73 73 74 73 73 74 73 73 73 73 73 73 73 72 72 73 73 73 73 73 73 73 73 73 73 73 73 74 79 79 78 78 77 77 76 76 75 76 77 76 75 76 76 77 77 77 76 76 76 76 76 76 76 76 76 76 76 76 76 76 76 76 76 76 76 76 76 75 75 76 76 77 76 77 77 77 77 78 77 76 77 77 77 77 77 77 77 77 77 77 77 76 75 75 76 75 75 76 75 75 75 74 74 74 74 74 74 74 74 74 74 74 74 74 74 74 74 74 74 74 74 74 74 75 75 75 75 75 75 75 75 75 74 74 75 75 74 74 75 75 74 74 75 75 75 75 74 73 73 74 74 74 74 74 74 74 74 74 74 74 73 73 73 73 73 73 74 74 74 74 74 74 74 74 80 79 79 78 78 77 76 76 76 77 76 75 76 77 77 77 77 76 76 76 76 76 76 77 77 77 77 77 77 77 77 76 76 76 76 76 76 76 76 76 76 77 77 77 77 78 78 79 79 78 77 78 78 77 77 77 77 77 76 77 77 77 77 77 76 76 75 75 75 75 75 75 75 74 74 74 74 75 74 74 75 74 74 74 74 74 74 74 74 74 74 74 74 74 75 75 75 75 75 75 75 75 75 74 75 75 75 75 75 75 75 75 75 75 75 75 74 74 74 74 74 74 73 73 74 73 73 73 73 74 74 74 74 74 79 78 78 78 78 78 78 78 77 76 77 78 78 77 76 76 77 77 76 77 77 77 77 77 77 77 77 77 77 77 77 77 76 76 76 76 76 76 76 76 77 76 76 77 78 78 79 79 78 79 79 78 78 77 77 76 76 77 77 77 77 77 77 76 76 76 76 76 76 75 75 76 75 75 75 76 75 75 76 75 75 74 74 74 74 74 74 74 73 73 74 74 75 75 75 75 75 76 76 75 75 75 75 75 75 75 75 76 76 76 76 75 74 73 74 74 74 74 74 79 79 79 79 78 78 78 78 78 78 78 77 77 77 77 77 77 76 77 77 77 77 77 77 77 77 77 77 77 77 77 76 76 76 76 77 77 77 78 78 77 77 78 78 79 80 80 80 80 80 79 79 78 77 77 77 77 77 77 77 77 76 76 76 76 76 76 76 76 76 77 76 76 76 77 77 77 76 75 75 74 74 74 74 74 74 74 74 73 73 74 75 75 75 75 76 76 76 76 75 75 75 75 75 75 75 77 77 74 74 80 81 81 81 80 79 78 78 78 78 77 77 77 77 77 77 77 77 77 77 77 77 77 77 77 77 77 77 77 77 77 76 76 77 76 76 77 77 78 79 78 77 77 78 79 79 79 79 79 79 78 78 78 78 78 78 77 77 77 77 77 77 77 76 77 77 77 77 77 77 77 77 77 76 77 78 77 76 76 76 75 75 75 75 75 74 74 74 74 74 74 75 75 75 76 76 76 76 76 75 75 75 75 76 76 82 82 81 80 79 78 78 78 78 77 77 77 77 77 77 78 78 77 77 77 78 78 78 78 77 77 77 77 77 77 77 77 78 78 77 78 78 79 79 78 78 79 80 80 79 78 78 78 78 77 77 78 78 78 78 77 77 77 77 77 77 77 77 77 77 77 77 78 78 79 78 78 78 79 78 78 77 77 76 76 75 75 75 75 75 75 74 74 75 75 75 75 76 76 75 76 76 76 75 76 76 82 81 80 79 78 78 77 78 78 78 78 77 77 77 78 78 78 78 78 78 78 78 78 77 77 77 77 77 77 77 78 78 78 78 79 79 79 79 80 80 81 80 80 79 79 78 78 77 77 77 77 77 77 77 77 77 77 77 77 78 77 77 78 78 78 78 78 78 79 80 80 80 80 78 77 77 77 76 76 76 76 76 75 75 75 74 74 75 75 75 76 76 75 76 76 76 76 76 76 81 80 80 78 78 78 78 78 78 78 78 78 77 78 78 78 78 78 78 78 78 78 77 77 77 77 77 77 77 78 78 78 78 79 79 80 80 79 79 79 80 81 80 80 80 79 79 79 79 78 78 78 78 78 78 78 78 78 77 78 78 78 78 79 80 79 78 79 81 79 78 77 76 76 75 75 76 76 76 76 75 75 74 75 76 76 75 75 76 76 76 76 77 80 79 79 78 78 78 78 78 78 78 77 78 78 78 78 78 78 78 78 78 78 78 77 77 77 78 78 77 77 77 77 77 79 80 80 80 80 78 78 79 79 80 81 81 81 81 81 80 80 80 79 79 79 79 78 78 78 78 78 78 79 79 79 79 80 81 80 81 76 76 75 75 76 76 76 76 75 75 75 75 76 76 76 76 76 76 76 76 78 78 78 78 78 78 77 78 78 78 78 78 78 78 78 78 78 78 78 78 78 78 78 78 78 78 78 78 78 78 77 78 78 79 79 79 78 78 78 78 79 79 79 79 80 80 80 80 80 80 81 81 80 78 79 79 79 79 79 79 80 80 81 82 76 76 76 76 76 76 76 76 76 75 75 75 75 76 76 76 76 76 76 76 78 78 78 78 78 78 78 78 79 79 78 78 78 78 78 78 78 78 78 78 78 78 78 78 79 79 79 79 79 79 78 78 78 78 78 79 78 78 78 78 78 78 78 78 78 78 78 78 78 79 79 80 79 79 80 80 80 80 80 80 80 81 82 76 76 76 76 76 76 76 76 76 75 75 75 75 75 76 76 76 76 76 78 78 78 78 78 78 78 78 78 78 79 78 78 78 78 78 78 78 78 78 78 78 79 80 80 80 79 79 79 79 79 79 78 78 78 78 78 78 78 78 78 78 78 78 79 79 79 79 79 79 80 79 80 80 80 81 80 81 81 82 82 76 76 76 77 76 75 75 75 74 75 75 75 75 75 75 76 75 78 78 78 78 78 78 78 78 78 78 78 79 79 79 79 79 79 78 78 78 78 78 78 79 79 79 80 80 80 80 80 79 79 79 79 79 79 79 78 79 79 79 78 79 79 80 80 80 80 80 81 80 81 82 81 82 82 82 83 76 77 77 77 76 76 76 76 77 76 76 75 75 75 75 75 78 79 79 80 79 79 79 79 79 79 79 80 80 80 79 80 80 79 79 79 79 78 79 79 80 81 81 81 80 80 79 80 79 79 79 79 80 79 79 79 80 80 79 80 81 81 81 82 81 82 82 82 83 83 83 84 83 76 76 77 77 76 76 76 77 77 77 76 75 75 75 76 80 80 80 80 80 81 80 80 80 80 81 81 81 81 81 81 81 81 81 80 80 80 80 81 81 82 81 80 80 80 81 80 80 79 79 79 79 80 80 81 81 80 81 82 83 82 84 84 83 83 84 84 84 76 76 76 76 76 76 77 77 76 76 75 75 75 81 81 81 81 81 81 81 81 82 82 82 82 82 82 82 82 82 82 82 82 82 82 81 82 82 82 82 81 81 80 81 81 81 80 80 79 79 80 81 82 82 83 83 84 83 84 85 76 76 76 76 76 77 77 77 76 76 76 82 82 82 82 82 82 82 82 81 82 82 82 82 82 82 82 82 82 83 82 82 82 82 82 82 82 83 82 81 81 82 82 81 80 79 79 79 80 81 81 82 84 85 85 76 76 77 77 77 77 77 77 76 76 76 83 83 83 84 83 83 83 82 82 82 82 83 83 83 82 82 82 82 82 82 82 82 82 82 82 83 83 82 82 81 82 83 82 81 80 80 80 81 81 81 82 84 77 77 77 77 78 78 78 77 77 77 76 75 84 85 85 84 84 83 83 82 82 82 83 83 83 83 83 83 83 82 82 82 83 83 83 83 83 83 83 83 82 82 82 82 82 82 82 82 82 82 82 83 84 77 77 77 76 78 78 78 78 77 77 77 76 86 86 84 84 83 83 83 83 83 83 83 83 83 83 83 83 83 83 83 83 83 83 83 83 84 84 84 84 83 83 83 83 84 85 84 85 84 84 84 84 76 77 76 76 78 78 78 78 86 85 85 83 82 82 83 83 83 83 83 83 83 83 83 83 83 83 83 83 83 83 84 84 85 85 85 85 85 84 84 85 85 77 77 78 78 87 87 87 85 84 83 82 83 83 84 83 83 83 84 84 84 83 83 84 84 84 84 84 84 85 86 86 86 86 85 85 85 86 87 87 86 85 84 83 83 82 83 83 83 83 83 83 83 83 84 83 84 84 84 85 85 85 85 86 87 86 85 85 84 83 83 83 83 83 83 84 83 83 83 84 84 84 84 84 84 85 86 86 86 85 86 87 84 84 83 83 83 83 84 84 84 84 83 83 84 84 84 84 85 85 85 85 86 87 87 86 87 83 82 83 83 84 84 84 84 84 84 84 84 84 84 84 85 85 86 87 87 88 83 84 84 84 84 84 84 84 84 84 84 84 85 85 85 85 86 86 87 88 83 84 84 85 84 84 84 84 84 84 85 85 85 85 86 86 87 87 87 88 85 85 85 84 84 84 84 85 85 85 86 86 86 87 87 88 88 88 88 86 86 85 85 85 84 84 84 85 86 86 87 87 88 88 88 88 88 88 86 86 86 86 85 85 85 84 84 85 86 87 87 88 88 87 88 88 86 86 86 86 86 86 86 86 85 85 86 87 87 87 87 88 89 87 86 86 87 87 87 87 87 87 86 86 86 86 86 87 88 89 87 87 87 87 87 87 87 87 88 88 87 86 87 87 88 89 89 87 87 86 87 87 87 88 88 89 88 87 87 88 89 89 89 89 87 87 87 87 87 87 88 89 88 88 87 88 88 88 88 89 88 88 87 87 88 88 89 90 89 89 88 89 89 89 88 89 90 88 88 87 87 89 89 89 90 89 89 88 88 90 90 90 90 91 89 88 88 87 88 88 88 89 89 90 89 89 89 89 90 91 90 89 88 88 88 88 88 89 89 89 90 91 90 89 90 90 90 90 90 90 89 89 89 89 89 90 90 89 89 91 91 90 90 91 91 91 90 90 91 91 91 91 90 90 90 90 90 91 90 90 91 91 91 91 91 91 91 92 91 91 90 91 91 91 91 91 91 91 91 91 91 91 91 91 91 91 91 91 91 91 92 90 91 91 91 91 91 91 91 91 91 91 92 92 92 91 91 91 91 91 92 91 91 91 91 91 91 91 91 91 91 91 91 91 91 92 92 91 91 91 91 92 92 91 91 91 92 92 91 91 91 91 90 91 91 91 91 91 91 92 92 92 92 92 92 92 91 91 91 91 91 91 92 92 92 92 92 92 91 92 92 91 91 91 91 91 91 92 92 91 91 91 92 92 92 92 